2.86,1.71,-0.56,0.19,-0.55,-0.66,16.09,-48.99,2.13
3.12,1.59,1.23,0.19,-0.57,-0.56,-12.01,-49.58,12.05
1.72,2.2,1.31,0.25,-1.14,-1.17,2.02,-46.43,8.13
2.26,1.53,0.35,0.04,0.52,-0.33,3.09,-53.5,10.31
1.75,1.96,-1.1,0.04,-0.94,-0.27,-14.86,-50.49,-9.28
3.04,2.02,-0.24,0.0,-0.61,-0.76,11.08,-49.89,-6.45
2.46,1.22,0.67,0.19,-0.62,-0.65,15.78,-40.19,25.4
2.77,2.32,-1.08,0.23,-0.94,0.34,-8.32,-47.65,-20.43
2.95,2.05,0.37,0.06,-0.96,0.17,-6.45,-49.54,-18.77
2.15,1.18,-0.85,0.26,-1.14,-1.09,18.1,-40.16,-14.2
3.08,2.19,0.23,0.12,-0.36,-0.43,-0.26,-52.1,-11.07
2.39,1.07,0.73,0.04,-0.23,-0.11,15.18,-48.33,19.09
3.13,1.37,-1.16,0.04,-0.1,0.44,-7.89,-53.22,6.94
2.54,1.64,-0.79,0.23,-0.84,-1.34,19.94,-34.3,-13.11
2.53,1.46,1.4,0.02,-1.17,-0.84,8.61,-45.77,19.84
1.9,1.93,-0.67,0.22,0.42,-0.18,-2.61,-54.04,-6.32
3.04,1.14,-0.31,0.03,-1.29,-0.01,2.6,-50.99,19.71
2.65,1.88,-0.28,0.21,-0.18,-0.3,4.56,-54.01,-1.42
2.78,2.28,-1.56,0.16,-1.38,0.16,-4.26,-46.93,-23.34
1.7,1.48,0.17,0.09,-0.47,-0.6,19.59,-48.64,-0.85
2.9,1.66,-1.14,0.25,-1.19,-0.48,12.09,-50.37,-9.43
2.33,2.01,0.52,0.25,-0.27,-0.61,-2.29,-51.74,6.66
3.09,1.74,-0.3,0.2,-1.3,-1.16,21.5,-40.46,-1.62
2.74,1.58,-1.11,0.21,-1.5,-1.02,7.09,-43.73,-17.78
2.43,1.48,-1.52,0.18,-1.0,-1.21,3.0,-39.84,-19.92
1.69,1.88,-1.44,0.08,-1.03,-0.28,-14.59,-50.8,-8.17
2.23,1.67,-1.33,0.08,-0.88,-0.87,0.08,-45.41,-19.38
2.51,1.73,-0.28,0.1,-0.96,-0.98,17.07,-45.05,-7.51
2.76,1.62,-0.42,0.05,0.52,0.4,-1.63,-53.45,-7.99
1.91,1.9,0.83,0.24,0.29,0.16,-9.34,-53.79,-0.79
2.18,1.71,-0.05,0.23,-0.46,0.17,-1.24,-55.05,1.01
2.85,1.15,-0.38,0.18,-1.23,-0.78,22.03,-42.94,12.99
2.25,2.28,-0.82,0.17,-0.94,-0.86,-3.59,-37.39,-27.99
1.7,1.56,0.11,0.19,-0.34,-0.81,22.01,-44.74,-0.46
2.67,1.14,-0.03,0.23,-1.47,-0.63,22.49,-43.52,14.71
3.05,2.27,1.56,0.2,-0.96,-0.76,-14.57,-47.09,-9.67
2.65,1.35,0.17,0.25,-0.75,-1.08,21.73,-34.08,19.6
2.57,1.24,-1.53,0.26,-1.35,-1.05,5.04,-46.66,-11.27
2.15,1.91,0.56,0.22,-1.03,0.4,-16.2,-50.69,-1.55
1.63,1.59,-0.21,0.24,-0.49,-1.49,20.95,-30.2,-13.5
3.03,1.56,0.83,0.07,-0.76,-0.62,-0.62,-50.37,15.86
1.89,2.18,-1.56,0.06,0.32,-1.55,2.95,-32.82,-21.87
2.88,2.25,0.43,0.12,-1.55,-0.07,-5.82,-48.29,-21.17
1.71,1.3,0.99,0.2,0.31,-1.07,12.08,-36.81,23.89
2.79,1.82,0.16,0.17,0.01,0.16,-2.78,-54.3,-6.81
2.61,1.7,1.29,0.06,-1.24,0.03,-3.73,-54.88,-2.65
2.66,1.17,-0.35,0.11,-1.44,-0.56,19.03,-48.26,9.1
2.54,2.34,-0.81,0.26,-0.12,-1.1,12.8,-40.9,-15.04
2.08,2.28,1.15,0.02,0.16,-0.7,-24.48,-43.28,2.79
2.61,2.21,-0.83,0.02,-0.22,-0.29,-5.34,-48.11,-20.87
2.04,2.08,0.74,0.14,-0.44,-0.75,-3.32,-51.11,5.91
2.53,2.2,0.9,0.17,-1.21,-0.58,-5.14,-51.92,-7.29
2.16,1.58,-0.61,0.07,0.03,-0.67,16.35,-49.63,0.51
3.05,2.25,-0.16,0.05,0.38,0.04,-1.81,-46.31,-24.81
2.82,1.75,0.86,0.06,-0.28,-1.5,-6.84,-36.09,19.65
2.47,1.46,-0.3,0.1,0.13,-0.82,16.98,-44.29,16.11
2.74,2.29,-0.49,0.23,-0.91,-0.38,2.95,-46.96,-21.85
1.85,2.07,0.81,0.2,-0.4,-1.12,3.94,-45.37,12.16
1.85,1.92,-0.24,0.01,-0.02,-1.33,13.42,-43.73,-2.17
2.28,1.94,-1.32,0.14,-1.47,0.08,-6.23,-53.1,-10.17
2.71,1.09,0.69,0.09,-1.28,-0.02,8.35,-49.14,21.65
2.39,1.69,-1.47,0.22,0.07,-1.57,19.63,-28.23,-13.51
2.93,1.45,0.17,0.02,-1.04,-0.67,13.57,-48.89,12.52
2.27,1.99,1.21,0.18,-1.37,0.2,-17.51,-49.93,-7.04
2.91,2.02,-0.91,0.2,-0.3,0.43,-7.53,-50.48,-15.1
1.92,1.74,-0.7,0.13,-0.15,0.15,-4.46,-54.78,-1.79
1.98,1.09,-0.66,0.14,-0.88,-0.34,25.19,-46.8,-0.0
1.63,1.07,-0.69,0.0,-0.47,0.52,15.9,-49.57,11.03
2.37,1.29,-0.74,0.08,-1.33,-1.12,14.41,-43.35,-12.05
1.71,1.96,0.98,0.15,-0.63,-1.05,7.31,-46.96,10.03
2.82,2.05,-0.47,0.06,-0.71,-0.94,14.48,-45.24,-11.6
2.42,1.26,0.45,0.06,-0.56,-0.1,11.4,-51.8,13.77
1.9,1.93,-0.94,0.1,-1.01,0.22,-10.37,-53.4,-1.34
2.28,2.35,-0.81,0.11,-1.06,0.46,-22.6,-45.18,-9.91
2.3,1.11,-1.25,0.09,-0.48,-1.02,23.06,-40.9,-7.11
2.44,1.35,-0.73,0.06,-0.44,-0.51,18.25,-49.73,4.19
1.76,1.98,0.79,0.05,0.39,-0.25,-13.35,-52.13,3.7
1.66,1.12,0.36,0.25,-0.3,0.02,25.2,-47.29,4.97
3.11,1.95,-1.31,0.02,-0.13,-0.01,0.45,-52.29,-14.42
2.43,2.17,1.17,0.18,0.35,0.49,-9.36,-47.56,-19.42
3.08,2.18,-1.36,0.13,-0.57,-0.42,10.85,-43.68,-23.85
2.89,1.21,0.68,0.17,0.19,-0.46,-4.13,-44.97,26.04
2.02,1.12,0.68,0.23,-0.75,-1.44,28.11,-19.43,13.37
2.16,1.49,0.56,0.24,-0.07,-0.7,12.38,-44.38,20.24
1.59,1.11,-0.88,0.19,0.46,0.03,22.89,-49.01,-3.94
1.94,1.61,0.26,0.04,0.27,0.4,-4.86,-53.5,-6.37
3.11,1.45,-0.8,0.1,0.22,-1.09,12.87,-38.84,22.21
2.12,2.28,-0.51,0.21,-0.31,0.48,-25.09,-43.36,-10.17
1.92,2.0,0.79,0.04,0.47,-0.47,-14.64,-50.5,5.82
3.07,1.68,1.54,0.22,-0.04,0.29,-0.84,-54.69,-3.73
2.83,1.13,0.07,0.25,-0.68,-1.09,19.98,-27.45,26.22
2.25,2.12,-0.67,0.23,-1.21,-1.5,4.02,-27.11,-25.92
1.59,2.34,-0.67,0.2,-0.32,-0.36,-19.31,-46.98,-10.65
2.16,1.87,1.45,0.02,-0.08,-1.22,-13.99,-40.16,15.88
2.61,1.94,0.14,0.11,0.17,-1.08,-0.12,-46.86,12.14
2.65,1.91,0.75,0.0,0.19,0.14,-4.7,-52.0,-14.12
2.64,2.32,0.36,0.21,-1.52,-0.53,-1.14,-48.08,-19.33
2.94,2.07,-1.15,0.24,0.16,-0.07,5.05,-50.86,-16.22
2.16,1.45,-1.47,0.21,-0.33,-0.0,9.58,-54.18,-1.59
2.75,1.99,1.39,0.14,-1.04,-0.76,-7.74,-50.94,4.13
2.93,1.87,-1.07,0.01,0.41,0.24,-5.97,-51.73,-13.85
2.19,1.48,0.55,0.02,-1.0,-0.22,9.1,-54.11,4.14
2.89,1.35,-0.28,0.07,-1.28,-1.04,21.46,-42.69,4.39
3.12,1.26,0.07,0.11,-0.4,0.4,-2.87,-53.75,9.19
2.1,1.36,0.1,0.04,0.22,0.26,6.1,-54.67,1.66
2.3,1.95,-1.52,0.06,-1.25,-0.93,-14.54,-37.32,-23.57
1.61,1.1,0.26,0.0,-0.95,-1.42,27.66,-25.92,-12.91
2.33,1.24,0.02,0.26,-1.37,-0.08,17.57,-49.07,14.47
1.66,1.3,-0.98,0.17,-1.49,-0.63,4.9,-51.18,-11.56
1.86,2.19,-0.31,0.01,0.3,-1.24,2.77,-47.34,0.52
2.55,1.12,-0.58,0.14,-0.51,-0.8,27.24,-38.74,11.65
2.36,2.03,0.96,0.18,0.38,-0.19,-15.35,-51.33,-3.15
1.69,2.32,-0.88,0.09,0.16,-0.12,-23.94,-46.13,-6.78
2.42,1.95,1.56,0.04,-0.29,0.16,-8.55,-51.77,-12.85
2.26,1.63,-0.56,0.03,0.14,-0.71,14.33,-50.1,3.49
3.01,1.19,-0.98,0.24,0.36,-0.58,16.02,-40.3,25.2
3.05,2.25,1.41,0.03,0.32,-0.58,-15.13,-41.44,-23.19
3.06,2.04,1.34,0.16,0.07,0.35,1.25,-50.22,-17.89
2.16,2.27,1.23,0.1,0.35,-1.26,-24.62,-32.04,10.98
2.58,1.33,1.55,0.09,-1.13,-0.29,4.47,-51.38,17.12
2.73,1.52,1.37,0.14,0.19,-0.12,-4.62,-54.35,6.82
2.99,1.27,-0.65,0.04,-0.83,-0.94,20.37,-43.36,10.41
2.8,1.87,0.57,0.01,-1.56,-1.41,19.33,-38.98,-0.55
1.69,1.7,-0.79,0.01,0.0,-1.4,15.4,-38.44,-13.97
2.12,1.22,-1.48,0.22,0.01,-1.28,21.88,-32.18,-15.04
1.83,1.43,0.6,0.23,-0.46,-0.11,13.59,-52.25,8.22
1.85,2.24,-0.85,0.18,-1.01,-1.28,-10.49,-29.15,-26.42
1.6,1.24,-1.14,0.23,-0.63,-0.3,15.68,-49.71,-12.32
2.88,1.17,1.42,0.18,-1.52,-0.58,3.69,-43.12,28.0
2.18,1.43,1.11,0.05,-1.27,-0.74,18.39,-46.75,11.24
2.8,2.29,-1.18,0.24,0.38,0.41,-9.42,-41.94,-27.26
1.67,1.63,-0.28,0.09,-0.76,-1.38,13.94,-36.42,-18.02
2.16,2.34,0.86,0.0,-1.42,-1.21,1.85,-45.18,-12.33
2.27,1.61,-0.23,0.06,-0.61,-0.18,5.46,-54.82,0.19
2.94,1.07,1.47,0.26,-0.66,0.51,3.1,-51.91,14.55
2.44,1.34,-1.2,0.08,-1.1,-0.46,10.5,-52.79,-2.33
1.76,2.25,-0.1,0.18,-1.55,0.12,-20.57,-48.99,-1.72
2.29,2.23,0.02,0.1,-0.98,-1.26,8.77,-41.62,-15.36
1.79,2.28,-0.34,0.21,-0.57,-1.09,-0.19,-43.26,-17.34
2.94,1.92,0.47,0.06,0.5,-0.45,-9.69,-52.56,-3.87
2.01,1.06,-0.48,0.18,-0.17,0.51,14.34,-50.58,11.37
1.68,2.25,0.43,0.11,-0.65,-1.38,5.42,-44.42,-3.7
2.4,1.06,1.37,0.24,-1.57,-0.91,21.16,-32.68,26.09
2.92,2.02,1.22,0.11,-1.04,-0.91,-4.57,-50.17,4.68
1.62,2.3,1.08,0.0,-1.43,-0.32,-21.16,-48.1,-3.3
2.08,1.43,-0.34,0.02,-0.11,0.34,-0.5,-54.62,3.18
2.94,1.23,0.69,0.02,-0.33,-0.6,0.46,-45.09,25.79
3.01,1.88,0.85,0.12,-0.69,-1.37,-2.52,-41.15,16.43
2.02,1.39,-0.12,0.04,-1.23,-0.56,15.79,-50.37,-5.48
2.22,1.67,0.64,0.07,-0.13,0.48,-5.7,-52.55,-8.97
2.38,1.77,0.83,0.2,-1.42,-0.18,-1.58,-54.84,2.04
1.93,1.91,-0.55,0.05,-0.8,-0.04,-9.75,-53.38,-5.65
2.52,2.19,-0.1,0.13,-0.01,0.33,-15.31,-44.96,-20.89
2.61,1.68,1.29,0.12,0.22,-1.47,-19.65,-32.77,12.7
2.34,1.22,-0.75,0.21,-1.1,-1.54,18.15,-31.86,-14.11
1.85,2.23,-0.19,0.13,0.42,-0.49,-11.33,-51.66,-1.48
2.93,1.64,0.13,0.08,-0.91,0.24,-4.67,-54.59,-2.18
2.44,1.36,1.16,0.08,-1.36,-1.33,20.32,-32.82,19.22
2.56,1.74,-0.42,0.01,-1.05,-1.12,15.93,-42.48,-12.4
2.5,1.12,-0.59,0.19,-1.54,-1.5,17.0,-36.35,-10.79
2.78,1.57,0.4,0.25,-0.47,-0.1,1.16,-53.65,11.21
2.08,1.82,-0.19,0.25,-0.07,-0.9,16.3,-46.26,2.69
2.82,1.83,0.83,0.01,0.15,-1.15,-14.65,-43.73,10.17
2.11,1.83,-0.01,0.01,-0.87,-1.02,11.9,-46.56,-9.98
2.45,2.26,1.49,0.02,-0.73,-1.06,-15.52,-45.46,3.06
1.67,1.25,0.99,0.08,-1.25,-0.38,22.87,-48.36,2.03
3.06,1.88,1.08,0.01,-0.73,-0.43,-3.6,-53.98,-2.5
2.45,1.34,-1.07,0.09,-0.64,0.49,2.32,-51.6,15.31
2.57,2.31,-0.41,0.04,-0.73,0.09,-15.92,-44.23,-22.18
2.48,1.49,-1.24,0.12,0.46,-0.24,11.59,-53.32,3.17
1.83,1.52,1.03,0.07,-1.13,-0.05,5.09,-54.97,3.2
2.26,1.56,1.14,0.19,-0.02,0.23,1.03,-55.1,2.0
2.03,1.69,-1.33,0.02,-1.24,-1.23,-12.33,-38.08,-19.08
2.25,1.93,1.54,0.19,-1.24,-0.14,-12.58,-52.71,-1.24
1.99,1.45,-0.28,0.2,-0.89,0.18,9.2,-53.92,6.23
2.31,1.68,-1.1,0.04,-0.6,-0.1,0.08,-54.85,-4.57
1.66,2.0,-0.33,0.04,-0.77,-1.29,1.47,-40.54,-19.29
2.48,2.1,-0.77,0.13,0.17,0.32,-14.76,-47.48,-17.17
3.01,1.06,-0.4,0.25,0.33,-0.49,7.73,-36.25,33.21
1.75,2.08,-0.28,0.03,-0.75,-1.13,-0.21,-43.8,-17.71
2.94,1.12,1.4,0.04,0.07,-1.03,-16.18,-39.51,20.29
2.94,1.76,0.55,0.17,0.17,0.35,0.68,-53.78,-8.18
1.98,2.08,-1.11,0.25,-1.41,-0.15,-13.09,-49.06,-15.47
3.1,2.36,0.88,0.09,-1.16,-1.47,5.58,-43.63,1.23
1.66,1.26,-0.67,0.1,-1.09,-0.53,14.37,-49.59,-11.71
2.06,1.28,0.12,0.25,-0.5,-1.08,29.98,-31.04,8.21
2.88,1.71,-1.0,0.24,0.09,0.34,-0.86,-54.43,-4.91
2.35,2.19,0.2,0.05,-0.55,0.31,-20.93,-44.05,-16.89
2.98,1.53,0.7,0.17,-0.01,0.49,3.14,-54.14,-1.86
2.47,1.35,0.42,0.04,-0.27,-0.67,12.94,-45.75,20.15
1.63,2.08,-0.75,0.07,0.09,0.25,-21.76,-48.22,0.59
2.6,2.31,0.04,0.2,-1.14,-1.14,11.38,-41.76,-15.87
1.61,1.05,-1.41,0.05,-0.39,-1.38,9.57,-35.51,-21.65
2.94,1.42,0.55,0.04,-0.27,-1.25,-0.94,-35.73,26.58
1.68,2.1,1.37,0.07,-0.42,-0.6,-12.31,-49.31,10.83
1.87,1.8,-0.11,0.17,-0.13,0.32,-9.58,-53.47,-1.78
1.89,1.79,-1.07,0.07,-1.05,-1.54,-7.27,-29.83,-23.11
1.94,1.81,-1.13,0.04,-0.76,-1.15,-3.52,-39.24,-22.81
2.38,1.41,0.74,0.17,-0.55,-0.08,6.38,-53.06,12.56
1.79,2.3,0.8,0.0,-0.65,0.17,-28.66,-41.89,-7.07
2.66,1.9,-0.19,0.05,0.49,-0.28,-3.83,-54.27,-4.01
3.1,2.03,1.46,0.23,-0.69,0.15,-5.67,-49.65,-18.75
2.41,1.88,-1.26,0.22,-1.51,-0.94,-7.3,-39.19,-24.77
2.26,1.34,-0.19,0.18,-1.37,0.25,9.43,-52.03,13.51
1.82,1.2,-0.35,0.03,-0.11,-0.92,29.81,-37.71,-0.51
2.61,1.87,0.13,0.07,0.36,-0.65,-4.01,-52.27,6.16
2.7,1.21,0.6,0.1,-0.94,-0.48,12.89,-45.06,23.38
1.83,1.87,-0.09,0.04,-0.76,-1.27,11.41,-42.12,-13.59
3.03,2.17,-1.16,0.03,0.15,-0.37,5.57,-49.02,-18.7
2.44,2.17,-1.08,0.13,-1.22,-1.08,-3.67,-30.59,-30.28
2.29,2.0,-0.61,0.05,-1.23,-0.36,-6.9,-49.61,-17.32
2.81,1.71,0.38,0.16,-0.79,-0.55,6.36,-51.97,9.39
1.71,1.96,0.86,0.21,-0.1,-0.83,1.21,-47.36,15.43
2.71,1.64,-1.55,0.06,0.23,0.29,-5.35,-54.45,-1.09
2.19,1.99,1.16,0.22,-0.42,-0.65,-9.77,-49.34,10.82
2.65,2.34,1.36,0.16,-0.59,-1.11,-18.17,-42.76,1.59
3.13,1.38,0.96,0.15,-1.06,0.36,-4.6,-54.3,4.11
1.7,1.45,-1.5,0.06,0.33,-0.95,14.5,-43.83,-16.23
2.23,2.23,-1.01,0.21,0.52,-0.96,6.01,-47.12,-11.01
3.1,1.69,-1.01,0.11,-1.2,-0.87,15.49,-45.33,-11.93
1.89,1.24,1.16,0.07,0.03,-1.02,11.6,-38.99,23.91
2.53,1.74,-1.44,0.21,0.26,-1.48,22.45,-31.27,-7.4
1.87,1.06,-0.21,0.17,-0.74,0.5,16.93,-48.87,13.2
1.63,1.7,0.72,0.05,-1.48,0.42,-9.75,-52.29,6.86
2.64,1.2,0.08,0.02,-1.55,0.28,2.31,-51.64,17.2
1.85,1.38,-0.8,0.08,-1.29,0.15,12.05,-53.53,4.5
2.08,1.24,-0.21,0.09,-0.99,-1.54,24.41,-28.52,-10.38
2.6,1.34,-1.03,0.07,-0.16,0.43,-1.43,-53.25,10.79
1.73,1.71,-0.64,0.13,0.37,-0.33,6.07,-54.03,-3.27
2.88,2.06,1.49,0.15,-1.16,-0.85,-9.02,-50.03,1.83
1.67,2.25,-0.0,0.01,-0.4,0.3,-29.31,-41.69,-0.27
2.69,2.1,-0.93,0.2,-0.89,-1.33,15.19,-30.22,-22.06
2.41,1.28,0.62,0.19,0.25,-1.29,1.83,-29.28,29.06
1.87,1.96,0.88,0.01,-0.41,0.34,-18.67,-48.5,-8.89
2.8,2.19,-0.19,0.01,-1.14,-0.97,12.12,-42.04,-19.43
2.78,1.37,1.3,0.16,-0.0,-1.31,-17.09,-33.17,19.52
2.91,1.78,-0.47,0.03,-1.14,-1.14,18.8,-41.26,-9.76
2.02,1.78,-1.14,0.06,-1.18,-1.41,-8.88,-32.43,-22.92
2.33,1.21,-0.89,0.06,0.06,0.3,7.17,-53.05,11.45
1.98,2.3,-1.21,0.01,-0.32,0.5,-27.65,-42.26,-0.78
1.91,2.32,-1.08,0.08,-1.02,0.51,-22.33,-46.62,0.03
1.88,1.62,-1.22,0.24,-0.05,0.29,0.48,-54.97,-1.12
1.99,1.16,1.5,0.11,-0.65,-1.01,15.78,-35.59,25.3
3.01,1.06,1.26,0.09,0.06,-0.66,-12.55,-42.56,24.45
2.28,1.31,1.12,0.03,-0.93,-1.04,18.53,-37.77,21.33
1.78,1.4,0.87,0.01,-0.9,-1.18,26.06,-37.29,5.16
2.2,2.07,1.19,0.01,0.17,-0.39,-18.39,-49.49,-2.86
3.08,2.1,-0.7,0.03,-1.14,-0.53,10.12,-45.37,-21.48
2.52,2.13,-0.84,0.26,-1.05,-1.03,8.44,-35.66,-25.89
2.2,1.97,0.71,0.19,-0.93,-0.34,-4.02,-54.0,-0.37
2.41,2.07,-1.12,0.24,-0.05,-0.67,8.46,-46.04,-18.06
2.64,1.16,-0.79,0.15,0.52,-0.91,21.21,-33.93,24.22
1.61,1.2,-0.96,0.24,-0.11,-0.18,22.13,-48.05,-8.62
1.78,1.14,-1.12,0.19,-1.51,0.34,26.3,-45.99,3.83
2.27,1.91,-1.23,0.19,-1.19,-0.57,-5.46,-45.81,-21.64
2.39,1.35,-0.71,0.09,-0.6,0.33,3.36,-53.44,11.29
2.21,2.19,0.41,0.13,-1.41,-1.21,6.91,-42.82,-15.75
2.84,1.82,0.14,0.26,-1.22,-0.75,13.63,-49.46,1.89
1.92,1.49,0.97,0.11,-0.86,-1.02,21.02,-41.49,11.72
2.22,2.0,-0.74,0.2,-1.48,0.27,-7.03,-53.62,-4.78
1.67,1.42,0.82,0.22,-1.25,-1.38,26.79,-31.89,-4.43
2.62,2.3,-0.65,0.22,0.09,-1.03,10.07,-45.86,-8.16
2.79,1.42,-1.01,0.26,0.13,-0.51,19.38,-46.72,11.34
1.89,1.68,-0.81,0.21,-0.02,-0.01,2.95,-54.82,-4.23
2.15,1.7,-0.32,0.19,0.04,-0.37,9.97,-53.03,1.67
2.21,1.82,0.45,0.02,-0.46,-0.77,6.45,-51.51,4.78
2.03,2.07,0.62,0.12,-1.28,-0.44,-6.15,-52.74,-7.21
1.61,2.3,1.04,0.06,-0.53,-1.57,2.82,-40.11,11.56
1.71,2.22,1.26,0.12,-0.97,0.23,-27.33,-43.86,-1.73
1.97,1.52,-1.4,0.22,0.3,-0.59,15.35,-47.78,-12.01
2.67,1.48,-1.17,0.06,0.05,0.45,-5.47,-53.79,4.48
2.1,1.77,-0.2,0.05,-0.6,-0.08,-3.09,-54.81,-3.65
2.35,1.66,-0.3,0.12,-0.08,-0.12,4.06,-54.97,1.07
2.63,1.33,1.37,0.24,-1.54,0.46,-6.49,-53.01,6.2
2.66,1.31,0.58,0.19,-1.33,-0.89,20.27,-40.61,18.02
2.53,1.62,0.1,0.17,-0.55,-1.44,20.32,-33.7,12.62
2.38,1.17,0.57,0.12,-0.8,0.4,5.53,-52.91,11.5
2.08,1.72,0.82,0.11,-0.23,0.38,-7.26,-53.24,-6.54
1.64,1.27,-0.74,0.18,0.14,-0.77,27.22,-39.55,-9.8
1.62,1.69,1.41,0.0,-0.68,0.19,-6.63,-54.22,-3.19
2.81,2.12,-0.4,0.19,-0.73,0.07,-4.61,-51.21,-16.02
1.89,1.16,0.34,0.06,-0.41,-0.29,23.63,-47.44,7.91
2.09,1.71,0.94,0.07,-1.36,0.52,-14.4,-50.81,-1.03
2.38,1.61,0.22,0.2,-0.08,-0.55,9.5,-49.73,14.05
1.88,1.65,0.69,0.25,-0.33,-1.15,17.53,-38.48,15.86
1.66,1.93,0.13,0.09,-1.33,-0.62,-4.39,-50.79,-12.26
2.75,1.62,0.34,0.09,-0.31,-0.68,4.93,-49.64,15.25
2.33,2.26,-1.09,0.07,-0.79,-0.61,-8.43,-40.19,-27.3
1.76,1.34,-0.21,0.03,0.18,-0.32,18.12,-51.03,3.15
2.34,1.36,-1.25,0.06,-1.29,-0.77,4.78,-50.47,-9.68
2.96,1.85,-0.64,0.01,0.51,-0.54,1.88,-53.7,1.13
2.03,1.23,0.79,0.15,-1.04,-1.4,28.66,-26.06,9.68
2.53,2.19,-0.98,0.16,-1.14,0.36,-12.13,-50.25,-12.52
1.84,1.64,-0.59,0.08,-0.18,-1.24,19.11,-39.67,-10.61
2.52,1.28,-0.31,0.07,0.11,-0.36,14.82,-48.75,16.67
1.61,2.27,0.48,0.24,-0.04,-1.21,3.28,-44.16,10.82
1.85,1.1,0.22,0.11,-1.36,0.48,14.65,-49.11,14.68
2.59,2.15,1.49,0.17,-0.91,-1.34,-9.89,-41.94,10.97
2.59,2.04,0.41,0.1,-1.35,-0.73,6.54,-50.23,-10.32
1.72,1.05,1.12,0.24,-0.3,-0.46,25.86,-40.29,17.17
2.83,1.42,0.76,0.0,-1.09,-1.48,14.66,-31.5,21.89
2.16,2.33,0.73,0.1,0.4,-0.75,-22.6,-43.84,3.54
2.81,1.4,-1.53,0.15,-1.0,-1.43,9.53,-36.74,-17.03
1.92,2.04,-0.4,0.21,-0.95,-0.37,-5.67,-51.31,-13.03
3.13,2.28,-0.8,0.08,-0.45,-0.13,4.39,-46.48,-24.0
2.03,1.35,0.81,0.22,-0.07,-0.69,14.16,-42.55,22.17
2.13,1.06,-1.21,0.07,-0.78,0.12,19.73,-48.94,12.73
2.39,1.16,-1.25,0.12,-0.41,-0.64,22.69,-46.16,0.11
2.5,1.25,-0.3,0.22,-1.27,0.29,8.78,-49.82,19.04
1.82,1.1,-0.14,0.17,-1.17,-0.66,27.56,-41.76,-7.22
2.27,1.39,1.16,0.12,-0.42,-0.1,5.77,-53.56,11.18
2.88,1.32,0.22,0.08,-1.38,-0.77,18.01,-45.52,13.95
2.58,1.44,-1.51,0.18,-1.19,-0.2,7.88,-54.17,-1.6
2.84,1.25,1.42,0.11,-0.25,-1.51,-15.93,-28.09,21.51
1.96,1.54,-1.34,0.03,-1.23,-1.38,-10.35,-37.55,-17.62
1.99,1.12,-0.81,0.01,-1.43,0.35,19.17,-47.62,15.12
2.43,1.19,-1.43,0.12,0.2,-0.95,27.09,-39.06,1.2
2.39,1.89,-0.43,0.16,-0.06,-1.26,17.44,-41.54,2.67
2.75,1.08,1.5,0.13,-0.78,-1.3,-4.65,-26.34,31.04
2.07,1.44,0.26,0.24,-0.19,-0.4,17.71,-48.26,12.45
2.9,2.31,-0.26,0.23,-0.7,-1.27,17.13,-39.93,-6.95
2.1,1.53,0.87,0.12,-0.94,-1.26,21.41,-37.18,12.45
2.31,1.6,-0.93,0.06,-0.13,0.2,-2.39,-55.0,1.04
1.98,1.72,-0.8,0.17,-1.01,-1.38,3.8,-34.12,-23.31
1.73,1.32,-0.38,0.18,-1.57,-0.95,9.45,-45.22,-17.14
2.97,1.41,0.9,0.0,-1.49,-1.15,14.85,-39.12,20.44
2.29,1.49,-1.31,0.17,-0.46,-1.55,14.39,-30.14,-18.4
2.28,1.32,0.47,0.19,-1.22,-0.71,23.77,-43.6,10.4
1.58,1.81,-1.12,0.14,-0.39,0.37,-7.3,-53.66,4.1
1.66,2.19,1.53,0.09,-0.62,-1.54,-0.23,-36.33,18.58
1.77,1.95,1.13,0.02,0.28,-0.21,-14.24,-52.02,2.54
2.36,1.91,-0.15,0.03,-0.2,-1.24,13.3,-44.88,2.95
2.87,1.12,-1.3,0.2,-1.14,-0.26,13.74,-50.52,13.49
1.84,1.27,-0.55,0.08,0.06,-1.34,29.27,-29.45,-3.14
1.57,1.15,-0.57,0.21,-1.39,-1.55,3.06,-33.4,-21.7
2.05,2.04,1.11,0.22,-0.16,-0.27,-14.79,-51.05,4.45
2.07,1.92,-1.54,0.18,0.38,-0.46,-0.19,-49.99,-16.26
1.98,2.29,-0.21,0.26,-0.73,-1.11,3.61,-42.76,-17.08
2.59,1.35,0.98,0.26,-0.96,-0.94,10.72,-37.41,26.78
3.06,1.36,0.16,0.13,-1.03,-0.39,7.35,-50.01,18.1
2.12,2.23,0.91,0.05,-0.49,-0.02,-21.09,-47.08,-11.11
2.36,1.35,1.12,0.24,-0.86,0.03,4.42,-52.79,14.14
3.03,2.12,-0.32,0.01,-0.39,-0.42,4.48,-51.11,-14.2
2.57,1.19,0.66,0.06,-0.63,0.21,6.71,-53.18,12.1
3.13,2.2,0.44,0.16,-0.24,0.32,-0.93,-45.32,-25.51
2.95,1.17,1.56,0.03,0.4,-1.08,-17.25,-43.5,9.71
3.05,1.2,0.17,0.03,-1.32,-1.16,20.37,-36.56,18.28
2.15,2.07,-1.31,0.03,-1.55,0.29,-11.3,-52.37,-6.34
2.32,1.52,-0.3,0.18,-0.45,-0.89,23.04,-42.9,3.59
1.89,1.28,1.13,0.01,0.31,-0.46,10.25,-50.73,14.1
3.01,1.35,-0.05,0.05,0.09,0.14,1.38,-54.51,8.88
2.41,2.23,1.36,0.08,-0.88,-0.36,-16.34,-49.39,-9.28
2.57,1.59,-0.11,0.24,-0.74,-1.23,23.59,-36.5,6.53
3.09,1.56,-0.09,0.07,0.03,-0.65,1.77,-49.6,16.83
2.8,1.53,1.26,0.14,0.46,-0.06,-3.92,-54.67,5.8
2.82,1.38,0.22,0.04,-0.98,0.3,-2.76,-54.32,7.01
1.89,1.32,1.39,0.24,-0.85,-0.11,11.25,-51.71,12.9
1.66,1.29,-0.17,0.06,-0.0,-1.09,29.4,-35.24,-0.83
2.85,2.17,0.01,0.18,-0.11,-1.07,3.24,-48.04,4.01
2.27,1.87,-0.09,0.05,-0.5,-1.24,15.96,-43.64,-1.85
3.05,2.11,-1.35,0.05,-0.71,-0.02,0.04,-49.36,-20.38
3.1,1.6,0.11,0.24,-0.2,-1.21,2.44,-36.16,24.87
2.29,1.71,-0.91,0.17,-0.52,-1.57,17.31,-30.08,-15.72
1.58,2.24,-0.05,0.19,0.49,-0.27,-14.96,-51.2,2.02
2.7,2.18,-1.18,0.04,-0.76,0.16,-11.0,-48.48,-18.62
2.94,1.33,1.43,0.23,-0.52,-0.37,-9.61,-48.99,18.26
1.63,2.12,-1.15,0.23,-0.4,-0.16,-16.82,-48.97,-11.13
1.64,1.82,-1.15,0.15,0.26,-1.55,12.51,-33.01,-17.67
2.83,1.38,-0.22,0.1,-0.74,0.27,-1.38,-54.09,9.53
1.67,2.28,0.67,0.15,0.07,-0.73,-11.83,-47.94,11.1
1.79,1.18,0.71,0.22,-1.25,-1.54,29.28,-22.41,-3.91
3.02,1.86,-1.07,0.16,0.46,0.34,-1.62,-51.91,-14.12
2.75,1.18,-1.35,0.04,-0.77,-0.67,15.22,-49.98,3.43
2.87,1.28,-0.54,0.17,-0.49,-1.07,23.37,-35.73,16.01
3.07,2.0,-1.0,0.0,-1.41,0.42,-6.71,-52.53,-8.83
2.35,1.26,1.17,0.23,-0.53,-0.43,7.52,-45.85,23.96
2.14,1.81,0.58,0.13,-0.24,-0.37,-0.42,-53.9,5.63
2.3,2.34,-0.08,0.25,-0.58,-1.29,9.62,-42.46,-9.22
2.97,2.22,0.71,0.09,-1.15,-0.33,-1.46,-50.65,-16.44
2.14,1.57,1.19,0.04,-1.47,0.46,-8.7,-52.97,-0.81
2.99,2.07,-0.51,0.07,0.31,-0.15,-0.39,-52.19,-14.18
2.14,1.73,-0.99,0.14,-0.98,-0.08,-0.25,-54.53,-6.45
3.08,1.34,0.9,0.02,-0.78,-0.31,-0.12,-51.52,17.44
2.58,2.28,-0.87,0.14,-0.32,-0.23,-4.77,-46.89,-22.8
2.33,1.89,1.45,0.2,-1.18,0.46,-16.62,-48.4,-11.02
2.09,1.97,-1.24,0.02,-0.97,-0.74,-12.0,-42.95,-21.38
1.87,2.24,0.9,0.25,-1.32,-1.1,1.34,-48.22,-4.17
2.05,1.84,-1.28,0.17,-0.23,0.4,-9.63,-53.26,-0.71
2.23,2.24,-0.34,0.18,-0.76,0.41,-22.29,-45.93,-9.53
2.64,1.46,-1.38,0.15,0.01,-0.13,10.1,-53.88,2.87
2.09,1.49,0.31,0.06,-0.83,-1.03,23.34,-41.95,2.77
2.99,1.78,0.77,0.11,-0.29,-1.21,-8.62,-42.09,16.68
3.05,1.15,0.33,0.21,-1.22,-0.29,5.33,-45.61,26.56
2.13,2.0,-1.08,0.04,-1.34,0.37,-10.75,-52.81,-1.71
2.93,1.61,-0.54,0.16,-1.47,-0.53,12.05,-51.64,-3.72
2.45,1.65,0.81,0.12,0.11,0.46,0.48,-53.52,-7.66
2.89,1.08,1.57,0.09,-0.34,-1.53,-16.92,-25.99,21.92
2.46,1.13,0.19,0.03,-0.34,-1.25,22.49,-27.58,22.95
2.62,1.06,-0.86,0.25,0.17,-0.93,28.37,-29.02,18.5
1.99,1.6,-0.4,0.12,-0.63,-0.76,15.76,-47.76,-8.77
2.67,1.44,-0.61,0.16,-1.12,0.37,0.84,-52.92,12.87
2.68,1.58,-0.7,0.22,-1.16,0.06,5.96,-54.61,4.68
3.01,2.09,-1.5,0.03,-1.06,-0.64,4.4,-40.15,-28.01
2.35,2.09,-0.44,0.0,-1.15,-1.06,3.25,-39.48,-24.15
2.59,1.57,0.3,0.2,-0.09,-0.17,3.6,-53.53,10.84
2.61,1.69,0.2,0.02,0.19,0.39,-2.64,-52.63,-10.87
2.31,1.37,-0.34,0.22,-0.28,0.44,3.77,-53.88,7.97
2.11,1.44,1.12,0.19,0.28,-0.55,0.53,-48.44,19.28
2.38,1.44,0.71,0.15,0.01,0.0,4.97,-54.07,9.73
2.06,1.94,-0.82,0.14,-1.44,-0.6,-9.53,-46.3,-19.46
2.01,1.57,0.69,0.24,-0.34,0.11,2.63,-54.8,5.68
2.1,1.43,-1.25,0.17,-0.53,-1.13,13.25,-39.42,-18.45
2.08,2.27,-1.46,0.18,-0.9,-1.51,-11.51,-16.97,-26.33
2.89,1.86,-0.14,0.23,-0.76,0.39,-7.65,-53.03,-7.1
2.11,1.05,-0.16,0.24,-0.44,0.21,21.01,-47.54,14.16
2.58,1.62,0.35,0.2,0.21,-0.4,1.04,-51.72,14.1
2.79,1.89,0.32,0.03,-0.44,-1.25,6.9,-44.82,11.65
2.72,2.32,0.56,0.17,-1.21,-0.66,0.17,-49.68,-14.03
2.58,1.39,-1.52,0.0,0.52,-0.99,22.39,-42.84,6.03
1.66,1.87,1.26,0.19,-0.23,0.47,-13.77,-51.38,-4.54
2.32,2.27,-0.68,0.11,-1.01,-0.91,-1.57,-37.66,-27.6
1.62,1.83,-0.02,0.2,-0.49,-0.55,7.31,-52.15,-5.49
3.06,1.77,1.47,0.25,0.15,0.21,-3.76,-54.36,-5.59
2.23,1.44,1.21,0.13,0.11,-0.01,4.15,-54.42,8.33
2.36,1.95,0.91,0.08,-0.04,-1.43,-7.49,-38.4,17.4
2.55,2.29,0.83,0.02,-1.22,-0.65,-3.99,-49.79,-14.16
2.77,1.77,-0.85,0.08,0.02,-1.25,19.44,-40.86,4.23
2.24,2.3,-0.28,0.17,0.33,-1.28,2.63,-45.7,2.52
3.13,1.8,-1.22,0.06,0.19,-0.2,5.48,-54.13,-5.27
3.02,1.09,-0.16,0.13,-1.56,-0.61,15.65,-45.75,18.82
1.81,1.54,-0.55,0.0,0.32,-1.44,24.02,-35.21,0.5
2.42,1.91,-1.35,0.07,0.43,-0.15,-3.28,-53.14,-11.1
2.13,1.69,0.98,0.13,0.15,0.16,-2.83,-54.96,-1.5
2.6,1.69,-0.18,0.12,0.31,-1.57,9.34,-32.94,20.38
2.24,2.2,0.02,0.11,0.12,0.3,-19.7,-45.0,-16.86
1.86,2.31,-0.59,0.17,-1.23,-1.34,-10.07,-28.05,-26.48
2.72,1.6,-1.3,0.17,-0.63,-0.05,6.23,-54.66,-1.34
2.73,1.41,-0.78,0.11,-0.25,-1.5,24.79,-29.81,7.04
1.75,1.89,1.29,0.16,-1.07,0.35,-17.95,-50.04,-0.13
2.88,2.18,0.72,0.09,-0.85,0.05,-7.62,-48.15,-20.95
3.08,1.34,-1.41,0.17,0.4,-0.6,16.39,-46.25,15.75
2.83,2.13,-0.04,0.22,-1.14,-0.77,11.67,-47.89,-11.14
2.68,2.3,-1.26,0.03,0.35,0.18,-14.55,-42.99,-24.45
2.13,1.55,-1.23,0.11,-1.53,-1.31,-9.61,-39.05,-17.6
1.72,1.58,-0.63,0.1,-1.3,-0.66,0.53,-50.11,-14.46
2.13,1.66,0.6,0.13,-0.68,0.41,-8.22,-53.46,-1.66
2.79,2.02,-1.09,0.1,0.33,-0.38,4.72,-52.0,-11.68
1.62,1.26,0.58,0.06,-1.53,0.11,14.28,-52.98,3.81
2.84,1.98,1.14,0.08,-1.13,-0.8,-0.88,-51.71,3.13
2.79,1.85,-0.24,0.05,0.06,-0.85,6.17,-50.34,7.14
1.85,1.88,0.58,0.15,-0.73,-0.95,11.41,-48.48,2.17
1.59,1.67,-0.85,0.08,-0.6,-0.24,-0.27,-54.22,-7.2
2.23,1.75,-0.93,0.04,0.01,-0.56,7.96,-52.18,-6.84
2.82,2.11,1.52,0.06,-0.29,-0.33,-13.64,-49.2,-13.86
2.6,2.19,-0.39,0.19,-1.3,-0.08,-6.34,-49.88,-18.07
2.69,1.67,0.92,0.0,-1.11,-1.21,11.92,-42.66,15.32
2.75,2.27,0.4,0.01,0.09,0.46,-7.72,-37.98,-30.66
2.13,1.28,-1.45,0.2,0.09,-1.44,22.14,-29.03,-14.09
2.4,2.07,1.23,0.1,-0.03,-0.69,-18.8,-47.14,2.64
2.71,1.97,0.55,0.11,-0.28,0.43,-7.99,-48.44,-18.8
1.87,2.17,1.16,0.07,-0.09,-0.06,-21.44,-48.51,-3.2
2.51,2.27,1.28,0.23,0.28,-0.99,-27.79,-34.84,0.9
2.64,1.4,-1.08,0.23,0.12,-0.57,21.57,-46.13,7.6
1.97,1.14,-0.42,0.22,-0.82,-0.18,25.7,-46.71,3.62
1.81,2.29,-0.03,0.04,0.5,-0.42,-18.76,-49.14,-0.45
2.79,2.17,-1.24,0.0,-0.18,-1.27,16.06,-36.61,-17.74
3.03,1.59,0.16,0.18,-0.48,-0.34,2.89,-52.62,12.47
1.88,1.63,-0.58,0.17,-0.55,-1.53,16.85,-31.2,-16.7
2.84,2.16,0.8,0.15,-0.58,-1.01,-5.54,-48.71,3.92
1.74,1.41,0.58,0.23,0.04,-0.31,17.01,-49.61,10.7
2.39,1.11,-0.53,0.23,0.1,0.29,14.84,-50.3,14.3
1.58,1.69,1.19,0.06,0.34,-0.92,-1.74,-45.45,18.91
1.98,1.83,-0.31,0.01,-1.38,-0.61,-3.81,-49.62,-15.66
1.8,1.77,-0.34,0.01,-0.75,0.25,-10.1,-53.37,2.49
3.0,1.51,-1.36,0.01,-0.86,0.38,-4.83,-53.38,9.71
2.9,2.3,-0.48,0.14,0.47,-1.4,2.02,-44.2,4.21
2.7,2.26,1.24,0.09,-1.26,0.49,-16.02,-37.44,-27.56
2.93,2.27,-0.43,0.24,-1.38,0.36,-8.49,-49.24,-16.96
2.41,1.42,-0.77,0.17,-1.48,-0.77,11.23,-48.94,-10.12
1.77,1.81,-0.72,0.18,0.49,0.07,-5.14,-54.45,-4.5
2.75,1.75,-0.9,0.12,-1.32,-0.04,1.55,-54.66,-5.64
2.86,1.5,-0.01,0.15,-0.68,-1.49,19.66,-30.69,16.36
1.71,2.35,-1.05,0.06,0.25,-1.47,0.17,-38.75,-16.78
2.53,1.58,-0.79,0.23,-0.2,-0.18,11.54,-53.26,1.84
1.75,2.3,-1.16,0.19,-1.27,-1.4,-22.14,-19.04,-20.83
2.39,2.26,0.26,0.07,0.44,-0.74,-15.07,-48.69,-1.22
2.69,1.48,-0.53,0.06,-0.25,-0.66,16.52,-48.37,9.76
2.97,1.41,-0.54,0.23,-0.26,-1.22,20.45,-32.51,18.88
2.81,1.62,1.41,0.17,-0.6,0.28,-2.06,-54.63,-3.7
1.71,1.1,1.3,0.2,-0.85,-1.3,27.69,-24.04,16.17
2.14,1.47,0.29,0.24,-0.89,0.2,5.06,-54.05,8.77
2.52,1.73,0.88,0.06,-0.92,0.22,-6.78,-53.68,-6.6
2.52,1.39,1.18,0.23,0.21,-1.38,-13.85,-30.55,21.85
2.37,2.14,-0.55,0.26,-0.03,-1.43,16.11,-38.55,-2.62
2.81,1.59,-0.12,0.1,-0.59,-0.77,14.75,-47.8,10.77
2.62,1.09,-0.95,0.24,-0.65,-1.11,27.77,-34.7,1.34
2.5,2.05,0.45,0.22,-1.07,0.43,-17.93,-48.26,-10.04
1.57,1.65,-1.05,0.14,-1.31,0.52,7.76,-53.12,4.49
2.33,2.25,1.53,0.18,-0.41,-0.71,-23.34,-43.47,2.19
3.06,1.42,-0.91,0.05,-1.56,0.37,-2.52,-52.23,14.8
1.64,1.86,0.25,0.21,-0.25,0.46,-14.09,-51.58,0.55
3.08,1.63,-1.04,0.05,-0.59,-0.63,14.19,-50.37,-2.05
2.47,1.32,-0.25,0.12,-0.07,-0.3,15.3,-49.57,14.45
2.46,1.67,-1.19,0.05,0.35,0.4,-9.13,-53.13,-2.99
2.12,1.66,0.95,0.25,-0.38,-0.44,2.9,-50.98,14.54
2.4,1.66,-0.68,0.19,-0.33,-1.1,22.2,-40.29,-3.79
1.95,1.53,-0.53,0.01,-0.03,0.17,-0.82,-55.07,1.75
2.44,2.14,0.88,0.07,0.05,-0.53,-16.38,-49.6,-3.05
1.65,1.28,0.74,0.11,-1.25,-0.65,25.65,-44.55,-2.49
2.59,1.06,0.94,0.17,-1.18,-0.13,11.08,-46.24,24.71
2.27,2.07,-0.54,0.07,-0.25,-1.18,11.18,-44.22,-10.59
1.8,1.6,-0.68,0.13,-0.5,0.11,2.39,-55.21,0.06
1.79,1.95,0.0,0.14,-0.51,-0.22,-5.46,-54.09,-3.66
2.18,1.33,-0.96,0.24,-0.06,-0.53,24.43,-45.35,-1.02
1.9,1.71,-1.46,0.14,0.35,0.33,-7.66,-53.94,-0.3
2.93,2.07,-0.24,0.14,0.12,-1.08,4.47,-47.69,6.55
2.84,1.1,-0.45,0.02,-1.57,-0.76,17.17,-47.96,7.58
2.46,1.76,0.34,0.12,-0.47,-0.23,0.66,-54.81,1.81
1.62,2.2,-0.09,0.25,-1.53,-0.24,-16.18,-50.29,-6.88
2.72,2.23,-0.6,0.09,0.34,-0.91,3.71,-49.79,-5.58
1.74,1.62,0.72,0.0,-1.45,-0.77,12.63,-49.53,-8.37
1.81,1.24,-0.49,0.24,0.36,0.31,15.02,-52.6,0.85
2.8,1.25,0.15,0.17,0.38,-1.27,-1.16,-28.25,30.47
2.32,2.07,0.71,0.02,0.41,-0.18,-15.08,-50.84,-8.49
2.86,1.21,0.16,0.09,-0.21,0.35,2.28,-53.58,10.92
2.34,1.96,0.31,0.16,-0.36,-1.22,10.11,-44.18,9.3
2.57,1.26,-1.33,0.02,0.15,-1.47,26.14,-31.07,2.36
1.85,2.26,0.61,0.13,0.31,-0.18,-21.41,-48.35,-0.43
2.06,1.52,-0.55,0.23,0.34,-0.25,15.37,-51.86,2.7
2.66,1.05,-0.17,0.08,-0.1,0.14,9.8,-49.83,19.64
3.03,1.25,-0.79,0.16,0.14,-1.1,16.94,-32.91,24.89
2.99,1.72,0.97,0.24,-0.5,0.38,-3.65,-53.66,-7.41
3.03,2.24,-0.33,0.03,-0.94,-0.88,14.76,-43.18,-17.14
1.68,2.17,1.28,0.07,-0.32,-1.57,-0.39,-35.5,18.96
2.0,1.22,-0.64,0.16,-0.44,0.13,17.19,-51.47,7.21
1.83,1.05,-0.96,0.07,-0.23,-1.52,23.53,-25.62,-15.79
2.32,1.59,0.25,0.12,0.05,-0.83,10.25,-46.27,17.08
2.41,1.94,-1.38,0.11,-0.92,-0.66,-3.83,-43.92,-23.7
2.08,1.95,-1.27,0.09,-1.37,-0.49,-14.66,-46.6,-16.84
1.85,1.54,-0.21,0.19,-0.22,-1.45,25.53,-30.87,-2.77
1.66,1.9,0.78,0.1,0.29,-0.4,-6.76,-52.44,9.08
2.18,1.73,0.99,0.02,-0.06,0.45,-4.43,-51.92,-11.95
1.89,1.62,-1.14,0.22,0.1,0.01,4.0,-54.64,-5.2
2.36,1.08,-1.15,0.23,-1.29,0.45,20.64,-43.24,20.72
1.66,1.49,0.06,0.23,-0.34,-0.14,14.99,-52.48,0.92
1.87,1.63,0.67,0.25,-1.1,-0.39,11.31,-52.55,4.57
2.03,1.59,1.4,0.13,-1.21,-1.55,18.11,-32.7,15.12
2.14,2.22,1.46,0.01,-0.85,0.34,-21.83,-42.09,-18.68
2.65,1.23,-0.55,0.05,0.03,-1.47,22.7,-26.35,18.48
2.77,1.33,-0.28,0.19,-0.92,0.18,3.79,-52.49,15.38
2.97,2.33,0.1,0.07,-0.41,-0.17,-2.99,-47.26,-23.0
2.51,2.29,-0.66,0.18,-0.65,-1.55,15.26,-30.4,-17.2
3.12,2.34,-0.87,0.22,-0.04,0.27,-0.13,-43.74,-27.51
1.78,1.85,0.78,0.04,0.4,-0.81,-5.14,-48.19,15.03
1.66,2.13,-1.42,0.25,0.18,-0.2,-16.87,-47.98,-13.3
2.97,2.07,-0.97,0.24,0.11,-1.31,19.49,-38.17,2.24
2.01,1.76,1.22,0.01,0.25,-0.81,-10.23,-47.96,13.16
1.59,1.49,-0.09,0.24,-1.52,-0.83,9.59,-46.61,-16.76
2.05,1.12,0.73,0.05,-0.82,-1.03,29.28,-32.0,14.32
2.93,1.14,0.71,0.06,-0.01,-0.23,0.69,-48.37,23.79
2.61,2.3,1.57,0.07,-0.54,0.09,-14.42,-43.73,-23.81
2.6,1.21,-0.86,0.12,-1.15,-0.03,12.51,-51.42,14.01
2.0,1.93,-0.05,0.19,-0.05,-0.43,1.91,-53.73,-0.47
2.28,1.56,-0.2,0.03,0.46,-1.05,12.61,-43.31,17.37
2.07,1.13,-0.99,0.15,-0.72,0.14,19.6,-49.83,9.74
1.79,2.3,1.53,0.2,-0.14,-1.13,-17.67,-34.04,19.95
2.49,2.05,-1.46,0.06,-0.09,-1.16,10.48,-37.79,-21.82
2.4,1.3,-0.91,0.06,-0.94,0.35,6.19,-51.71,15.52
2.6,2.09,1.24,0.15,-1.38,-0.46,-6.86,-52.74,-5.76
1.99,1.16,-0.09,0.1,0.03,-1.35,29.29,-24.44,11.74
2.41,1.92,0.5,0.26,0.41,-1.39,-7.34,-35.52,19.96
2.05,1.52,-1.06,0.09,-1.12,-0.56,3.51,-51.6,-11.53
1.66,2.2,1.56,0.04,-0.65,-0.95,-10.51,-45.56,14.47
2.87,1.24,1.54,0.2,-0.69,-0.39,-6.56,-47.68,22.04
2.31,1.97,0.57,0.01,0.27,0.24,-10.75,-50.18,-14.87
2.06,1.31,-0.5,0.26,-0.48,-1.41,27.08,-26.45,-7.87
2.69,2.17,1.0,0.22,-1.55,-0.34,-7.33,-51.82,-11.23
2.78,1.55,0.41,0.01,-0.33,-1.28,6.57,-38.78,22.33
3.03,1.86,0.22,0.24,-0.2,-0.91,0.25,-47.01,14.78
1.72,1.34,-1.13,0.22,-0.12,0.47,9.8,-53.34,4.94
2.75,1.35,1.42,0.06,-0.97,-0.87,0.85,-42.4,25.53
2.54,1.92,0.35,0.15,-1.12,-0.61,6.46,-52.37,-3.7
2.9,1.58,0.13,0.08,0.31,-0.15,-0.14,-54.66,7.04
3.03,1.5,0.96,0.25,0.0,-0.17,-8.2,-52.51,11.53
2.7,1.53,-0.54,0.26,-0.55,-0.06,9.31,-53.58,7.14
3.09,2.09,0.33,0.08,-1.41,-0.59,9.79,-50.13,-11.28
1.9,2.05,0.89,0.09,-1.51,-0.99,3.84,-49.01,-8.41
1.77,1.24,-1.35,0.16,-0.67,-0.22,15.22,-51.81,-6.43
2.21,1.92,-0.72,0.23,-1.41,0.38,-4.08,-54.08,-0.04
1.89,1.18,-1.57,0.26,-1.02,-0.84,5.08,-47.74,-13.86
2.96,1.15,-1.04,0.25,-1.12,-0.77,19.76,-45.81,6.25
2.72,1.48,1.56,0.17,0.22,0.49,7.78,-53.57,4.62
3.09,1.86,-0.56,0.18,-0.67,-1.09,20.56,-41.71,1.35
1.73,2.33,-0.17,0.2,0.39,-0.55,-11.95,-50.79,-0.31
2.17,1.7,-1.44,0.12,-1.41,-0.03,-1.43,-54.67,-5.72
1.96,1.11,-0.78,0.08,0.09,0.31,14.54,-51.83,8.78
2.27,1.24,0.9,0.13,-1.55,0.2,6.85,-52.66,13.41
1.9,2.25,1.09,0.01,-1.07,-1.56,5.31,-42.59,2.55
2.63,1.9,-1.52,0.05,-0.77,-0.19,-2.97,-51.66,-15.12
2.28,1.34,-0.58,0.13,-0.46,-0.22,16.66,-51.48,5.7
2.98,1.58,-1.29,0.24,-0.9,-1.2,18.77,-37.31,-13.31
3.11,1.6,0.04,0.16,-0.66,-0.01,0.06,-54.99,5.22
1.97,1.14,-0.13,0.13,-0.07,-1.47,29.76,-20.76,7.62
2.96,1.73,0.43,0.24,-0.1,-1.28,-4.23,-37.28,22.01
1.58,1.58,0.68,0.22,-1.19,-1.28,22.54,-37.29,-7.9
1.61,1.51,0.76,0.06,0.02,-0.61,13.48,-49.78,10.59
1.95,2.13,-0.45,0.03,-0.4,-0.84,-1.9,-48.31,-14.56
2.83,1.62,0.87,0.13,-1.43,-1.3,15.36,-39.26,15.7
2.95,1.53,-0.4,0.22,-0.22,-1.08,17.07,-37.99,18.96
2.5,1.36,0.18,0.19,0.41,-1.09,6.39,-34.65,28.05
2.43,1.14,-1.04,0.14,-0.09,0.44,7.22,-51.18,15.99
3.03,1.4,1.52,0.17,0.43,0.3,1.98,-53.79,10.91
2.45,1.33,0.74,0.02,-0.82,0.07,6.28,-54.23,8.55
2.43,2.29,0.82,0.07,-0.83,-0.75,-7.25,-50.53,-6.5
2.99,1.8,0.1,0.15,-0.78,0.44,-8.03,-52.11,-9.78
1.81,2.14,-1.23,0.18,0.5,-1.08,3.94,-44.24,-15.81
2.79,1.86,0.34,0.22,-1.02,-1.33,16.63,-39.97,8.68
2.72,1.53,-0.19,0.13,0.26,-1.47,9.37,-31.34,23.86
2.5,2.3,0.31,0.1,0.05,0.1,-15.92,-45.13,-20.9
2.86,2.07,0.86,0.16,-1.27,-0.19,-5.56,-52.66,-11.16
2.89,2.17,0.06,0.25,0.34,-1.42,-6.0,-40.55,11.81
3.11,1.2,-1.56,0.17,-1.29,-0.74,8.61,-51.16,0.32
1.74,2.12,-0.8,0.0,-0.15,-1.45,3.13,-39.02,-17.83
2.2,1.96,-1.16,0.13,0.23,-0.59,4.0,-50.34,-13.32
2.42,1.9,0.12,0.1,0.3,-0.98,0.45,-47.95,12.28
3.04,2.06,0.23,0.11,0.34,-0.33,-5.59,-52.79,-9.1
1.86,1.8,-1.31,0.07,0.03,-1.22,7.42,-39.85,-20.0
1.83,1.77,1.45,0.08,-0.97,0.42,-13.58,-51.27,-5.52
1.61,1.63,0.89,0.06,0.18,0.24,-2.58,-54.73,-3.29
1.84,1.46,0.61,0.25,-0.49,-1.16,25.13,-34.07,11.93
2.39,2.09,-0.96,0.04,-1.2,-0.08,-11.86,-49.39,-16.42
2.14,2.17,-1.12,0.21,0.52,0.44,-21.95,-44.19,-14.39
2.52,2.29,-0.96,0.05,0.09,-0.35,-6.49,-47.26,-21.4
3.11,1.86,0.09,0.04,-0.34,-0.4,1.99,-54.24,-1.3
2.74,1.29,1.32,0.17,-0.32,0.14,2.45,-53.58,12.6
1.83,1.71,1.52,0.01,-1.43,-0.48,5.24,-53.82,2.64
1.99,1.46,0.15,0.19,0.51,-0.06,11.02,-53.44,6.74
3.09,1.34,1.34,0.04,-0.57,0.06,0.16,-54.32,10.22
2.56,1.97,-0.24,0.21,0.24,0.32,-7.27,-51.37,-13.9
2.13,1.72,0.44,0.04,0.46,-1.33,0.61,-39.45,20.6
1.93,1.95,1.05,0.02,0.33,-1.52,-10.21,-33.84,19.74
2.79,1.67,0.61,0.03,0.35,-0.78,-9.85,-49.14,11.66
2.96,1.41,0.81,0.26,-0.69,-0.9,-1.18,-39.0,27.53
2.18,2.21,0.13,0.24,-1.34,-1.27,7.35,-39.74,-18.62
2.92,1.16,1.11,0.07,-0.88,-0.82,1.35,-37.8,30.83
2.9,1.54,-1.51,0.23,0.47,-0.8,21.16,-44.31,5.92
3.12,1.16,-0.39,0.16,-0.38,-0.14,4.67,-48.02,24.0
2.04,2.09,-0.44,0.13,-1.53,-1.39,-5.13,-30.14,-26.24
2.93,1.36,-0.69,0.21,0.47,-1.01,12.75,-35.58,26.16
2.09,1.37,0.56,0.02,-1.46,-0.22,13.19,-53.15,3.4
2.4,1.18,-0.73,0.23,-0.2,-1.05,30.4,-31.52,5.9
2.92,1.94,-0.9,0.06,-1.21,-0.76,10.23,-43.86,-20.79
1.94,2.17,1.22,0.22,-1.13,-0.44,-12.55,-51.44,2.6
2.41,2.08,0.02,0.09,-0.37,-1.11,8.53,-47.57,-0.8
1.77,1.46,-1.08,0.02,-1.43,-0.53,-1.56,-52.91,-7.78
3.13,2.28,-0.16,0.09,-1.16,-0.41,8.71,-46.52,-21.34
2.71,2.2,-1.53,0.05,-0.67,-0.33,-4.13,-43.45,-26.94
2.99,1.53,-0.34,0.13,-1.41,-0.5,12.31,-52.01,2.6
2.42,1.13,0.52,0.14,-0.77,-0.31,17.95,-44.99,21.22
2.78,1.67,-1.34,0.22,0.46,-1.19,22.7,-37.99,5.37
2.06,2.07,0.73,0.14,-0.74,-1.35,8.96,-43.79,5.88
2.94,2.33,-1.48,0.2,-0.67,0.16,-1.97,-45.09,-26.06
2.13,1.33,1.32,0.16,0.41,-0.83,-4.16,-44.7,20.92
2.21,2.02,0.18,0.14,-0.01,-0.51,-3.21,-53.24,0.81
2.59,1.35,1.46,0.09,-0.32,-1.5,-10.37,-30.03,23.68
1.95,1.98,0.9,0.02,-1.45,-1.4,12.6,-42.24,-7.08
2.25,1.4,-1.04,0.07,-0.58,0.43,3.08,-52.89,11.87
2.87,1.73,-1.36,0.19,0.41,-0.68,16.98,-48.35,0.34
1.69,2.25,0.34,0.15,0.41,-0.54,-13.59,-49.72,7.63
1.68,1.48,0.96,0.13,-0.32,-0.28,11.26,-52.56,8.29
2.76,1.13,0.59,0.26,-1.33,-0.97,20.06,-32.86,25.41
2.62,1.27,1.12,0.12,0.0,-0.38,-0.19,-49.18,20.9
2.96,2.23,0.96,0.05,-0.27,-1.04,-13.79,-46.43,-2.86
2.61,1.88,-1.51,0.08,0.31,-1.43,19.82,-35.79,-8.91
1.81,1.73,-0.16,0.01,-0.86,0.34,-9.96,-52.99,4.11
2.68,1.85,-0.84,0.18,0.1,0.45,-8.09,-51.83,-10.94
2.35,1.69,1.08,0.01,0.39,-1.35,-14.97,-37.54,15.98
2.44,2.07,0.39,0.24,-1.45,0.02,-10.73,-52.53,-7.72
2.94,1.82,-1.19,0.19,-0.84,-0.29,9.09,-51.54,-11.4
2.8,2.04,0.04,0.09,-0.73,-1.36,15.27,-41.77,2.11
1.79,2.08,0.43,0.2,-0.5,0.2,-18.53,-50.2,-1.05
2.97,1.49,-0.58,0.0,-1.47,-1.05,15.98,-44.69,-8.11
2.23,1.77,0.46,0.08,-1.4,-0.15,-1.34,-54.9,-3.08
2.0,1.25,-0.64,0.03,0.46,-0.87,27.31,-39.7,8.85
2.02,1.4,1.29,0.16,-1.49,0.28,0.63,-54.31,6.96
1.68,1.83,-0.48,0.02,0.38,-1.11,13.32,-46.66,-0.64
1.61,2.28,1.35,0.23,-0.08,0.41,-26.84,-43.8,-2.63
2.5,2.1,0.81,0.21,-1.38,-1.38,12.15,-43.06,-0.35
3.04,1.67,0.38,0.01,-0.91,-0.26,2.99,-54.83,1.76
2.0,1.26,0.97,0.08,-0.15,-1.44,13.38,-28.32,24.86
2.93,1.63,1.51,0.21,-1.31,-0.03,-6.58,-54.55,1.39
3.06,1.6,-1.3,0.26,-1.52,0.49,4.9,-52.23,11.49
2.72,1.39,1.54,0.18,-0.86,-1.06,-5.39,-38.15,26.0
2.23,2.3,0.93,0.11,0.11,0.43,-19.27,-41.68,-21.53
2.34,2.27,0.38,0.25,-0.28,-0.12,-14.69,-50.34,-9.82
1.63,1.77,1.43,0.05,-1.18,-1.01,12.91,-47.45,6.45
2.02,1.81,0.48,0.13,-0.07,-1.19,9.93,-42.78,14.99
2.56,1.78,-1.29,0.13,-1.49,0.15,0.46,-54.78,-4.28
3.14,1.47,-0.07,0.01,-0.95,-0.61,10.96,-50.25,12.17
2.54,1.24,0.83,0.13,-0.07,-1.33,0.49,-28.59,29.43
1.67,1.22,-0.83,0.24,-0.37,-1.52,17.9,-24.68,-20.47
2.45,1.74,0.8,0.07,-1.38,-0.12,-1.56,-55.04,-1.57
2.97,2.26,0.55,0.04,-1.37,-0.04,-4.28,-46.73,-23.92
2.93,2.0,1.03,0.15,-0.49,-1.33,-10.56,-41.51,12.11
1.64,2.01,0.37,0.18,-1.32,-1.21,4.64,-43.43,-15.6
2.76,2.25,0.39,0.21,-0.94,-1.3,10.45,-44.06,-0.72
2.96,2.09,-1.51,0.19,-0.02,-0.19,6.7,-48.45,-19.91
2.13,1.75,-0.35,0.21,0.17,-1.07,18.57,-42.93,5.98
1.88,2.28,-1.5,0.2,-0.3,-0.1,-21.99,-43.99,-15.98
2.94,1.7,-0.45,0.02,-0.41,0.35,-7.2,-53.08,-7.41
2.24,1.44,1.55,0.14,-1.45,-1.14,16.79,-38.88,19.25
2.68,1.98,1.3,0.23,0.12,-1.49,-22.23,-29.57,9.16
2.86,1.47,0.74,0.09,-1.2,-0.34,5.35,-52.61,12.91
3.02,1.12,0.11,0.21,-1.29,0.4,-6.14,-48.1,22.33
3.09,1.76,1.06,0.0,-0.73,-0.37,-2.62,-54.48,1.03
2.78,2.2,-1.31,0.25,-1.46,-0.53,0.24,-38.37,-30.48
1.97,1.59,1.07,0.15,-1.13,0.14,-2.22,-54.89,3.75
1.8,2.08,-0.61,0.07,0.1,-0.77,-0.89,-50.72,-9.0
2.06,1.25,-0.02,0.07,-1.12,-0.3,19.53,-50.36,3.54
1.93,2.35,-1.22,0.14,-1.05,0.21,-23.05,-46.03,-9.29
2.93,1.48,-0.79,0.15,-0.06,-0.53,14.32,-49.19,12.14
2.54,1.3,-1.06,0.19,0.45,0.12,10.49,-53.32,8.69
2.24,1.97,0.94,0.1,-1.07,-0.7,1.45,-52.47,1.22
2.09,1.24,-1.32,0.06,-0.21,0.3,10.7,-52.27,11.64
3.11,1.06,0.03,0.16,0.32,0.43,3.53,-50.76,18.38
1.76,1.85,0.01,0.22,-0.47,-0.78,12.03,-49.2,-4.8
2.49,1.61,0.51,0.2,-0.63,-1.28,15.57,-36.55,18.34
1.88,2.34,1.17,0.06,-1.47,-0.88,-8.73,-49.15,-6.98
2.17,2.25,-0.9,0.21,0.45,0.39,-22.14,-43.05,-16.77
2.15,1.56,0.31,0.08,-1.57,0.47,-4.83,-52.79,9.21
2.88,2.35,0.93,0.06,0.24,-1.38,-22.4,-35.46,-3.09
2.21,1.64,0.52,0.25,-0.54,-1.4,18.9,-33.34,15.25
2.59,2.11,0.97,0.02,0.05,-0.62,-16.31,-49.04,-4.6
3.07,1.88,-1.27,0.08,-1.52,-1.26,6.61,-32.44,-26.1
2.39,2.03,-1.3,0.24,0.31,0.35,-12.61,-49.42,-14.8
2.82,1.43,1.23,0.23,-0.53,-0.44,-6.89,-48.71,19.05
2.97,1.23,0.71,0.09,-0.49,-0.24,0.8,-49.25,22.19
1.79,1.43,0.67,0.26,-0.94,-0.3,17.93,-50.17,7.21
2.55,1.68,0.28,0.15,-1.28,-0.9,17.3,-46.96,1.21
1.72,1.66,-1.3,0.12,0.01,-1.43,9.02,-34.0,-21.48
2.39,2.08,-0.62,0.1,-0.36,-0.35,-2.66,-51.17,-14.8
2.51,1.61,0.49,0.16,-0.34,-1.43,10.78,-33.42,21.76
2.0,1.45,0.06,0.25,-1.26,0.35,6.7,-52.69,11.5
2.02,1.55,1.09,0.22,-0.96,-1.37,19.87,-33.82,15.57
2.78,2.35,-1.17,0.03,0.0,0.1,-11.56,-42.64,-26.53
2.07,2.02,-0.32,0.08,0.47,-1.4,9.22,-42.73,8.3
2.85,1.28,0.43,0.16,0.48,-0.57,-4.42,-44.81,25.12
1.72,2.28,-1.24,0.09,-0.43,-1.06,-15.44,-34.24,-23.71
1.88,1.64,-0.0,0.09,-0.67,-0.14,4.02,-55.0,-0.74
2.38,1.36,1.29,0.1,-0.13,-0.33,2.37,-51.49,16.36
2.23,1.25,0.88,0.08,-0.39,-1.24,15.33,-31.18,25.65
2.33,2.34,0.66,0.06,0.27,0.42,-17.52,-39.49,-25.32
1.89,1.82,-0.95,0.24,-1.29,-0.55,-6.18,-48.41,-17.41
2.64,2.32,-0.89,0.11,-0.27,0.31,-16.32,-43.31,-22.51
3.14,1.89,-0.94,0.12,-0.57,-1.41,23.17,-33.77,-3.4
1.58,1.79,-0.31,0.03,-0.77,0.43,-11.26,-51.62,7.93
1.7,1.19,-1.0,0.15,-1.25,-1.44,-0.2,-37.96,-18.9
2.94,1.9,0.68,0.26,-1.41,-1.15,12.53,-45.19,7.79
2.74,1.69,-1.33,0.02,-1.47,-1.45,-1.58,-32.86,-23.43
2.29,2.07,0.71,0.12,-0.57,0.51,-19.44,-44.47,-16.26
2.22,1.78,-0.47,0.11,-0.86,-1.09,13.52,-42.41,-15.14
2.18,2.16,-1.22,0.02,0.37,-0.23,-13.09,-49.5,-14.57
2.44,1.85,-0.99,0.19,-0.2,0.43,-9.46,-52.79,-5.71
2.59,1.61,-1.21,0.11,-1.41,0.23,3.4,-54.77,4.17
3.09,1.15,-0.91,0.17,-1.27,-0.05,6.13,-49.95,20.67
1.69,1.41,-0.26,0.07,0.24,0.18,5.98,-54.89,0.23
2.89,1.68,1.07,0.1,-0.59,-1.13,-6.22,-42.7,19.03
2.23,1.34,1.16,0.18,0.4,0.2,9.83,-53.45,8.63
2.79,2.0,-0.18,0.21,-1.43,-1.49,19.14,-32.37,-13.71
2.0,1.61,1.55,0.22,-0.55,-0.41,-1.66,-51.22,14.57
2.48,2.09,1.49,0.12,-0.7,-0.25,-15.52,-50.49,-7.86
1.74,1.33,0.38,0.08,0.49,-0.99,18.86,-39.8,18.41
2.28,2.04,-0.21,0.23,0.32,-1.28,8.69,-43.16,9.85
2.35,1.05,1.35,0.1,-0.88,-0.3,15.14,-45.14,23.36
2.17,2.25,-0.89,0.13,-1.53,-0.55,-17.41,-38.94,-24.69
1.99,1.98,1.45,0.25,-0.87,-1.27,2.2,-40.98,17.59
1.85,1.63,1.07,0.13,-1.08,-1.33,21.05,-38.22,7.46
2.02,2.21,0.71,0.02,0.52,-0.59,-21.59,-46.4,2.83
3.01,1.96,-0.4,0.25,-0.76,-1.08,20.0,-41.9,-0.41
1.69,1.74,-0.84,0.1,-0.65,0.16,-3.98,-54.86,0.6
2.36,2.15,-0.27,0.16,-0.53,-0.28,-5.31,-51.51,-13.51
2.71,2.17,-0.87,0.21,-0.33,-1.11,17.18,-39.36,-14.02
2.02,1.92,1.16,0.1,-1.3,-0.36,-4.47,-54.12,-0.25
3.12,1.37,0.03,0.07,0.49,0.33,3.65,-54.42,5.73
1.65,1.95,0.52,0.07,-0.51,0.02,-13.15,-52.76,0.08
2.02,1.17,-0.43,0.06,-0.64,-0.31,22.53,-48.68,3.39
2.87,1.47,0.51,0.19,-1.47,0.01,-0.04,-53.99,11.04
2.96,2.05,-0.86,0.06,0.22,-1.04,12.42,-47.28,-0.82
2.64,1.99,-0.29,0.08,-0.38,0.31,-11.91,-49.79,-14.62
1.65,1.13,0.04,0.05,-0.87,-0.26,24.39,-47.85,-2.23
2.16,1.74,-0.3,0.01,-0.84,0.31,-10.08,-53.29,0.6
1.88,1.13,-0.99,0.25,-0.65,-0.36,23.98,-46.23,-7.18
2.21,1.54,-1.55,0.24,0.47,-0.1,8.66,-53.72,-5.46
2.55,1.08,-0.19,0.01,0.45,-0.71,14.54,-38.64,27.99
1.98,1.86,-1.17,0.26,-1.41,-0.79,-11.9,-42.56,-20.73
1.93,1.93,0.75,0.18,-1.14,-1.11,12.25,-46.53,-0.97
2.07,1.06,0.75,0.11,-1.01,0.14,17.26,-49.97,12.98
2.72,1.12,0.12,0.19,-0.77,-1.35,23.44,-23.72,20.81
2.35,1.39,0.42,0.05,-0.89,0.14,3.99,-54.67,6.82
3.12,1.14,-1.01,0.26,-0.64,-0.6,18.84,-43.54,17.85
1.69,2.14,0.64,0.07,0.25,-1.55,1.3,-36.68,18.01
2.19,1.94,-1.42,0.15,-1.5,-1.39,-18.03,-27.38,-21.29
2.21,1.17,1.07,0.07,-0.27,-0.84,12.72,-39.1,26.26
2.37,1.77,0.31,0.17,0.42,-0.36,-2.02,-53.5,7.77
2.77,2.29,0.91,0.11,0.46,-0.55,-20.27,-44.2,-14.09
2.36,2.29,0.47,0.1,-0.06,-0.69,-12.32,-49.9,-2.66
2.03,2.25,0.29,0.12,-1.03,-0.18,-17.16,-49.31,-10.16
2.1,2.0,-1.52,0.07,0.44,-1.1,7.78,-43.05,-17.34
2.7,2.14,1.26,0.1,-1.56,-1.27,6.37,-46.44,2.13
1.61,1.91,1.53,0.18,-1.48,-0.99,8.34,-48.94,5.08
2.14,2.23,-1.48,0.14,-1.0,-0.66,-18.37,-35.26,-25.92
1.82,2.17,0.07,0.13,-1.2,-0.4,-12.71,-50.19,-11.08
2.43,2.33,-1.06,0.22,-1.47,-0.07,-11.74,-44.38,-24.2
2.09,2.3,0.02,0.16,-1.57,-0.4,-14.63,-46.31,-18.25
2.96,1.63,0.48,0.24,-0.9,-0.3,1.37,-53.08,11.4
2.15,1.25,0.51,0.07,-0.12,-1.26,19.33,-30.49,23.1
1.69,1.42,-0.85,0.13,-1.07,-0.58,6.69,-50.48,-13.54
2.59,2.07,-0.89,0.22,-0.1,-0.65,10.55,-48.18,-12.96
2.12,1.34,-0.2,0.11,-1.5,0.06,11.94,-53.15,8.03
1.93,1.26,0.33,0.02,0.01,-0.06,14.73,-52.62,6.26
1.69,1.16,-0.13,0.15,0.01,-1.29,32.07,-24.34,0.86
2.84,1.23,-0.3,0.13,0.03,-0.78,13.73,-38.43,26.94
2.99,1.12,0.24,0.16,-0.81,-1.26,15.58,-26.08,27.99
1.77,1.82,-1.49,0.08,0.13,0.39,-11.39,-52.53,3.71
1.63,1.57,0.58,0.17,-1.43,-1.23,18.43,-39.71,-13.15
2.44,1.56,0.94,0.17,-0.75,-1.05,9.84,-41.03,21.38
2.7,1.32,0.63,0.09,-0.61,0.4,1.01,-54.34,5.68
2.52,1.75,0.51,0.25,-0.14,-1.12,3.28,-40.84,20.76
2.25,2.11,0.17,0.1,-0.42,-0.8,1.4,-51.34,-3.43
2.61,1.9,-0.36,0.15,-1.23,-0.08,-1.15,-53.95,-8.77
1.59,1.45,-0.55,0.0,0.04,-1.46,23.52,-32.92,-10.26
2.69,1.36,-1.26,0.22,-0.27,0.06,10.06,-53.43,8.33
2.27,1.97,0.79,0.01,-1.13,0.37,-18.43,-47.62,-11.76
2.07,1.9,-1.49,0.17,-1.38,-1.43,-18.91,-27.1,-19.5
2.82,1.24,0.48,0.08,-1.13,-0.34,10.21,-48.78,20.06
1.84,1.06,0.36,0.12,-0.24,0.0,23.67,-48.02,7.8
2.41,1.65,-1.5,0.05,-0.65,0.19,-1.22,-55.07,1.62
2.84,2.34,-1.25,0.01,-1.14,0.11,-9.28,-44.45,-25.38
2.6,1.32,-0.26,0.08,-0.98,0.21,2.98,-53.44,12.48
3.13,2.28,1.2,0.25,-1.07,-0.12,-7.94,-47.42,-21.32
2.09,2.09,1.34,0.18,-0.31,-1.03,-12.97,-42.38,15.51
2.87,1.13,0.33,0.09,-1.43,-1.27,24.02,-31.88,16.55
1.7,1.83,-1.01,0.18,-0.03,0.46,-11.69,-52.39,2.47
1.6,1.29,1.56,0.22,-1.28,-0.57,22.52,-45.66,10.1
1.72,1.44,0.81,0.24,-0.87,-0.67,22.97,-44.86,7.1
2.02,1.9,1.49,0.03,0.15,-1.3,-17.12,-36.36,16.1
3.01,2.12,0.93,0.12,-0.9,-0.65,-3.6,-52.18,-4.25
2.6,1.81,0.1,0.02,-0.79,0.43,-12.8,-50.67,-9.48
2.55,1.89,-0.47,0.08,-0.0,-1.02,13.03,-47.25,2.35
3.07,1.7,0.15,0.0,-1.19,-0.24,4.47,-54.65,-1.71
2.72,1.92,0.23,0.16,-1.22,-0.09,-2.63,-54.21,-7.03
3.1,1.8,-1.04,0.17,-0.12,-1.21,21.65,-38.62,4.37
1.9,1.69,0.77,0.13,-1.36,0.09,-3.42,-54.87,3.02
2.45,2.32,1.41,0.1,-1.51,-1.08,-3.33,-48.63,-3.74
2.89,2.35,-0.88,0.05,-0.58,-0.56,6.49,-41.7,-26.78
1.68,1.27,1.08,0.2,-0.08,0.42,12.05,-53.24,-0.97
2.04,1.81,0.35,0.24,-0.23,0.42,-10.25,-52.88,-3.56
2.37,1.93,-1.01,0.21,-0.08,-0.92,14.62,-44.14,-13.02
1.67,1.42,1.25,0.04,-0.36,-1.17,16.82,-38.4,18.52
2.26,1.52,0.9,0.07,-1.08,-1.39,21.14,-35.0,12.98
2.73,1.86,0.7,0.14,-0.27,-0.8,-4.95,-49.67,10.91
2.4,2.29,-0.92,0.25,0.08,-0.91,8.55,-44.18,-16.52
2.67,2.11,-0.55,0.18,-0.68,-1.07,15.93,-41.54,-13.4
3.02,1.34,-0.73,0.13,-0.65,-0.16,7.71,-52.51,13.41
2.83,1.99,0.21,0.09,0.43,-1.2,-9.88,-44.46,10.59
3.14,1.43,0.22,0.16,-0.35,-0.58,0.83,-46.8,22.59
3.06,1.86,0.82,0.04,-0.04,0.08,-0.71,-53.39,-11.23
1.6,1.4,0.24,0.19,-0.41,-0.39,21.34,-48.75,0.53
2.54,1.22,-0.03,0.23,-1.46,-0.95,25.56,-40.59,4.99
2.31,1.26,0.72,0.24,0.19,0.33,11.83,-52.49,9.75
3.05,2.01,-0.69,0.15,-1.41,0.12,-0.32,-52.99,-12.1
3.07,2.32,1.11,0.01,-1.46,-1.22,6.77,-46.58,-3.74
1.7,1.24,-0.22,0.18,-0.32,-1.35,29.11,-25.94,-8.14
2.68,2.07,0.59,0.01,-1.2,-0.3,-2.94,-51.86,-13.95
2.22,2.33,0.06,0.12,-1.56,0.49,-25.61,-43.5,-5.89
2.92,2.01,0.95,0.12,-0.8,-1.49,-1.13,-40.62,13.93
2.57,1.99,1.02,0.23,-1.08,0.44,-16.63,-47.53,-13.81
2.57,1.68,-0.12,0.23,-1.46,-0.39,9.8,-53.07,-2.17
2.96,1.06,0.79,0.05,0.37,0.02,3.3,-49.34,22.69
2.0,1.55,0.38,0.02,-0.45,0.07,1.1,-55.27,0.93
2.74,1.85,-0.81,0.09,-0.59,-0.22,3.29,-53.44,-9.54
2.88,1.95,0.78,0.1,-0.36,0.08,-5.12,-52.42,-13.06
1.75,1.24,0.23,0.23,-0.72,-1.45,29.41,-23.22,-4.6
2.58,1.55,-1.25,0.15,-1.04,0.07,5.33,-54.93,2.01
3.06,1.52,-0.06,0.24,-0.72,-0.23,5.12,-52.25,14.01
3.0,1.58,1.26,0.19,-0.49,0.17,-3.19,-55.01,0.57
2.86,2.15,0.24,0.24,-0.92,-1.05,11.42,-46.75,-0.74
2.13,2.24,-1.24,0.15,-0.45,-0.48,-11.18,-42.84,-24.1
2.94,1.15,-0.1,0.24,0.39,-0.03,5.83,-47.2,25.07
2.16,1.18,-0.69,0.13,-0.53,-0.69,26.62,-42.89,-0.8
2.01,1.24,1.3,0.22,-1.26,0.15,9.41,-52.66,11.8
2.7,2.24,-0.68,0.18,-0.69,0.52,-16.23,-45.82,-17.3
2.16,2.31,0.39,0.06,-0.11,-0.53,-15.19,-49.75,-5.59
2.08,2.11,-1.35,0.1,-1.13,0.48,-12.26,-51.78,-2.82
3.13,1.51,-0.05,0.05,-0.35,0.02,-0.04,-55.12,4.94
2.93,1.12,0.57,0.07,-1.25,-0.55,12.07,-43.15,25.84
2.12,1.27,0.34,0.26,-0.07,-0.63,22.15,-39.55,20.27
2.77,1.05,-0.19,0.24,-0.12,-1.14,18.74,-22.34,28.5
2.6,1.49,-0.23,0.21,0.16,0.35,2.49,-54.81,2.34
2.16,1.78,0.56,0.2,-0.96,0.36,-11.17,-52.85,0.2
2.63,2.14,0.7,0.02,0.03,-0.67,-13.24,-50.07,-3.8
2.69,2.3,-0.59,0.18,-0.54,-0.34,0.21,-47.31,-21.89
1.99,1.69,0.84,0.2,-0.34,0.44,-7.43,-53.49,-3.43
1.61,1.88,-0.58,0.25,-0.64,-1.28,4.99,-36.64,-21.9
1.74,1.33,-0.38,0.19,-1.0,-0.61,19.21,-46.62,-11.49
1.75,1.46,-0.22,0.05,-1.06,0.12,6.23,-54.82,3.28
2.48,1.98,0.24,0.1,0.52,-0.33,-8.95,-53.24,-2.13
1.7,2.11,-1.13,0.17,-1.13,0.05,-16.9,-50.53,-6.41
1.93,1.61,0.24,0.04,0.32,-1.28,13.67,-39.38,17.36
2.96,2.31,-0.32,0.02,-0.14,-0.44,0.96,-48.58,-19.64
3.08,1.65,1.15,0.05,0.44,0.52,9.52,-52.8,-1.58
3.1,2.02,1.54,0.24,-1.34,0.36,-6.63,-46.32,-22.67
2.58,1.8,-0.96,0.02,0.17,0.41,-12.18,-51.25,-8.56
2.34,1.46,0.69,0.14,-0.6,-1.43,17.08,-30.77,20.71
2.97,1.62,0.6,0.04,-1.44,-1.39,18.38,-37.56,12.27
3.0,1.74,-0.43,0.23,-0.76,0.11,0.76,-55.09,-0.31
2.72,1.51,1.15,0.19,-1.4,-0.85,8.96,-45.45,19.55
2.94,1.28,-0.16,0.23,-0.82,-1.57,22.39,-24.35,15.53
2.69,1.59,0.71,0.19,-1.05,-0.99,12.6,-43.29,17.75
2.63,1.6,-0.63,0.18,0.33,0.13,3.26,-55.1,0.46
1.91,1.97,-0.73,0.02,-0.54,0.29,-17.25,-50.61,-0.07
2.44,1.84,-0.66,0.21,-0.36,-0.9,17.1,-45.15,-7.3
1.9,1.31,-1.17,0.09,-1.48,0.09,14.7,-52.92,3.04
2.1,1.46,-0.57,0.06,-0.59,-0.27,11.8,-53.41,-0.62
2.38,2.11,0.71,0.24,0.26,-0.23,-14.88,-51.26,-2.68
2.94,1.18,-0.38,0.25,-0.1,-1.51,16.26,-18.91,24.53
2.19,1.35,-0.17,0.07,-1.24,-1.5,21.1,-32.37,-12.18
2.68,1.7,0.07,0.11,-1.41,-1.13,19.35,-42.62,-4.91
1.86,1.89,-0.4,0.1,0.14,-1.28,15.57,-42.99,-1.78
1.67,1.94,-0.3,0.2,0.24,-0.54,4.0,-52.87,-2.06
2.68,1.45,-1.39,0.21,-0.25,-0.28,14.07,-52.13,0.37
2.78,1.82,-0.39,0.1,0.23,-0.21,1.26,-54.77,-2.08
1.62,1.42,-1.38,0.24,-0.13,0.13,8.99,-54.23,-4.08
2.73,1.47,0.7,0.18,-0.58,-0.24,2.13,-52.09,15.46
1.99,1.82,0.83,0.26,-1.13,-0.39,2.69,-53.76,4.63
2.2,1.61,1.15,0.17,0.36,0.45,3.8,-54.21,-3.31
2.56,1.55,-1.13,0.13,-1.08,0.38,2.13,-53.84,8.82
2.84,1.31,0.99,0.21,-1.17,-0.23,1.65,-50.0,20.5
2.26,1.48,-0.89,0.12,-0.63,-0.79,17.01,-46.58,-9.46
2.71,1.94,-0.25,0.15,0.36,-1.37,4.75,-41.18,14.96
1.79,1.21,1.47,0.18,-0.22,0.34,14.48,-52.71,1.75
1.62,1.36,0.92,0.09,-0.13,0.23,8.43,-54.46,-0.87
2.31,1.3,0.17,0.09,-0.63,0.08,9.42,-53.31,10.28
2.68,1.11,-0.58,0.18,-1.21,-1.17,24.73,-38.03,0.81
2.52,1.25,1.39,0.1,0.5,-1.45,-17.11,-34.71,14.24
2.6,1.27,-0.32,0.01,-1.01,-0.3,13.41,-51.9,9.55
2.68,1.35,-1.43,0.23,0.11,0.52,0.19,-53.51,9.29
2.11,1.55,-0.24,0.14,0.19,-0.73,18.14,-46.9,9.14
2.82,2.23,-0.03,0.13,-0.07,0.26,-8.68,-45.23,-24.34
1.63,1.91,0.96,0.15,0.22,0.52,-13.34,-50.81,-7.4
3.0,2.16,-1.39,0.26,0.08,-0.02,5.51,-47.94,-21.51
1.99,1.61,-0.75,0.24,0.25,-0.43,15.34,-50.84,-3.19
2.0,1.68,0.52,0.05,0.37,-1.02,3.37,-45.12,18.19
1.64,2.11,-1.39,0.2,-0.3,0.37,-18.72,-49.76,0.41
3.1,1.64,-0.79,0.26,-0.24,-1.18,21.06,-36.74,12.08
2.59,1.8,-1.22,0.19,-0.69,-0.26,5.13,-52.03,-12.57
2.51,2.14,-0.71,0.22,-1.4,-0.79,1.7,-39.81,-26.93
1.99,1.94,0.79,0.07,-0.09,0.46,-15.61,-48.6,-12.28
2.33,1.19,-0.02,0.23,-0.46,0.42,8.6,-51.82,13.79
2.94,1.79,-0.45,0.06,-1.18,0.11,-2.88,-54.54,-5.68
3.0,1.58,0.12,0.2,0.24,0.13,0.9,-55.07,4.28
2.53,1.09,-1.46,0.04,0.1,0.45,3.7,-49.7,19.79
2.27,1.35,-0.06,0.15,-0.43,0.07,10.49,-53.23,9.42
2.93,2.2,1.49,0.16,0.18,-1.23,-25.89,-31.17,-9.36
1.86,2.28,-1.27,0.22,0.26,-1.21,1.45,-38.4,-21.34
1.65,2.33,-1.45,0.19,0.02,-1.42,-7.66,-28.92,-24.6
2.73,1.51,-0.84,0.07,-1.0,-0.9,16.58,-46.22,-7.36
1.62,2.36,-0.81,0.26,0.16,-0.93,-5.3,-45.41,-14.98
2.14,2.0,-0.85,0.06,-1.03,-0.34,-9.64,-49.56,-16.15
3.01,1.9,1.52,0.19,-1.09,-1.02,-10.56,-46.71,9.51
1.94,2.02,-1.14,0.24,0.36,0.42,-18.37,-48.94,-7.57
1.7,1.58,1.03,0.2,0.44,-0.02,3.55,-54.6,6.31
1.73,1.76,-0.89,0.01,-1.1,0.35,-4.47,-53.81,6.21
3.07,1.4,-0.31,0.04,-0.22,0.45,-4.52,-54.05,1.37
2.33,2.2,0.42,0.2,-1.53,0.39,-22.08,-46.47,-7.23
2.5,1.35,0.93,0.15,-0.3,0.4,4.84,-54.35,3.92
1.82,1.97,0.8,0.03,-0.48,0.1,-16.14,-51.29,-4.04
1.82,2.28,-0.97,0.1,0.15,0.33,-28.05,-42.63,-4.48
1.84,1.64,-0.39,0.07,-0.62,0.22,-3.05,-54.8,2.61
1.8,1.15,-1.03,0.18,-1.23,-0.01,21.58,-49.94,-0.3
2.99,1.69,-0.89,0.19,0.11,-0.21,8.15,-53.94,2.02
2.54,2.2,-0.48,0.23,-0.66,-1.23,15.27,-38.69,-14.43
3.07,1.3,0.62,0.15,-0.95,-1.47,8.22,-26.48,27.75
2.5,1.26,0.07,0.23,-1.46,-1.24,26.27,-35.73,0.82
2.32,1.16,1.33,0.23,-0.63,-0.4,9.62,-44.62,25.27
1.83,1.73,-1.5,0.06,0.5,-1.23,12.85,-40.7,-15.96
1.95,2.32,-0.73,0.13,-1.33,-0.07,-22.42,-45.17,-13.41
2.3,1.05,1.28,0.01,-0.11,-0.89,7.1,-38.92,28.2
2.99,1.49,0.86,0.17,-0.41,0.21,-1.49,-54.99,4.22
1.9,2.24,0.35,0.16,-1.31,0.36,-25.7,-44.8,-0.21
2.16,1.07,0.26,0.23,-0.2,0.11,20.19,-47.55,15.53
2.93,1.86,1.13,0.14,0.02,0.37,0.94,-52.46,-12.49
3.09,1.68,0.17,0.13,-1.29,-1.38,19.92,-37.3,8.98
2.81,2.15,-0.37,0.19,-0.45,-0.98,13.79,-46.04,-5.97
1.58,1.88,-0.27,0.01,-0.63,-0.46,-5.02,-52.94,-7.78
1.79,1.22,-0.37,0.12,0.21,0.36,11.3,-53.51,2.34
1.65,2.21,1.35,0.06,-1.02,-0.06,-22.75,-47.81,0.57
2.65,1.9,0.32,0.14,-1.11,0.21,-9.55,-52.8,-8.01
3.02,2.24,-0.83,0.01,-0.91,-0.4,5.67,-43.86,-25.92
2.17,1.82,0.52,0.14,-0.33,-1.34,12.23,-39.89,14.33
