nan
0.23297174
0.10039568
0.06805371
0.056908414
0.05460554
0.053171325
0.05213349
0.0512877
0.05053483
0.049836863
0.049257096
0.048742823
0.048289806
0.04783456
0.047126163
0.04658072
0.045990974
0.04532211
0.04456792
0.043774094
0.04321437
0.04241714
0.041404627
0.040404316
0.039395705
0.038402803
0.037356943
0.036261514
0.035146225
0.03406812
0.033006568
0.03193836
0.030961694
0.030087814
0.029399611
0.028849497
0.028435707
0.028120432
0.027874779
0.027668402
0.027518606
0.027377818
0.02727212
0.027175697
0.027096903
0.02701434
0.02695861
0.026878677
0.02683077
