0.5 0.32 -0.69 0.46 0.48 0.74 1.0 0.24 0.54
0.12 0.09 -0.84 0.63 0.32 0.45 0.34 0.53 0.81
0.09 0.28 -0.89 0.26 0.44 0.75 0.94 0.37 0.8
0.41 0.05 -0.76 0.7 0.39 0.28 0.16 0.64 0.22
0.25 0.38 -0.83 0.76 0.43 0.0 0.87 0.9 0.66
0.32 0.24 -0.8 0.78 0.13 0.41 0.34 0.53 0.81
0.21 0.29 -0.86 0.11 0.64 0.74 0.98 0.51 0.29
0.49 0.22 -0.72 0.46 0.5 0.83 0.8 0.33 0.42
0.14 -0.06 -0.8 0.59 0.57 0.31 0.29 0.7 0.47
0.31 -0.13 -0.69 0.68 0.56 0.29 0.12 0.61 0.23
0.15 0.13 -0.91 0.44 0.36 0.86 0.31 0.49 0.44
0.1 0.28 -0.88 0.31 0.38 0.88 0.87 0.4 0.88
0.32 0.22 -0.8 0.78 0.16 0.41 0.34 0.53 0.8
0.22 -0.0 -0.79 0.45 0.56 0.81 0.55 0.27 0.58
0.02 0.34 -0.92 0.25 0.43 0.81 0.87 0.66 0.8
0.15 0.18 -0.86 0.17 0.72 0.75 0.98 0.56 0.48
0.52 0.02 -0.67 0.79 0.4 0.29 0.12 0.64 0.18
0.26 0.16 -0.81 0.19 0.67 0.83 0.98 0.29 0.48
0.46 -0.1 -0.61 0.8 0.54 0.29 0.11 0.52 0.18
0.31 -0.11 -0.7 0.68 0.55 0.28 0.11 0.64 0.23
0.16 0.24 -0.94 0.54 0.13 0.31 0.16 0.64 0.43
0.09 0.24 -0.89 0.23 0.47 0.85 0.94 0.36 0.8
0.49 0.07 -0.66 0.96 0.17 0.65 0.0 0.27 0.55
0.17 0.0 -0.84 0.57 0.37 0.28 0.11 0.64 0.37
0.44 0.2 -0.75 0.41 0.53 0.83 0.8 0.33 0.42
0.23 0.38 -0.86 0.15 0.42 0.88 0.98 0.4 0.48
0.26 0.49 -0.81 0.52 0.24 0.71 0.87 0.64 0.86
0.05 0.54 -0.9 0.22 0.13 0.71 0.94 0.31 0.8
0.51 0.08 -0.62 0.65 0.73 0.54 0.88 0.37 0.56
0.31 -0.1 -0.69 0.73 0.49 0.29 0.11 0.54 0.36
0.37 0.35 -0.77 0.44 0.33 0.92 0.93 0.36 0.8
0.19 -0.03 -0.74 0.74 0.47 0.45 0.34 0.53 0.81
0.22 0.33 -0.86 0.14 0.48 0.89 0.98 0.44 0.48
0.2 0.26 -0.85 0.35 0.48 0.77 0.94 0.43 0.8
0.39 -0.09 -0.66 0.8 0.49 0.29 0.12 0.62 0.33
0.11 0.09 -0.85 0.64 0.24 0.75 0.2 0.32 0.76
0.02 -0.01 -0.89 0.46 0.44 0.28 0.16 0.77 0.37
0.27 0.19 -0.88 0.61 0.16 0.29 0.12 0.58 0.36
0.32 0.37 -0.83 0.32 0.32 0.87 0.87 0.34 0.58
0.21 0.26 -0.86 0.14 0.58 0.89 0.98 0.5 0.48
0.15 -0.04 -0.8 0.59 0.53 0.63 0.32 0.54 0.61
0.23 0.31 -0.89 0.27 0.34 0.85 0.77 0.26 0.53
0.38 -0.15 -0.6 0.83 0.55 0.29 0.11 0.57 0.37
0.21 0.11 -0.89 0.57 0.24 0.28 0.11 0.61 0.37
0.0 0.3 -0.94 0.16 0.45 0.77 0.87 0.49 0.66
0.16 0.3 -0.86 0.36 0.37 0.88 0.87 0.41 0.88
0.13 0.3 -0.9 0.41 0.31 0.63 0.72 0.42 0.76
0.27 -0.02 -0.77 0.68 0.52 0.31 0.3 0.73 0.47
0.59 0.16 -0.59 0.56 0.48 0.9 0.87 0.02 0.61
0.21 0.37 -0.89 0.31 0.26 0.77 0.8 0.24 0.64
0.27 0.42 -0.86 0.18 0.29 0.9 0.87 0.22 0.41
0.24 0.29 -0.86 0.35 0.47 0.64 0.89 0.37 0.61
0.52 0.28 -0.71 0.54 0.38 0.8 0.77 0.27 0.53
0.31 0.4 -0.84 0.28 0.31 0.86 0.87 0.33 0.5
0.16 0.27 -0.89 0.24 0.5 0.78 0.87 0.48 0.58
0.53 0.37 -0.71 0.55 0.28 0.79 0.77 0.26 0.53
0.14 0.52 -0.87 0.08 0.37 0.7 0.98 0.5 0.29
0.32 -0.1 -0.7 0.73 0.48 0.29 0.11 0.53 0.36
0.05 0.29 -0.92 0.31 0.29 0.94 0.7 0.4 0.81
0.3 0.37 -0.84 0.23 0.37 0.86 0.88 0.33 0.43
0.18 0.28 -0.89 0.2 0.44 0.86 0.89 0.34 0.58
0.09 -0.01 -0.86 0.52 0.45 0.28 0.16 0.83 0.37
0.35 0.29 -0.8 0.77 0.03 0.65 0.26 0.34 0.76
0.43 -0.15 -0.57 0.88 0.54 0.29 0.12 0.52 0.36
0.1 0.06 -0.84 0.64 0.27 0.75 0.2 0.3 0.76
0.3 0.19 -0.81 0.31 0.56 0.86 0.89 0.35 0.58
0.18 -0.04 -0.81 0.59 0.43 0.28 0.11 0.64 0.37
0.3 0.16 -0.82 0.77 0.1 0.51 0.06 0.46 0.61
0.14 0.06 -0.82 0.67 0.27 0.75 0.2 0.27 0.76
0.08 0.54 -0.92 0.38 0.1 0.6 0.59 0.73 0.57
0.38 0.17 -0.72 0.61 0.63 0.57 0.94 0.52 0.78
0.03 0.08 -0.85 0.24 0.71 0.76 0.94 0.48 0.8
0.15 0.1 -0.85 0.57 0.34 0.75 0.38 0.35 0.76
0.38 0.09 -0.71 0.88 0.32 0.45 0.34 0.53 0.81
0.16 0.26 -0.91 0.66 0.04 0.68 0.07 0.47 0.61
0.27 0.29 -0.84 0.7 0.03 0.65 0.26 0.31 0.76
0.24 0.48 -0.82 0.01 0.39 0.85 0.98 0.4 0.12
0.34 0.39 -0.82 0.41 0.23 0.83 0.8 0.24 0.64
0.17 0.2 -0.87 0.2 0.57 0.86 0.89 0.44 0.58
0.04 0.17 -0.88 0.24 0.59 0.75 0.94 0.47 0.8
0.16 0.22 -0.88 0.2 0.55 0.86 0.89 0.46 0.57
0.13 0.1 -0.91 0.54 0.28 0.31 0.16 0.69 0.43
0.22 0.36 -0.89 0.27 0.29 0.82 0.77 0.25 0.54
0.2 0.02 -0.8 0.73 0.25 0.51 0.04 0.45 0.61
0.06 0.47 -0.9 0.23 0.35 0.81 0.87 0.82 0.66
0.23 0.02 -0.74 0.47 0.76 0.62 0.93 0.43 0.8
0.21 0.38 -0.87 0.15 0.44 0.86 0.98 0.47 0.48
0.24 0.04 -0.82 0.5 0.45 0.88 0.45 0.27 0.58
0.28 0.16 -0.87 0.63 0.19 0.29 0.12 0.62 0.37
0.39 0.21 -0.75 0.85 0.17 0.41 0.34 0.53 0.81
0.08 0.54 -0.93 0.41 0.09 0.59 0.54 0.79 0.57
0.11 0.07 -0.84 0.63 0.35 0.44 0.34 0.53 0.81
0.23 0.31 -0.89 0.27 0.34 0.85 0.77 0.26 0.53
0.29 -0.14 -0.67 0.73 0.53 0.28 0.11 0.54 0.36
0.21 0.06 -0.82 0.75 0.3 0.85 0.06 0.44 0.61
0.03 0.36 -0.93 0.06 0.62 0.56 0.98 0.63 0.26
0.11 0.21 -0.89 0.24 0.51 0.86 0.89 0.43 0.74
0.37 0.07 -0.79 0.7 0.32 0.28 0.11 0.67 0.3
0.23 0.11 -0.84 0.27 0.56 0.88 0.77 0.26 0.52
0.3 0.28 -0.83 0.41 0.48 0.6 0.87 0.36 0.57
0.28 0.05 -0.82 0.66 0.38 0.28 0.16 0.79 0.37
0.37 0.07 -0.79 0.7 0.32 0.28 0.11 0.67 0.3
0.65 0.17 -0.54 0.62 0.46 0.88 0.87 0.0 0.61
0.16 -0.02 -0.76 0.71 0.46 0.45 0.34 0.53 0.81
0.18 -0.04 -0.81 0.59 0.43 0.28 0.12 0.64 0.37
0.19 0.39 -0.9 0.29 0.23 0.77 0.8 0.24 0.64
0.21 0.38 -0.87 0.15 0.44 0.86 0.98 0.47 0.48
0.2 -0.03 -0.82 0.54 0.45 0.28 0.11 0.62 0.23
0.41 0.24 -0.76 0.83 0.09 0.65 0.26 0.35 0.76
0.24 0.31 -0.88 0.24 0.41 0.79 0.8 0.32 0.42
0.21 0.13 -0.89 0.57 0.22 0.28 0.11 0.61 0.37
0.15 0.1 -0.8 0.59 0.53 0.49 0.75 0.53 0.97
0.08 0.5 -0.89 0.23 0.16 0.8 0.94 0.31 0.8
0.2 0.25 -0.87 0.15 0.58 0.8 0.98 0.37 0.47
0.29 0.21 -0.77 0.64 0.58 0.52 0.87 0.71 0.86
0.33 0.18 -0.77 0.64 0.49 0.55 0.75 0.53 0.8
0.27 0.29 -0.84 0.7 0.03 0.65 0.26 0.31 0.76
0.34 -0.15 -0.63 0.78 0.55 0.28 0.12 0.54 0.36
0.28 0.24 -0.85 0.35 0.4 0.83 0.76 0.28 0.58
0.28 0.33 -0.85 0.36 0.3 0.81 0.8 0.24 0.64
0.36 0.32 -0.81 0.42 0.3 0.83 0.8 0.24 0.64
0.02 0.25 -0.92 0.2 0.42 0.88 0.87 0.4 0.82
0.11 0.35 -0.91 0.31 0.45 0.54 0.89 0.53 0.61
0.36 0.4 -0.78 0.44 0.28 0.89 0.94 0.36 0.8
0.24 0.35 -0.88 0.35 0.29 0.74 0.8 0.27 0.64
0.24 0.27 -0.88 0.35 0.37 0.71 0.71 0.28 0.54
0.29 0.02 -0.76 0.63 0.58 0.54 0.53 0.52 0.61
0.21 0.3 -0.86 0.15 0.54 0.86 0.98 0.51 0.47
0.19 0.49 -0.85 0.35 0.2 0.69 0.94 0.34 0.79
0.15 0.51 -0.91 0.51 0.08 0.63 0.4 0.91 0.57
0.14 0.16 -0.85 0.44 0.68 0.5 0.87 0.72 0.7
0.15 0.23 -0.87 0.26 0.47 0.89 0.94 0.36 0.8
0.31 0.03 -0.77 0.62 0.42 0.85 0.36 0.24 0.58
0.39 -0.16 -0.58 0.86 0.55 0.29 0.12 0.55 0.37
0.11 0.09 -0.85 0.64 0.24 0.75 0.2 0.32 0.76
0.31 0.19 -0.79 0.78 0.2 0.41 0.34 0.53 0.81
0.14 0.06 -0.8 0.38 0.71 0.62 0.93 0.42 0.8
0.01 0.45 -0.94 0.16 0.3 0.8 0.87 0.54 0.66
0.1 0.01 -0.87 0.54 0.4 0.31 0.16 0.71 0.43
0.45 -0.15 -0.55 0.91 0.54 0.29 0.12 0.53 0.36
0.34 0.02 -0.73 0.38 0.67 0.88 0.77 0.26 0.52
0.56 0.12 -0.69 0.8 0.29 0.29 0.11 0.56 0.18
0.21 0.32 -0.86 0.14 0.5 0.89 0.98 0.45 0.48
0.53 0.37 -0.71 0.55 0.28 0.79 0.77 0.26 0.53
0.2 0.32 -0.89 0.31 0.32 0.74 0.8 0.24 0.65
0.19 0.49 -0.85 0.33 0.18 0.76 0.94 0.31 0.8
0.31 0.27 -0.82 0.74 0.03 0.65 0.25 0.31 0.76
0.25 0.03 -0.74 0.44 0.8 0.63 0.94 0.46 0.71
0.22 -0.0 -0.79 0.59 0.56 0.54 0.45 0.55 0.61
0.47 0.32 -0.75 0.44 0.4 0.82 0.8 0.36 0.42
0.07 0.41 -0.91 0.26 0.29 0.7 0.94 0.37 0.8
0.29 0.19 -0.77 0.64 0.6 0.52 0.87 0.71 0.86
0.34 0.39 -0.82 0.41 0.23 0.83 0.8 0.24 0.64
0.23 0.18 -0.84 0.35 0.59 0.59 0.87 0.36 0.57
0.07 0.06 -0.87 0.6 0.22 0.51 0.06 0.48 0.61
0.2 0.25 -0.87 0.15 0.58 0.8 0.98 0.37 0.47
0.34 0.32 -0.84 0.48 0.24 0.77 0.62 0.27 0.58
0.34 0.22 -0.8 0.77 0.1 0.65 0.26 0.34 0.76
0.28 0.05 -0.78 0.78 0.22 0.51 0.06 0.44 0.61
0.33 0.05 -0.73 0.9 0.18 0.65 0.0 0.32 0.68
0.06 0.52 -0.89 0.22 0.13 0.75 0.94 0.29 0.8
0.39 0.19 -0.72 0.62 0.6 0.57 0.94 0.52 0.78
0.21 0.29 -0.87 0.19 0.55 0.74 0.98 0.37 0.48
0.17 0.21 -0.86 0.35 0.58 0.62 0.93 0.45 0.71
0.17 0.48 -0.87 0.33 0.22 0.68 0.94 0.34 0.76
0.31 0.4 -0.84 0.19 0.27 0.97 0.87 0.19 0.4
0.4 0.23 -0.79 0.57 0.3 0.84 0.55 0.3 0.58
0.26 0.46 -0.83 0.13 0.43 0.75 0.98 0.43 0.24
0.39 0.03 -0.66 0.57 0.79 0.63 0.94 0.43 0.71
0.36 0.1 -0.69 0.18 0.99 0.67 0.98 0.61 0.01
0.29 0.15 -0.87 0.61 0.27 0.28 0.16 0.74 0.3
0.14 0.16 -0.87 0.23 0.63 0.78 0.87 0.49 0.58
0.09 0.09 -0.87 0.19 0.69 0.77 0.87 0.44 0.58
0.22 0.18 -0.83 0.56 0.49 0.5 0.75 0.53 0.8
0.23 0.3 -0.85 0.39 0.47 0.61 0.94 0.44 0.71
0.27 0.42 -0.83 0.36 0.27 0.82 0.94 0.34 0.76
0.39 -0.09 -0.66 0.8 0.49 0.29 0.12 0.62 0.33
0.05 0.31 -0.91 0.22 0.39 0.75 0.94 0.35 0.8
0.08 0.05 -0.84 0.39 0.57 0.77 0.69 0.39 0.81
0.4 0.12 -0.77 0.76 0.37 0.31 0.3 0.74 0.47
0.48 0.08 -0.67 0.96 0.17 0.65 0.0 0.3 0.55
0.35 0.23 -0.76 0.87 0.62 0.01 0.87 0.95 0.66
0.15 0.1 -0.85 0.57 0.34 0.75 0.38 0.35 0.76
0.42 -0.15 -0.59 0.78 0.6 0.29 0.11 0.52 0.18
0.06 0.47 -0.9 0.23 0.35 0.81 0.87 0.82 0.66
0.16 -0.02 -0.83 0.57 0.4 0.28 0.11 0.64 0.37
0.35 0.15 -0.78 0.46 0.53 0.79 0.8 0.35 0.64
0.39 0.09 -0.76 0.77 0.4 0.31 0.29 0.74 0.47
0.51 0.08 -0.62 0.65 0.73 0.54 0.88 0.37 0.56
0.29 0.07 -0.78 0.78 0.2 0.51 0.06 0.44 0.61
0.4 0.05 -0.77 0.68 0.38 0.28 0.15 0.64 0.23
0.19 0.19 -0.85 0.68 0.2 0.45 0.34 0.53 0.81
0.38 0.17 -0.72 0.61 0.63 0.57 0.94 0.52 0.78
0.07 0.5 -0.9 0.26 0.18 0.69 0.94 0.35 0.8
0.31 -0.11 -0.69 0.73 0.49 0.29 0.11 0.54 0.36
0.23 0.15 -0.82 0.31 0.6 0.86 0.89 0.42 0.67
0.14 0.07 -0.83 0.67 0.26 0.75 0.2 0.3 0.76
0.48 0.08 -0.67 0.96 0.17 0.65 0.0 0.29 0.55
0.27 -0.07 -0.72 0.62 0.53 0.85 0.36 0.23 0.58
0.31 0.14 -0.81 0.8 0.12 0.51 0.05 0.51 0.61
