-0.0 0.12 -0.88 0.24 0.6 0.75 0.94 0.47 0.8
0.22 0.39 -0.9 0.58 0.09 0.63 0.22 0.99 0.43
0.05 0.04 -0.86 0.19 0.69 0.77 0.87 0.44 0.58
0.37 0.24 -0.81 0.66 0.16 0.86 0.36 0.29 0.58
0.4 -0.19 -0.58 0.78 0.6 0.29 0.11 0.52 0.18
0.05 0.32 -0.9 0.26 0.34 0.72 0.94 0.37 0.8
0.34 0.27 -0.83 0.64 0.13 0.86 0.36 0.29 0.59
0.11 0.15 -0.87 0.23 0.58 0.78 0.87 0.48 0.57
0.45 0.16 -0.69 0.93 0.19 0.45 0.34 0.53 0.81
0.44 -0.19 -0.52 0.92 0.55 0.29 0.11 0.53 0.36
0.39 0.17 -0.77 0.47 0.46 0.73 0.77 0.26 0.53
0.41 0.25 -0.76 0.49 0.33 0.85 0.8 0.24 0.64
0.48 -0.06 -0.64 0.79 0.45 0.29 0.11 0.62 0.18
0.18 0.22 -0.9 0.42 0.27 0.76 0.55 0.3 0.58
0.25 0.23 -0.84 0.32 0.48 0.82 0.87 0.47 0.57
0.37 0.08 -0.73 0.87 0.17 0.65 0.12 0.37 0.68
0.27 0.03 -0.77 0.8 0.21 0.51 0.05 0.48 0.61
0.47 -0.11 -0.61 0.8 0.5 0.29 0.11 0.51 0.17
0.32 0.25 -0.82 0.41 0.38 0.73 0.77 0.27 0.53
0.23 -0.05 -0.71 0.44 0.82 0.69 0.93 0.46 0.71
0.3 0.22 -0.8 0.78 0.11 0.41 0.34 0.53 0.81
0.21 -0.04 -0.79 0.64 0.5 0.31 0.3 0.73 0.47
0.02 0.14 -0.9 0.18 0.53 0.87 0.87 0.41 0.69
0.33 0.19 -0.79 0.46 0.44 0.79 0.8 0.35 0.64
0.49 -0.05 -0.63 0.8 0.44 0.29 0.12 0.51 0.18
0.08 0.02 -0.83 0.63 0.35 0.44 0.34 0.53 0.81
0.25 0.03 -0.75 0.78 0.33 0.41 0.34 0.53 0.81
0.09 0.24 -0.89 0.24 0.43 0.82 0.94 0.35 0.76
0.2 0.14 -0.82 0.56 0.48 0.5 0.75 0.52 0.79
0.13 0.15 -0.87 0.2 0.57 0.86 0.89 0.44 0.58
0.2 0.07 -0.77 0.65 0.5 0.49 0.75 0.5 0.97
0.22 0.24 -0.85 0.47 0.31 0.95 0.69 0.4 0.79
0.1 0.11 -0.84 0.44 0.68 0.5 0.87 0.72 0.7
0.04 0.26 -0.92 0.33 0.28 0.94 0.7 0.4 0.81
0.4 0.25 -0.8 0.73 0.17 0.31 0.3 0.66 0.45
0.27 -0.03 -0.75 0.63 0.58 0.54 0.53 0.52 0.61
0.15 0.39 -0.85 0.01 0.47 0.79 0.98 0.42 0.16
0.16 0.44 -0.86 0.35 0.2 0.69 0.94 0.34 0.79
0.04 -0.0 -0.83 0.39 0.57 0.77 0.69 0.39 0.81
0.27 0.15 -0.86 0.63 0.16 0.28 0.12 0.59 0.37
0.18 0.28 -0.86 0.14 0.48 0.89 0.98 0.44 0.48
0.03 0.39 -0.9 0.23 0.41 0.81 0.87 0.83 0.66
0.38 0.17 -0.79 0.57 0.32 0.85 0.55 0.29 0.58
0.11 0.05 -0.79 0.59 0.53 0.49 0.75 0.53 0.97
0.18 0.13 -0.89 0.44 0.34 0.92 0.37 0.46 0.44
0.15 -0.03 -0.84 0.57 0.37 0.28 0.11 0.64 0.37
0.24 0.19 -0.8 0.73 0.63 0.14 0.87 0.95 0.66
0.24 -0.03 -0.75 0.78 0.27 0.51 0.06 0.45 0.61
0.26 0.1 -0.85 0.63 0.22 0.29 0.12 0.62 0.37
0.16 0.44 -0.86 0.35 0.2 0.69 0.94 0.34 0.79
0.24 0.25 -0.82 0.51 0.48 0.54 0.93 0.52 0.78
0.54 0.1 -0.69 0.8 0.28 0.29 0.12 0.63 0.18
0.29 0.06 -0.82 0.66 0.32 0.29 0.16 0.78 0.35
0.05 0.45 -0.9 0.23 0.16 0.8 0.94 0.31 0.8
0.08 0.16 -0.86 0.3 0.55 0.75 0.94 0.47 0.8
0.16 0.11 -0.88 0.4 0.37 0.83 0.5 0.27 0.54
0.44 -0.08 -0.59 0.99 0.3 0.64 0.0 0.25 0.55
0.06 0.06 -0.88 0.6 0.18 0.51 0.06 0.49 0.61
0.09 0.21 -0.88 0.24 0.45 0.83 0.94 0.35 0.76
0.53 0.04 -0.66 0.8 0.34 0.29 0.12 0.51 0.17
0.25 -0.17 -0.69 0.65 0.57 0.28 0.12 0.62 0.23
0.06 0.06 -0.88 0.6 0.18 0.51 0.06 0.49 0.61
0.11 0.02 -0.81 0.66 0.35 0.41 0.34 0.53 0.81
0.29 0.15 -0.81 0.77 0.06 0.51 0.05 0.45 0.61
0.11 0.15 -0.87 0.23 0.58 0.78 0.87 0.48 0.57
0.4 0.01 -0.75 0.7 0.39 0.28 0.16 0.64 0.22
0.2 0.42 -0.85 0.36 0.22 0.72 0.93 0.34 0.76
0.25 0.25 -0.84 0.7 0.02 0.65 0.26 0.31 0.76
0.15 -0.04 -0.79 0.71 0.28 0.51 0.04 0.46 0.61
0.22 0.12 -0.88 0.59 0.19 0.28 0.12 0.59 0.37
0.11 0.08 -0.9 0.54 0.27 0.31 0.16 0.69 0.43
0.33 0.27 -0.82 0.33 0.4 0.82 0.8 0.33 0.42
0.26 0.14 -0.87 0.59 0.25 0.29 0.16 0.73 0.28
0.0 0.38 -0.92 0.2 0.25 0.77 0.94 0.31 0.8
0.03 0.45 -0.9 0.26 0.18 0.69 0.94 0.35 0.8
0.37 -0.2 -0.57 0.86 0.55 0.29 0.12 0.55 0.37
0.48 -0.06 -0.64 0.79 0.45 0.29 0.11 0.62 0.18
0.36 0.04 -0.69 0.88 0.33 0.45 0.34 0.53 0.81
0.2 0.15 -0.86 0.35 0.47 0.7 0.77 0.28 0.58
0.22 0.13 -0.88 0.59 0.18 0.29 0.11 0.59 0.37
0.14 0.3 -0.87 0.06 0.54 0.79 0.98 0.46 0.3
0.21 -0.03 -0.73 0.44 0.8 0.63 0.94 0.46 0.71
0.15 0.24 -0.88 0.2 0.44 0.86 0.89 0.34 0.58
0.03 0.23 -0.9 0.22 0.43 0.79 0.93 0.35 0.8
0.34 0.12 -0.74 0.84 0.24 0.45 0.34 0.53 0.81
0.46 -0.03 -0.62 0.98 0.24 0.64 0.0 0.26 0.55
0.43 -0.11 -0.64 0.8 0.48 0.29 0.11 0.61 0.24
0.09 0.11 -0.84 0.44 0.68 0.5 0.87 0.73 0.71
0.03 0.43 -0.9 0.23 0.35 0.81 0.87 0.82 0.66
0.18 0.27 -0.86 0.14 0.5 0.89 0.98 0.45 0.48
0.46 0.04 -0.66 0.96 0.17 0.65 0.0 0.3 0.55
0.29 0.05 -0.79 0.51 0.45 0.88 0.55 0.27 0.58
0.2 0.08 -0.77 0.61 0.67 0.52 0.87 0.7 0.86
0.18 0.2 -0.85 0.38 0.54 0.62 0.94 0.45 0.71
0.18 0.33 -0.86 0.09 0.52 0.77 0.98 0.46 0.26
0.3 0.19 -0.82 0.38 0.44 0.76 0.77 0.26 0.52
0.37 0.14 -0.72 0.62 0.6 0.57 0.93 0.52 0.78
0.62 0.12 -0.54 0.62 0.46 0.88 0.87 0.0 0.61
0.16 -0.1 -0.78 0.59 0.44 0.28 0.12 0.57 0.37
0.09 0.11 -0.84 0.44 0.68 0.5 0.87 0.73 0.71
0.5 -0.01 -0.66 0.79 0.4 0.29 0.12 0.64 0.18
0.1 0.11 -0.84 0.44 0.68 0.5 0.87 0.72 0.7
0.29 0.24 -0.82 0.74 0.02 0.65 0.24 0.3 0.76
0.08 0.12 -0.86 0.24 0.56 0.83 0.94 0.36 0.76
0.29 0.32 -0.83 0.31 0.33 0.86 0.89 0.29 0.58
0.09 0.39 -0.93 0.56 0.09 0.63 0.23 1.0 0.57
0.23 -0.05 -0.75 0.31 0.69 0.89 0.77 0.24 0.52
0.25 0.17 -0.86 0.46 0.32 0.83 0.56 0.28 0.58
0.08 0.43 -0.93 0.51 0.08 0.63 0.32 0.91 0.57
0.2 0.37 -0.85 0.11 0.48 0.76 0.98 0.45 0.26
0.34 0.27 -0.83 0.64 0.13 0.86 0.36 0.29 0.59
0.37 0.08 -0.73 0.87 0.17 0.65 0.12 0.37 0.68
-0.02 0.47 -0.91 0.06 0.41 0.56 0.98 0.54 0.3
0.26 0.1 -0.85 0.63 0.22 0.29 0.12 0.63 0.37
0.13 -0.01 -0.8 0.56 0.41 0.63 0.44 0.29 0.76
0.28 -0.05 -0.74 0.53 0.56 0.87 0.55 0.27 0.58
0.07 0.1 -0.85 0.43 0.68 0.5 0.87 0.71 0.72
0.07 0.16 -0.88 0.24 0.51 0.86 0.89 0.43 0.74
0.32 0.38 -0.8 0.5 0.36 0.57 0.89 0.53 0.61
0.12 0.02 -0.81 0.67 0.27 0.75 0.2 0.27 0.76
0.19 0.04 -0.86 0.59 0.29 0.28 0.12 0.64 0.37
0.16 -0.0 -0.85 0.57 0.34 0.28 0.11 0.66 0.37
0.16 0.18 -0.86 0.15 0.61 0.8 0.98 0.37 0.47
0.37 0.02 -0.77 0.68 0.35 0.29 0.12 0.65 0.23
0.11 0.49 -0.87 0.28 0.12 0.8 0.94 0.31 0.8
0.27 -0.06 -0.74 0.71 0.53 0.31 0.3 0.73 0.47
0.19 0.3 -0.89 0.28 0.39 0.71 0.8 0.4 0.47
0.28 -0.03 -0.75 0.63 0.57 0.54 0.53 0.5 0.61
0.01 -0.06 -0.86 0.43 0.51 0.6 0.3 0.53 0.47
0.13 0.21 -0.93 0.54 0.11 0.31 0.16 0.64 0.43
0.28 -0.12 -0.71 0.71 0.46 0.29 0.11 0.54 0.36
0.47 -0.08 -0.63 0.79 0.47 0.29 0.12 0.6 0.18
0.45 -0.06 -0.6 0.99 0.27 0.64 0.0 0.24 0.55
0.45 -0.02 -0.63 0.96 0.23 0.64 0.0 0.26 0.55
0.29 -0.14 -0.68 0.73 0.49 0.29 0.11 0.54 0.36
0.29 0.14 -0.78 0.78 0.2 0.41 0.34 0.53 0.81
0.07 -0.05 -0.85 0.52 0.45 0.28 0.16 0.83 0.37
0.6 0.21 -0.57 0.61 0.58 0.68 1.0 0.25 0.51
0.33 0.02 -0.71 0.9 0.19 0.65 0.0 0.33 0.64
0.4 0.26 -0.75 0.84 0.03 0.65 0.26 0.37 0.76
0.23 0.37 -0.84 0.36 0.27 0.82 0.94 0.34 0.76
0.29 0.11 -0.78 0.81 0.12 0.65 0.12 0.33 0.73
0.12 0.03 -0.81 0.29 0.66 0.8 0.94 0.33 0.76
0.14 -0.0 -0.79 0.67 0.25 0.75 0.2 0.14 0.76
0.19 0.3 -0.86 0.15 0.46 0.89 0.98 0.42 0.48
0.33 0.35 -0.78 0.44 0.28 0.89 0.94 0.36 0.8
0.39 0.26 -0.76 0.83 0.03 0.65 0.26 0.35 0.76
0.06 0.26 -0.91 0.35 0.28 0.94 0.7 0.4 0.81
0.44 -0.08 -0.59 0.99 0.3 0.64 0.0 0.25 0.55
0.2 0.37 -0.85 0.17 0.46 0.75 0.98 0.48 0.37
0.4 0.26 -0.75 0.84 0.03 0.65 0.26 0.37 0.76
0.36 0.2 -0.77 0.81 0.09 0.65 0.26 0.34 0.76
0.49 0.25 -0.74 0.81 0.17 0.31 0.29 0.66 0.45
0.48 0.3 -0.73 0.54 0.32 0.75 0.77 0.26 0.53
0.29 0.16 -0.79 0.78 0.18 0.41 0.34 0.53 0.81
0.46 0.04 -0.66 0.96 0.17 0.65 0.0 0.3 0.55
0.19 0.28 -0.87 0.29 0.44 0.78 0.87 0.48 0.58
0.11 0.03 -0.83 0.23 0.7 0.77 0.87 0.41 0.58
0.43 0.04 -0.68 0.94 0.19 0.65 0.0 0.35 0.55
0.36 0.04 -0.69 0.88 0.33 0.45 0.34 0.53 0.81
0.1 0.25 -0.9 0.38 0.29 0.94 0.69 0.4 0.81
0.23 0.3 -0.87 0.34 0.28 0.82 0.8 0.24 0.64
0.25 0.1 -0.82 0.36 0.54 0.73 0.77 0.26 0.53
0.25 0.1 -0.82 0.36 0.54 0.73 0.77 0.26 0.53
0.12 0.13 -0.85 0.17 0.71 0.75 0.98 0.54 0.48
0.22 0.16 -0.84 0.37 0.56 0.59 0.87 0.36 0.58
0.25 0.17 -0.86 0.46 0.32 0.83 0.56 0.28 0.58
0.4 0.27 -0.77 0.48 0.31 0.85 0.8 0.24 0.64
0.15 0.02 -0.8 0.59 0.48 0.45 0.58 0.44 0.81
0.42 -0.01 -0.67 0.74 0.55 0.6 0.54 0.45 0.61
0.24 0.33 -0.86 0.19 0.32 0.97 0.87 0.28 0.46
0.38 0.03 -0.76 0.73 0.32 0.29 0.11 0.67 0.3
-0.01 0.31 -0.92 0.06 0.62 0.56 0.98 0.63 0.26
0.4 0.27 -0.77 0.48 0.31 0.85 0.8 0.24 0.64
0.12 0.0 -0.81 0.56 0.41 0.63 0.44 0.35 0.76
0.27 0.14 -0.8 0.31 0.56 0.86 0.89 0.35 0.58
0.16 0.15 -0.89 0.41 0.35 0.76 0.55 0.29 0.58
0.33 0.41 -0.81 0.43 0.16 0.82 0.8 0.24 0.64
0.24 0.25 -0.82 0.51 0.48 0.54 0.93 0.52 0.78
0.14 0.19 -0.86 0.15 0.6 0.77 0.98 0.37 0.48
0.29 0.14 -0.8 0.8 0.09 0.51 0.05 0.52 0.61
0.39 0.26 -0.76 0.83 0.03 0.65 0.26 0.36 0.76
0.24 0.19 -0.8 0.73 0.63 0.14 0.87 0.95 0.66
0.02 0.46 -0.91 0.03 0.38 0.7 0.98 0.5 0.33
-0.05 0.38 -0.92 0.27 0.3 0.76 0.87 0.6 0.86
0.27 -0.06 -0.74 0.62 0.48 0.85 0.36 0.23 0.58
0.27 0.14 -0.86 0.63 0.18 0.28 0.12 0.61 0.37
0.1 0.49 -0.87 0.3 0.15 0.72 0.93 0.36 0.8
0.35 0.13 -0.72 0.61 0.61 0.57 0.94 0.52 0.78
0.01 0.11 -0.88 0.25 0.62 0.73 0.87 0.57 0.7
0.23 0.41 -0.83 0.17 0.42 0.75 0.98 0.47 0.31
0.38 0.09 -0.73 0.44 0.51 0.9 0.81 0.22 0.61
0.52 0.03 -0.67 0.8 0.35 0.29 0.11 0.65 0.18
0.06 0.49 -0.87 0.38 0.18 0.7 0.87 0.6 0.86
0.24 0.19 -0.8 0.73 0.63 0.14 0.87 0.95 0.66
0.39 -0.19 -0.57 0.86 0.54 0.29 0.12 0.52 0.36
0.11 0.25 -0.89 0.39 0.29 0.94 0.69 0.4 0.81
0.3 0.14 -0.77 0.64 0.49 0.55 0.75 0.53 0.8
0.29 0.16 -0.79 0.78 0.18 0.41 0.34 0.53 0.81
0.19 0.23 -0.85 0.39 0.5 0.62 0.94 0.45 0.71
