0.14 0.43 -0.76 0.01 0.38 0.85 0.98 0.4 0.14
0.31 0.06 -0.57 0.23 1.0 0.67 0.98 0.57 0.0
0.27 0.22 -0.74 0.38 0.44 0.76 0.77 0.26 0.52
0.4 -0.05 -0.57 0.8 0.48 0.29 0.11 0.59 0.21
0.16 0.3 -0.8 0.31 0.31 0.77 0.8 0.24 0.64
0.14 0.06 -0.78 0.57 0.32 0.28 0.11 0.67 0.37
0.37 0.06 -0.61 0.9 0.23 0.51 0.05 0.42 0.61
0.04 0.39 -0.82 0.26 0.29 0.7 0.94 0.37 0.8
0.19 0.05 -0.73 0.5 0.45 0.88 0.45 0.27 0.58
0.24 0.17 -0.71 0.6 0.49 0.52 0.75 0.52 0.8
0.09 0.33 -0.82 0.39 0.23 0.78 0.69 0.4 0.81
0.06 0.38 -0.86 0.51 0.1 0.63 0.26 0.91 0.57
0.42 -0.02 -0.52 0.99 0.3 0.64 0.0 0.25 0.55
0.21 0.19 -0.79 0.44 0.34 0.94 0.45 0.46 0.45
0.27 -0.08 -0.62 0.73 0.49 0.29 0.11 0.54 0.36
0.18 0.2 -0.78 0.56 0.2 0.56 0.43 0.25 0.77
0.15 0.24 -0.77 0.19 0.57 0.74 0.98 0.36 0.48
0.02 0.3 -0.82 0.28 0.42 0.81 0.87 0.6 0.81
0.49 0.13 -0.62 0.8 0.28 0.29 0.11 0.56 0.18
0.24 0.26 -0.75 0.41 0.48 0.6 0.87 0.36 0.57
0.19 0.38 -0.78 0.18 0.29 0.9 0.87 0.22 0.41
0.09 0.31 -0.83 0.2 0.34 0.88 0.81 0.36 0.58
0.4 -0.13 -0.48 0.92 0.54 0.29 0.11 0.52 0.37
0.24 0.18 -0.79 0.63 0.18 0.28 0.12 0.61 0.37
0.13 0.34 -0.78 0.09 0.52 0.77 0.98 0.46 0.26
0.15 -0.04 -0.72 0.59 0.44 0.28 0.11 0.58 0.37
0.24 0.42 -0.72 0.41 0.22 0.77 0.94 0.31 0.8
0.14 -0.03 -0.73 0.59 0.43 0.28 0.11 0.64 0.37
0.24 0.12 -0.71 0.78 0.15 0.65 0.06 0.34 0.68
0.23 0.04 -0.65 0.47 0.77 0.63 0.94 0.45 0.71
0.41 -0.04 -0.57 0.79 0.48 0.28 0.11 0.59 0.18
0.09 0.29 -0.8 0.28 0.41 0.78 0.89 0.44 0.74
0.05 0.22 -0.79 0.44 0.61 0.38 0.87 0.8 0.69
0.2 0.16 -0.8 0.59 0.19 0.28 0.12 0.59 0.37
0.27 0.02 -0.67 0.53 0.53 0.87 0.55 0.27 0.58
0.16 0.36 -0.78 0.15 0.39 0.88 0.98 0.39 0.48
0.16 0.23 -0.81 0.41 0.3 0.76 0.55 0.29 0.58
0.25 0.19 -0.79 0.63 0.16 0.28 0.12 0.59 0.37
0.15 0.46 -0.77 0.35 0.2 0.69 0.94 0.34 0.79
0.11 0.35 -0.8 0.13 0.36 0.86 0.96 0.27 0.54
0.09 0.33 -0.82 0.39 0.23 0.78 0.69 0.4 0.81
0.19 0.08 -0.67 0.56 0.73 0.63 0.87 0.7 0.86
0.28 0.28 -0.7 0.56 0.47 0.56 0.91 0.53 0.76
0.17 0.06 -0.71 0.71 0.37 0.42 0.34 0.53 0.81
0.16 0.18 -0.8 0.47 0.37 0.62 0.53 0.42 0.61
0.35 0.03 -0.66 0.71 0.42 0.28 0.16 0.65 0.23
0.16 0.31 -0.75 0.64 0.45 0.24 0.87 0.81 0.78
0.11 0.26 -0.81 0.24 0.48 0.78 0.87 0.48 0.57
0.43 -0.0 -0.53 0.99 0.28 0.64 0.0 0.25 0.55
0.28 -0.15 -0.56 0.71 0.63 0.29 0.11 0.56 0.17
0.17 0.4 -0.76 0.13 0.45 0.75 0.98 0.44 0.24
0.22 0.07 -0.76 0.6 0.32 0.29 0.11 0.64 0.3
0.16 0.31 -0.78 0.15 0.46 0.89 0.98 0.42 0.48
0.26 0.08 -0.69 0.8 0.21 0.51 0.05 0.48 0.61
0.45 0.03 -0.6 0.79 0.4 0.29 0.12 0.64 0.18
0.12 0.18 -0.84 0.54 0.19 0.3 0.16 0.64 0.43
0.14 0.02 -0.76 0.57 0.37 0.28 0.11 0.64 0.37
0.36 0.13 -0.65 0.87 0.17 0.65 0.12 0.37 0.68
0.46 0.24 -0.66 0.83 0.21 0.31 0.26 0.73 0.43
0.29 0.24 -0.77 0.68 0.13 0.31 0.15 0.68 0.44
0.12 0.22 -0.84 0.54 0.15 0.31 0.16 0.64 0.43
0.07 0.25 -0.79 0.52 0.59 0.28 0.87 0.89 0.69
0.3 -0.02 -0.64 0.77 0.54 0.31 0.29 0.74 0.47
0.25 -0.11 -0.62 0.67 0.56 0.29 0.12 0.61 0.23
0.18 0.33 -0.79 0.35 0.29 0.74 0.8 0.27 0.64
0.04 0.18 -0.79 0.26 0.55 0.76 0.94 0.41 0.8
0.07 0.13 -0.76 0.43 0.68 0.5 0.87 0.71 0.72
0.38 -0.05 -0.58 0.8 0.48 0.29 0.11 0.61 0.24
0.32 0.07 -0.71 0.7 0.32 0.28 0.11 0.67 0.3
0.01 0.03 -0.77 0.49 0.45 0.72 0.39 0.41 0.76
0.56 0.16 -0.48 0.62 0.46 0.88 0.87 0.0 0.61
0.13 0.19 -0.76 0.14 0.63 0.89 0.98 0.52 0.48
0.28 0.27 -0.74 0.41 0.38 0.73 0.77 0.27 0.53
0.03 0.37 -0.82 0.23 0.43 0.81 0.87 0.84 0.66
0.33 -0.15 -0.53 0.77 0.62 0.28 0.11 0.52 0.18
0.1 0.21 -0.78 0.26 0.47 0.89 0.94 0.36 0.8
0.12 0.47 -0.82 0.51 0.08 0.63 0.4 0.91 0.57
0.28 0.29 -0.74 0.33 0.4 0.82 0.8 0.33 0.42
0.22 0.28 -0.73 0.51 0.48 0.54 0.93 0.52 0.78
0.09 0.0 -0.69 0.35 0.83 0.62 0.94 0.47 0.71
0.33 0.25 -0.75 0.7 0.2 0.31 0.29 0.69 0.46
0.09 0.25 -0.83 0.61 0.05 0.66 0.07 0.47 0.61
0.17 0.11 -0.75 0.27 0.56 0.88 0.77 0.26 0.52
0.31 -0.13 -0.54 0.81 0.55 0.29 0.12 0.54 0.36
0.18 0.44 -0.76 0.36 0.22 0.72 0.93 0.34 0.76
0.05 0.22 -0.79 0.44 0.61 0.38 0.87 0.8 0.69
0.22 0.03 -0.73 0.65 0.41 0.28 0.16 0.79 0.37
0.1 0.06 -0.72 0.35 0.75 0.62 0.93 0.46 0.71
0.23 0.31 -0.77 0.36 0.3 0.81 0.8 0.24 0.64
0.28 0.09 -0.74 0.62 0.34 0.28 0.16 0.64 0.22
0.12 0.48 -0.82 0.5 0.08 0.63 0.42 0.89 0.57
0.36 0.05 -0.61 0.9 0.24 0.51 0.05 0.42 0.61
0.34 -0.13 -0.53 0.84 0.55 0.29 0.12 0.53 0.36
0.26 0.07 -0.69 0.78 0.22 0.51 0.06 0.44 0.61
0.11 0.1 -0.74 0.35 0.7 0.62 0.93 0.46 0.71
0.35 0.05 -0.68 0.7 0.39 0.28 0.16 0.64 0.22
0.18 0.32 -0.79 0.36 0.34 0.74 0.8 0.41 0.64
-0.01 0.17 -0.82 0.15 0.53 0.87 0.87 0.42 0.69
0.1 0.45 -0.83 0.51 0.08 0.63 0.36 0.91 0.57
0.31 0.16 -0.75 0.63 0.27 0.28 0.16 0.65 0.23
0.03 0.26 -0.81 0.22 0.43 0.79 0.93 0.35 0.8
0.01 0.34 -0.82 0.25 0.43 0.81 0.87 0.75 0.76
0.16 0.13 -0.73 0.3 0.58 0.9 0.93 0.36 0.76
0.22 -0.11 -0.63 0.65 0.57 0.28 0.12 0.62 0.23
0.24 0.24 -0.75 0.7 0.09 0.65 0.26 0.33 0.76
0.1 0.23 -0.78 0.3 0.5 0.77 0.94 0.44 0.8
0.12 0.19 -0.77 0.29 0.52 0.8 0.94 0.33 0.76
0.29 0.19 -0.72 0.8 0.08 0.51 0.05 0.51 0.61
0.16 0.2 -0.76 0.2 0.62 0.77 0.98 0.36 0.48
0.15 0.32 -0.78 0.15 0.45 0.85 0.98 0.36 0.48
0.15 0.31 -0.81 0.31 0.31 0.74 0.8 0.24 0.64
0.13 0.45 -0.78 0.33 0.22 0.68 0.94 0.34 0.76
0.12 0.1 -0.81 0.53 0.27 0.29 0.12 0.63 0.37
0.26 0.08 -0.69 0.8 0.21 0.51 0.05 0.48 0.61
0.07 0.29 -0.82 0.35 0.28 0.94 0.7 0.4 0.81
0.41 0.23 -0.65 0.46 0.47 0.83 0.8 0.33 0.42
0.3 0.05 -0.65 0.41 0.63 0.87 0.77 0.26 0.52
0.31 0.23 -0.65 0.21 0.77 0.68 0.98 0.53 0.01
0.29 0.12 -0.75 0.66 0.3 0.28 0.16 0.76 0.32
0.41 0.22 -0.62 0.9 0.17 0.44 0.34 0.53 0.81
0.06 0.19 -0.79 0.24 0.51 0.86 0.89 0.43 0.74
0.32 0.32 -0.7 0.44 0.39 0.72 0.87 0.39 0.58
0.43 0.06 -0.57 0.96 0.2 0.65 0.0 0.27 0.55
0.28 0.14 -0.71 0.78 0.14 0.51 0.06 0.46 0.61
-0.02 0.29 -0.83 0.26 0.41 0.68 0.89 0.48 0.81
0.34 -0.0 -0.65 0.71 0.46 0.28 0.16 0.68 0.23
0.08 0.29 -0.8 0.24 0.39 0.8 0.94 0.34 0.76
0.06 0.14 -0.8 0.61 0.24 0.75 0.2 0.46 0.76
0.33 0.05 -0.6 0.88 0.38 0.45 0.34 0.53 0.81
0.16 0.23 -0.81 0.41 0.3 0.76 0.55 0.29 0.58
0.13 0.45 -0.78 0.33 0.22 0.68 0.94 0.34 0.76
0.02 -0.01 -0.78 0.43 0.51 0.6 0.3 0.53 0.47
0.35 0.2 -0.71 0.57 0.32 0.85 0.55 0.29 0.58
0.23 0.26 -0.73 0.36 0.42 0.89 0.94 0.34 0.76
0.34 -0.13 -0.51 0.86 0.55 0.29 0.12 0.55 0.37
0.21 0.26 -0.79 0.36 0.36 0.73 0.71 0.27 0.54
0.39 0.16 -0.61 0.9 0.25 0.45 0.34 0.53 0.81
0.31 0.2 -0.77 0.63 0.22 0.28 0.16 0.64 0.23
-0.01 0.2 -0.84 0.0 0.54 0.95 0.87 0.46 0.4
0.44 -0.01 -0.58 0.8 0.44 0.29 0.12 0.51 0.18
0.09 -0.02 -0.68 0.35 0.85 0.63 0.94 0.46 0.72
0.08 0.05 -0.8 0.54 0.36 0.3 0.16 0.69 0.43
0.24 0.3 -0.77 0.31 0.39 0.79 0.8 0.36 0.42
-0.0 0.01 -0.76 0.48 0.48 0.7 0.4 0.41 0.76
0.46 0.24 -0.66 0.83 0.21 0.31 0.26 0.73 0.43
0.11 -0.06 -0.71 0.58 0.58 0.31 0.29 0.67 0.47
0.15 0.25 -0.76 0.64 0.59 0.17 0.87 0.96 0.66
-0.01 0.06 -0.75 0.24 0.72 0.76 0.94 0.48 0.8
0.29 0.18 -0.7 0.46 0.49 0.79 0.8 0.35 0.64
0.09 0.09 -0.75 0.2 0.69 0.86 0.89 0.51 0.58
0.03 0.47 -0.81 0.26 0.18 0.69 0.94 0.35 0.8
0.23 0.1 -0.7 0.32 0.64 0.87 0.87 0.38 0.58
0.21 0.31 -0.72 0.62 0.45 0.45 0.87 0.76 0.84
0.28 0.28 -0.73 0.74 0.02 0.65 0.24 0.3 0.76
0.28 -0.13 -0.57 0.77 0.55 0.29 0.11 0.54 0.36
0.2 0.22 -0.77 0.7 0.05 0.65 0.12 0.33 0.69
0.11 0.26 -0.81 0.24 0.48 0.78 0.87 0.48 0.57
0.34 0.13 -0.66 0.44 0.51 0.9 0.81 0.22 0.61
0.33 0.29 -0.66 0.88 0.51 0.01 0.87 0.94 0.66
0.43 -0.02 -0.52 1.0 0.3 0.64 0.0 0.25 0.55
0.36 0.19 -0.65 0.51 0.55 0.69 0.88 0.38 0.61
0.04 0.47 -0.81 0.23 0.16 0.8 0.94 0.31 0.8
0.17 0.29 -0.8 0.27 0.42 0.71 0.8 0.36 0.42
0.44 0.26 -0.63 0.54 0.38 0.8 0.77 0.27 0.53
0.32 0.21 -0.65 0.88 0.62 0.01 0.87 0.94 0.66
0.15 0.26 -0.81 0.66 0.04 0.68 0.07 0.47 0.61
0.3 0.15 -0.7 0.41 0.52 0.81 0.77 0.26 0.52
0.36 0.22 -0.66 0.85 0.17 0.41 0.34 0.53 0.81
0.39 0.26 -0.67 0.5 0.39 0.74 0.77 0.26 0.53
-0.06 0.43 -0.83 0.27 0.25 0.7 0.87 0.6 0.86
0.17 0.28 -0.8 0.24 0.41 0.79 0.8 0.32 0.42
0.4 0.0 -0.56 0.91 0.32 0.66 0.1 0.26 0.55
0.21 0.14 -0.68 0.61 0.65 0.52 0.87 0.71 0.86
0.46 0.35 -0.63 0.55 0.27 0.82 0.77 0.26 0.53
0.2 0.33 -0.78 0.36 0.3 0.74 0.8 0.28 0.64
0.21 0.19 -0.79 0.44 0.34 0.94 0.45 0.46 0.45
0.06 0.44 -0.81 0.28 0.23 0.65 0.94 0.34 0.76
0.48 0.25 -0.56 0.56 0.56 0.64 1.0 0.23 0.51
0.13 0.35 -0.81 0.2 0.34 0.86 0.89 0.33 0.58
0.35 0.24 -0.68 0.81 0.09 0.65 0.26 0.34 0.76
0.05 0.22 -0.8 0.23 0.47 0.85 0.94 0.36 0.8
0.43 0.11 -0.57 0.56 0.61 0.74 0.87 0.24 0.6
0.03 0.27 -0.83 0.31 0.3 0.94 0.7 0.4 0.81
0.14 0.24 -0.79 0.24 0.47 0.87 0.87 0.41 0.58
0.35 0.3 -0.71 0.54 0.25 0.8 0.62 0.27 0.58
0.09 0.17 -0.79 0.11 0.6 0.88 0.87 0.46 0.4
0.16 0.16 -0.81 0.44 0.34 0.92 0.37 0.46 0.44
0.08 0.29 -0.8 0.24 0.39 0.8 0.94 0.34 0.76
0.01 0.03 -0.77 0.49 0.45 0.72 0.39 0.41 0.76
0.08 0.14 -0.77 0.49 0.52 0.5 0.75 0.54 0.85
0.16 0.24 -0.79 0.38 0.42 0.62 0.75 0.39 0.61
0.03 0.11 -0.79 0.17 0.66 0.77 0.87 0.46 0.57
0.41 0.2 -0.65 0.46 0.5 0.83 0.8 0.33 0.42
0.17 0.31 -0.79 0.32 0.31 0.78 0.8 0.24 0.64
0.15 0.26 -0.76 0.63 0.59 0.19 0.87 0.97 0.65
0.22 0.26 -0.75 0.32 0.47 0.82 0.87 0.5 0.57
0.28 0.07 -0.73 0.65 0.32 0.28 0.12 0.65 0.3
0.15 -0.03 -0.73 0.59 0.43 0.28 0.12 0.64 0.37
0.24 0.15 -0.78 0.63 0.22 0.29 0.12 0.62 0.37
0.36 0.27 -0.69 0.47 0.38 0.77 0.77 0.28 0.53
