0.36 0.13 -0.91 0.8 0.12 0.51 0.05 0.52 0.61
0.21 0.49 -0.98 0.33 0.22 0.68 0.94 0.34 0.76
0.38 0.2 -0.94 0.51 0.32 0.83 0.55 0.28 0.58
0.25 0.06 -0.98 0.58 0.27 0.29 0.11 0.62 0.37
0.55 0.31 -0.84 0.51 0.35 0.75 0.77 0.26 0.53
0.03 0.46 -1.04 0.16 0.21 0.8 0.94 0.31 0.8
0.25 0.28 -0.99 0.56 0.21 0.63 0.52 0.43 0.76
0.5 0.28 -0.87 0.47 0.38 0.77 0.77 0.28 0.53
0.22 0.07 -0.94 0.31 0.58 0.79 0.8 0.3 0.64
0.38 0.25 -0.91 0.78 0.11 0.41 0.34 0.53 0.81
0.16 0.06 -1.01 0.54 0.31 0.3 0.16 0.69 0.43
0.58 0.11 -0.75 0.53 0.51 0.9 0.81 0.17 0.61
0.36 0.23 -0.94 0.36 0.42 0.83 0.8 0.29 0.58
0.08 0.25 -1.01 0.25 0.41 0.88 0.87 0.4 0.84
0.62 0.11 -0.72 0.56 0.5 0.9 0.81 0.13 0.61
0.19 0.06 -0.92 0.35 0.72 0.62 0.94 0.46 0.71
0.33 0.36 -0.96 0.38 0.3 0.77 0.8 0.35 0.64
0.3 -0.05 -0.88 0.67 0.52 0.31 0.3 0.73 0.47
0.38 0.02 -0.87 0.58 0.44 0.9 0.45 0.27 0.58
0.12 0.07 -0.97 0.19 0.69 0.77 0.87 0.44 0.58
0.05 0.07 -0.96 0.24 0.69 0.75 0.94 0.48 0.8
0.42 0.14 -0.85 0.87 0.12 0.65 0.12 0.37 0.74
0.46 0.35 -0.89 0.44 0.39 0.72 0.87 0.39 0.58
0.34 0.18 -0.98 0.63 0.16 0.28 0.12 0.59 0.37
0.33 0.29 -0.97 0.35 0.38 0.71 0.77 0.27 0.53
0.13 0.38 -1.02 0.24 0.32 0.75 0.94 0.34 0.76
0.42 0.22 -0.9 0.46 0.44 0.79 0.8 0.35 0.64
0.25 0.26 -0.96 0.15 0.58 0.87 0.98 0.52 0.48
0.24 -0.1 -0.9 0.54 0.49 0.28 0.12 0.64 0.23
0.58 -0.05 -0.73 0.8 0.44 0.29 0.12 0.51 0.18
0.32 0.22 -0.95 0.2 0.55 0.86 0.87 0.41 0.4
0.39 0.02 -0.8 0.52 0.76 0.62 0.93 0.44 0.71
0.12 0.31 -1.02 0.24 0.39 0.74 0.94 0.34 0.76
0.34 0.2 -0.88 0.64 0.58 0.52 0.87 0.71 0.86
0.21 0.34 -1.01 0.11 0.36 0.97 0.87 0.3 0.47
0.33 0.54 -0.92 0.19 0.24 0.88 0.98 0.36 0.47
0.26 -0.03 -0.91 0.63 0.5 0.3 0.3 0.73 0.47
0.09 -0.02 -0.99 0.43 0.49 0.71 0.3 0.53 0.47
0.52 0.04 -0.78 0.94 0.18 0.65 0.0 0.33 0.55
0.13 0.3 -1.02 0.35 0.28 0.94 0.7 0.4 0.81
0.25 0.62 -0.94 0.15 0.16 0.82 0.98 0.29 0.48
0.19 0.27 -0.97 0.47 0.3 0.99 0.69 0.42 0.95
0.33 0.12 -0.97 0.63 0.22 0.29 0.12 0.62 0.37
0.24 0.26 -0.96 0.47 0.31 0.97 0.69 0.42 0.87
0.06 0.44 -1.03 0.2 0.24 0.77 0.94 0.31 0.8
0.19 0.06 -1.01 0.53 0.27 0.29 0.12 0.63 0.37
0.39 0.29 -0.92 0.44 0.45 0.59 0.87 0.36 0.57
0.31 0.26 -0.99 0.46 0.26 0.77 0.55 0.31 0.59
0.21 0.31 -0.99 0.05 0.57 0.82 0.98 0.46 0.3
0.05 0.05 -0.96 0.24 0.71 0.76 0.94 0.48 0.8
0.4 0.32 -0.95 0.48 0.24 0.77 0.62 0.27 0.58
0.14 0.04 -1.01 0.43 0.43 0.75 0.3 0.53 0.44
0.56 -0.09 -0.72 0.8 0.48 0.29 0.11 0.59 0.18
0.4 -0.02 -0.82 0.38 0.67 0.88 0.77 0.26 0.52
0.3 0.27 -0.95 0.47 0.31 0.95 0.69 0.4 0.79
0.28 0.28 -0.97 0.35 0.47 0.64 0.89 0.37 0.61
0.36 0.23 -0.98 0.67 0.13 0.31 0.16 0.68 0.43
0.29 0.19 -0.94 0.19 0.63 0.8 0.98 0.34 0.48
0.29 0.3 -0.99 0.24 0.41 0.79 0.8 0.32 0.42
0.17 0.09 -0.93 0.53 0.55 0.5 0.75 0.53 0.86
0.21 0.31 -1.0 0.2 0.42 0.86 0.89 0.37 0.58
0.34 0.2 -0.9 0.36 0.48 0.99 0.93 0.36 0.8
0.15 -0.12 -0.89 0.56 0.58 0.31 0.3 0.66 0.47
0.15 -0.05 -0.88 0.68 0.45 0.45 0.34 0.53 0.81
0.09 0.4 -1.02 0.23 0.46 0.81 0.87 0.86 0.66
0.32 0.29 -0.92 0.51 0.48 0.54 0.93 0.52 0.78
0.17 0.32 -1.01 0.39 0.26 0.86 0.69 0.4 0.81
0.42 0.21 -0.85 0.88 0.63 0.01 0.87 0.95 0.66
0.39 0.1 -0.86 0.85 0.15 0.65 0.07 0.35 0.67
0.12 0.31 -1.02 0.24 0.39 0.74 0.94 0.34 0.76
0.43 0.3 -0.94 0.64 0.13 0.86 0.36 0.29 0.59
0.2 -0.0 -0.91 0.56 0.41 0.63 0.44 0.29 0.76
0.53 0.18 -0.79 0.93 0.19 0.45 0.34 0.53 0.81
0.1 0.01 -0.94 0.39 0.57 0.77 0.69 0.39 0.81
0.63 0.09 -0.78 0.8 0.3 0.29 0.11 0.54 0.18
0.27 0.34 -1.0 0.28 0.39 0.71 0.8 0.4 0.47
0.41 -0.06 -0.81 0.77 0.54 0.31 0.3 0.74 0.47
0.07 0.28 -1.04 0.31 0.3 0.94 0.7 0.4 0.81
0.55 0.05 -0.76 0.96 0.17 0.65 0.0 0.31 0.55
0.26 0.36 -1.0 0.27 0.29 0.82 0.77 0.25 0.54
0.46 0.35 -0.89 0.44 0.39 0.72 0.87 0.39 0.58
0.23 0.34 -1.0 0.17 0.38 0.85 0.92 0.27 0.54
0.16 0.06 -1.01 0.54 0.31 0.3 0.16 0.69 0.43
0.31 -0.06 -0.86 0.49 0.58 0.84 0.55 0.27 0.58
0.22 0.03 -0.91 0.59 0.48 0.45 0.58 0.44 0.81
0.19 -0.06 -0.86 0.71 0.46 0.45 0.34 0.53 0.81
0.24 0.08 -0.99 0.57 0.26 0.29 0.11 0.63 0.37
0.2 -0.0 -0.91 0.56 0.41 0.63 0.44 0.29 0.76
0.17 0.14 -0.96 0.44 0.68 0.5 0.87 0.72 0.7
0.24 0.26 -1.0 0.7 0.04 0.74 0.06 0.46 0.61
0.44 0.01 -0.84 0.77 0.45 0.3 0.29 0.74 0.47
0.44 0.24 -0.92 0.55 0.28 0.82 0.55 0.3 0.58
0.5 0.36 -0.88 0.45 0.28 0.86 0.77 0.25 0.54
0.32 0.11 -0.86 0.56 0.66 0.68 0.87 0.65 0.86
0.19 0.08 -0.93 0.35 0.7 0.62 0.93 0.46 0.71
0.44 0.31 -0.86 0.44 0.37 0.95 0.94 0.36 0.8
0.53 0.27 -0.85 0.5 0.39 0.74 0.77 0.26 0.53
0.14 0.35 -1.03 0.31 0.45 0.54 0.89 0.53 0.61
0.22 -0.08 -0.91 0.59 0.43 0.28 0.11 0.64 0.37
0.24 0.3 -0.98 0.19 0.54 0.71 0.98 0.37 0.48
0.12 -0.04 -0.97 0.53 0.41 0.31 0.15 0.73 0.43
0.09 0.54 -1.01 0.22 0.13 0.75 0.94 0.29 0.8
0.32 -0.11 -0.81 0.62 0.53 0.85 0.36 0.23 0.58
0.05 0.07 -0.96 0.24 0.69 0.75 0.94 0.48 0.8
0.52 -0.17 -0.67 0.8 0.56 0.29 0.12 0.52 0.18
0.19 0.4 -1.01 0.42 0.17 0.77 0.7 0.4 0.81
0.37 -0.15 -0.78 0.73 0.49 0.29 0.11 0.54 0.36
0.17 0.05 -0.93 0.67 0.26 0.75 0.2 0.3 0.76
0.14 0.13 -0.97 0.43 0.68 0.5 0.87 0.71 0.72
0.42 -0.18 -0.71 0.81 0.53 0.29 0.11 0.58 0.37
0.21 0.41 -1.02 0.33 0.26 0.63 0.8 0.35 0.64
0.37 0.37 -0.93 0.31 0.33 0.86 0.89 0.29 0.58
0.36 0.3 -0.95 0.29 0.41 0.82 0.8 0.32 0.42
0.19 -0.06 -0.86 0.71 0.46 0.45 0.34 0.53 0.81
0.31 0.02 -0.89 0.77 0.22 0.51 0.04 0.45 0.61
0.23 0.34 -1.0 0.17 0.38 0.85 0.92 0.27 0.54
0.21 -0.01 -0.89 0.67 0.27 0.75 0.2 0.14 0.76
0.43 0.25 -0.86 0.54 0.53 0.59 0.94 0.5 0.71
0.33 0.16 -0.99 0.59 0.25 0.29 0.16 0.73 0.28
0.4 0.32 -0.95 0.48 0.24 0.77 0.62 0.27 0.58
0.21 0.49 -0.98 0.33 0.22 0.68 0.94 0.34 0.76
0.43 -0.15 -0.74 0.8 0.5 0.29 0.12 0.6 0.36
0.22 0.38 -1.0 0.2 0.34 0.86 0.89 0.33 0.58
0.15 0.28 -0.99 0.33 0.37 0.88 0.87 0.4 0.88
0.05 0.11 -0.99 0.15 0.79 0.66 0.98 0.65 0.56
0.19 -0.08 -0.91 0.59 0.56 0.3 0.3 0.77 0.47
0.46 -0.22 -0.67 0.77 0.62 0.28 0.11 0.52 0.18
0.21 -0.03 -0.95 0.57 0.37 0.28 0.11 0.64 0.37
0.37 0.08 -0.95 0.59 0.34 0.29 0.16 0.65 0.23
0.35 0.08 -0.88 0.32 0.64 0.87 0.87 0.38 0.58
0.52 -0.08 -0.68 0.99 0.3 0.64 0.0 0.25 0.55
0.36 0.21 -1.0 0.57 0.2 0.29 0.16 0.67 0.23
0.45 0.2 -0.85 0.66 0.45 0.63 0.75 0.52 0.8
0.25 0.03 -0.89 0.78 0.16 0.65 0.0 0.31 0.68
0.28 -0.01 -0.86 0.44 0.77 0.59 0.87 0.43 0.65
0.36 0.3 -0.95 0.29 0.41 0.82 0.8 0.32 0.42
0.43 0.35 -0.87 0.44 0.33 0.92 0.93 0.36 0.8
0.1 0.23 -1.01 0.22 0.46 0.81 0.94 0.36 0.8
0.21 0.25 -1.05 0.55 0.1 0.3 0.16 0.65 0.43
0.44 0.21 -0.93 0.73 0.16 0.31 0.16 0.72 0.43
0.26 0.36 -0.97 0.15 0.47 0.86 0.98 0.48 0.48
0.42 0.4 -0.88 0.44 0.28 0.89 0.94 0.36 0.8
0.17 0.05 -0.93 0.67 0.26 0.75 0.2 0.3 0.76
0.19 0.28 -0.97 0.62 0.58 0.2 0.87 0.97 0.69
0.15 0.19 -0.97 0.3 0.55 0.75 0.94 0.47 0.8
0.35 -0.06 -0.85 0.71 0.53 0.31 0.3 0.73 0.47
0.2 -0.0 -0.9 0.67 0.26 0.75 0.2 0.16 0.76
0.33 0.02 -0.92 0.66 0.38 0.28 0.16 0.79 0.37
0.58 -0.05 -0.73 0.8 0.44 0.29 0.12 0.51 0.18
0.43 0.29 -0.86 0.88 0.54 0.01 0.87 0.94 0.66
0.08 0.01 -0.95 0.39 0.57 0.68 0.69 0.4 0.81
0.48 0.07 -0.73 0.23 1.0 0.67 0.98 0.57 0.0
0.26 0.25 -1.03 0.59 0.1 0.31 0.16 0.67 0.44
0.19 0.28 -0.97 0.62 0.58 0.2 0.87 0.97 0.69
0.29 0.28 -0.95 0.35 0.42 0.86 0.89 0.42 0.74
0.44 0.06 -0.8 0.88 0.32 0.45 0.34 0.53 0.81
0.16 0.1 -1.02 0.54 0.27 0.31 0.16 0.69 0.43
0.27 0.31 -0.95 0.48 0.47 0.5 0.94 0.53 0.76
0.51 -0.05 -0.73 0.91 0.32 0.66 0.1 0.26 0.55
0.25 0.09 -0.99 0.57 0.24 0.28 0.11 0.61 0.37
0.25 0.14 -0.93 0.56 0.52 0.5 0.75 0.54 0.8
0.27 0.42 -0.97 0.16 0.35 0.86 1.0 0.27 0.54
0.15 -0.12 -0.89 0.56 0.58 0.31 0.3 0.66 0.47
0.43 0.25 -0.86 0.54 0.53 0.59 0.94 0.5 0.71
0.64 0.12 -0.79 0.8 0.28 0.29 0.12 0.63 0.18
0.42 0.16 -0.86 0.83 0.22 0.45 0.34 0.53 0.81
-0.03 0.48 -1.04 0.27 0.25 0.7 0.87 0.6 0.86
0.19 0.18 -0.99 0.23 0.58 0.78 0.87 0.48 0.57
0.31 -0.2 -0.78 0.65 0.59 0.28 0.11 0.62 0.23
0.18 0.53 -1.03 0.51 0.08 0.63 0.4 0.91 0.57
0.57 -0.06 -0.74 0.79 0.45 0.29 0.11 0.62 0.18
0.54 0.0 -0.74 0.96 0.21 0.65 0.0 0.26 0.55
0.46 -0.22 -0.67 0.77 0.62 0.28 0.11 0.52 0.18
0.05 0.11 -0.98 0.24 0.64 0.75 0.94 0.48 0.8
0.27 0.3 -1.0 0.23 0.42 0.79 0.8 0.32 0.42
0.52 -0.08 -0.68 0.99 0.3 0.64 0.0 0.25 0.55
0.23 0.13 -1.0 0.4 0.37 0.83 0.5 0.27 0.54
0.29 -0.11 -0.86 0.65 0.44 0.29 0.11 0.55 0.37
0.29 -0.05 -0.86 0.77 0.3 0.51 0.06 0.45 0.61
0.14 0.28 -1.02 0.38 0.35 0.63 0.75 0.42 0.76
0.5 0.15 -0.85 0.66 0.32 0.9 0.45 0.28 0.58
0.26 -0.04 -0.89 0.45 0.56 0.81 0.55 0.27 0.58
0.51 -0.05 -0.73 0.91 0.32 0.66 0.1 0.26 0.55
0.22 0.61 -0.94 0.33 0.06 0.77 0.94 0.32 0.8
0.13 0.27 -1.01 0.24 0.44 0.76 0.94 0.34 0.76
0.21 0.25 -1.05 0.55 0.1 0.3 0.16 0.65 0.43
0.4 0.39 -0.93 0.41 0.23 0.83 0.8 0.24 0.64
0.16 0.31 -1.01 0.28 0.41 0.78 0.89 0.44 0.74
0.35 0.21 -0.88 0.83 0.62 0.01 0.87 0.95 0.66
0.28 0.27 -1.01 0.53 0.16 0.86 0.36 0.29 0.58
0.36 0.21 -1.0 0.57 0.2 0.29 0.16 0.67 0.23
0.31 0.27 -0.98 0.36 0.36 0.73 0.71 0.27 0.54
0.44 0.19 -0.9 0.56 0.32 0.85 0.55 0.28 0.58
0.54 -0.19 -0.61 0.93 0.54 0.29 0.12 0.54 0.37
0.45 0.04 -0.85 0.77 0.43 0.31 0.3 0.75 0.47
0.14 0.05 -0.94 0.63 0.34 0.45 0.34 0.53 0.81
0.08 0.49 -1.02 0.06 0.45 0.61 0.98 0.54 0.3
0.58 0.31 -0.78 0.46 0.48 0.74 1.0 0.24 0.54
0.46 0.03 -0.87 0.68 0.38 0.28 0.15 0.64 0.23
0.21 0.35 -0.99 0.06 0.54 0.79 0.98 0.46 0.3
