0.08 0.45 -0.81 0.08 0.37 0.7 0.98 0.5 0.29
0.07 0.42 -0.82 0.28 0.23 0.65 0.94 0.34 0.76
0.38 0.32 -0.72 0.45 0.28 0.86 0.77 0.25 0.54
0.14 0.43 -0.8 0.33 0.22 0.68 0.94 0.34 0.76
0.46 -0.0 -0.55 0.99 0.25 0.64 0.0 0.23 0.55
0.49 0.23 -0.58 0.56 0.56 0.64 1.0 0.23 0.51
0.41 0.27 -0.68 0.85 0.05 0.65 0.26 0.36 0.74
0.37 -0.15 -0.54 0.78 0.6 0.29 0.11 0.52 0.18
0.16 0.3 -0.81 0.44 0.24 0.84 0.69 0.4 0.81
0.17 0.32 -0.8 0.15 0.42 0.88 0.98 0.4 0.48
0.31 0.3 -0.74 0.44 0.41 0.66 0.87 0.38 0.58
0.37 0.04 -0.63 0.89 0.22 0.51 0.05 0.42 0.61
0.16 -0.05 -0.74 0.59 0.43 0.28 0.11 0.6 0.37
0.25 0.21 -0.77 0.36 0.42 0.83 0.8 0.29 0.58
0.18 0.49 -0.75 0.47 0.17 0.71 0.87 0.6 0.86
0.34 0.05 -0.72 0.68 0.35 0.29 0.12 0.65 0.23
0.44 -0.05 -0.58 0.8 0.46 0.29 0.11 0.51 0.18
0.02 0.46 -0.84 0.21 0.25 0.81 0.87 0.69 0.66
0.06 0.36 -0.84 0.24 0.3 0.72 0.94 0.34 0.76
0.28 0.23 -0.75 0.74 0.04 0.65 0.19 0.29 0.73
0.1 0.15 -0.81 0.11 0.6 0.88 0.87 0.46 0.4
0.07 0.06 -0.8 0.6 0.22 0.51 0.06 0.48 0.61
0.06 0.2 -0.81 0.44 0.61 0.38 0.87 0.8 0.69
0.13 -0.06 -0.73 0.59 0.57 0.3 0.3 0.76 0.47
0.15 0.17 -0.79 0.64 0.21 0.45 0.34 0.53 0.81
0.28 0.09 -0.76 0.66 0.32 0.29 0.16 0.78 0.35
0.11 0.02 -0.72 0.35 0.78 0.62 0.93 0.46 0.71
0.17 0.27 -0.82 0.31 0.34 0.79 0.8 0.26 0.64
0.39 -0.14 -0.52 0.88 0.54 0.29 0.11 0.52 0.36
0.22 0.17 -0.81 0.44 0.34 0.94 0.45 0.46 0.45
0.14 0.08 -0.78 0.57 0.34 0.75 0.38 0.35 0.76
0.04 0.03 -0.77 0.39 0.57 0.68 0.69 0.4 0.81
0.03 0.25 -0.85 0.31 0.3 0.94 0.7 0.4 0.81
0.01 -0.01 -0.77 0.48 0.48 0.7 0.4 0.41 0.76
0.28 -0.11 -0.63 0.73 0.49 0.28 0.12 0.54 0.36
0.21 -0.07 -0.7 0.65 0.44 0.29 0.11 0.55 0.37
0.04 0.21 -0.82 0.45 0.6 0.35 0.87 0.84 0.69
0.42 0.21 -0.67 0.46 0.47 0.83 0.8 0.33 0.42
0.16 0.05 -0.75 0.56 0.37 0.63 0.43 0.27 0.76
0.17 0.29 -0.82 0.31 0.3 0.79 0.8 0.25 0.64
0.18 0.14 -0.83 0.44 0.34 0.92 0.37 0.46 0.44
0.42 0.19 -0.66 0.46 0.5 0.83 0.8 0.33 0.42
0.21 0.32 -0.8 0.19 0.32 0.97 0.87 0.28 0.46
0.15 0.24 -0.79 0.47 0.3 1.0 0.68 0.42 0.93
0.11 0.02 -0.72 0.35 0.78 0.62 0.93 0.46 0.71
0.13 0.06 -0.75 0.65 0.35 0.41 0.35 0.53 0.81
0.13 0.06 -0.75 0.65 0.35 0.41 0.35 0.53 0.81
0.21 0.16 -0.76 0.73 0.09 0.65 0.12 0.32 0.73
0.26 0.04 -0.71 0.78 0.23 0.51 0.06 0.45 0.61
0.05 0.36 -0.83 0.26 0.29 0.7 0.94 0.37 0.8
0.12 0.17 -0.8 0.39 0.39 0.92 0.69 0.4 0.81
0.11 0.09 -0.78 0.39 0.49 0.92 0.69 0.4 0.81
0.15 0.09 -0.82 0.55 0.26 0.28 0.11 0.63 0.37
0.21 0.42 -0.77 0.2 0.27 0.86 1.0 0.26 0.54
0.43 -0.04 -0.54 0.99 0.3 0.64 0.0 0.25 0.55
0.21 0.39 -0.79 0.26 0.24 0.86 0.89 0.28 0.58
0.17 0.31 -0.83 0.27 0.29 0.82 0.77 0.25 0.54
0.21 0.19 -0.8 0.39 0.36 0.83 0.65 0.28 0.58
0.17 0.34 -0.8 0.15 0.39 0.88 0.98 0.39 0.48
0.46 0.07 -0.59 0.96 0.17 0.65 0.0 0.27 0.55
0.46 0.07 -0.59 0.96 0.17 0.65 0.0 0.27 0.55
0.01 0.13 -0.81 0.24 0.6 0.75 0.94 0.47 0.8
0.11 0.01 -0.76 0.65 0.28 0.51 0.06 0.46 0.61
0.16 0.05 -0.74 0.59 0.48 0.45 0.58 0.44 0.81
0.15 0.27 -0.8 0.14 0.5 0.89 0.98 0.45 0.48
0.19 0.02 -0.73 0.73 0.25 0.51 0.04 0.45 0.61
0.23 0.32 -0.73 0.08 0.57 0.76 0.98 0.45 0.01
0.23 0.21 -0.79 0.35 0.4 0.83 0.76 0.28 0.58
0.45 0.24 -0.65 0.54 0.38 0.8 0.77 0.27 0.53
-0.02 0.26 -0.87 0.16 0.45 0.77 0.87 0.49 0.66
0.27 0.17 -0.75 0.33 0.5 0.83 0.8 0.33 0.47
0.18 0.23 -0.81 0.27 0.38 0.87 0.77 0.26 0.53
0.29 0.04 -0.71 0.58 0.44 0.9 0.45 0.27 0.58
0.24 0.18 -0.77 0.31 0.49 0.83 0.8 0.32 0.48
0.33 0.27 -0.7 0.44 0.37 0.95 0.94 0.36 0.8
0.23 0.2 -0.8 0.47 0.32 0.95 0.54 0.42 0.62
0.24 0.07 -0.71 0.32 0.64 0.87 0.87 0.37 0.57
0.32 0.05 -0.66 0.9 0.18 0.65 0.0 0.33 0.68
0.39 0.1 -0.68 0.66 0.37 0.9 0.45 0.28 0.58
0.45 0.07 -0.6 0.96 0.17 0.65 0.0 0.31 0.55
0.13 0.04 -0.79 0.44 0.44 0.86 0.45 0.27 0.58
0.11 0.29 -0.81 0.06 0.54 0.79 0.98 0.46 0.3
0.19 -0.06 -0.72 0.62 0.44 0.29 0.12 0.55 0.37
0.37 0.28 -0.71 0.48 0.31 0.85 0.8 0.24 0.64
0.04 0.42 -0.83 0.26 0.22 0.69 0.94 0.36 0.8
0.09 0.12 -0.82 0.6 0.15 0.51 0.06 0.49 0.61
-0.06 -0.01 -0.84 0.4 0.44 0.28 0.16 0.84 0.37
0.18 0.29 -0.81 0.32 0.31 0.78 0.8 0.24 0.64
0.27 0.24 -0.75 0.74 0.02 0.65 0.19 0.29 0.76
0.39 0.28 -0.69 0.83 0.03 0.65 0.26 0.36 0.76
0.17 0.34 -0.8 0.15 0.39 0.88 0.98 0.39 0.48
0.19 0.26 -0.77 0.48 0.47 0.5 0.93 0.52 0.77
0.29 0.29 -0.76 0.41 0.3 0.83 0.8 0.24 0.64
0.2 0.32 -0.79 0.44 0.29 0.69 0.8 0.4 0.76
0.42 0.07 -0.62 0.94 0.19 0.65 0.0 0.35 0.55
0.08 0.09 -0.82 0.6 0.18 0.51 0.06 0.49 0.61
0.35 -0.15 -0.54 0.84 0.55 0.29 0.12 0.53 0.36
0.11 0.26 -0.82 0.38 0.29 0.94 0.69 0.4 0.81
0.04 0.37 -0.83 0.23 0.41 0.81 0.87 0.83 0.66
0.24 0.17 -0.75 0.73 0.2 0.45 0.34 0.53 0.81
0.34 0.22 -0.76 0.72 0.14 0.31 0.16 0.69 0.43
0.08 0.27 -0.82 0.24 0.39 0.8 0.94 0.34 0.76
0.21 0.2 -0.78 0.71 0.06 0.65 0.12 0.33 0.71
0.34 0.23 -0.76 0.7 0.21 0.31 0.3 0.71 0.46
0.28 -0.11 -0.63 0.73 0.5 0.29 0.12 0.54 0.36
0.47 0.33 -0.65 0.55 0.27 0.82 0.77 0.26 0.53
0.26 0.33 -0.73 0.8 0.44 0.0 0.87 0.93 0.66
0.25 0.04 -0.71 0.77 0.23 0.51 0.04 0.46 0.61
0.23 0.22 -0.78 0.7 0.05 0.65 0.17 0.31 0.73
0.08 0.27 -0.82 0.24 0.39 0.8 0.94 0.34 0.76
0.45 -0.03 -0.6 0.79 0.45 0.29 0.11 0.62 0.18
0.36 -0.09 -0.6 0.8 0.49 0.29 0.12 0.62 0.33
0.22 0.15 -0.77 0.35 0.48 0.79 0.77 0.24 0.58
0.36 0.07 -0.63 0.88 0.33 0.45 0.34 0.53 0.81
0.12 -0.02 -0.74 0.67 0.31 0.51 0.04 0.44 0.61
0.34 0.22 -0.76 0.72 0.14 0.31 0.16 0.69 0.43
0.14 0.03 -0.75 0.32 0.63 0.79 0.8 0.31 0.64
0.31 0.17 -0.74 0.8 0.08 0.51 0.05 0.49 0.61
0.25 0.22 -0.76 0.7 0.09 0.65 0.26 0.33 0.76
0.17 0.03 -0.73 0.67 0.27 0.75 0.2 0.14 0.76
0.05 0.24 -0.87 0.2 0.33 0.96 0.7 0.36 0.58
0.22 -0.01 -0.64 0.5 0.78 0.62 0.93 0.43 0.8
0.06 0.3 -0.83 0.25 0.49 0.81 0.87 0.85 0.66
0.04 0.16 -0.81 0.26 0.56 0.75 0.94 0.47 0.8
0.27 0.21 -0.7 0.64 0.53 0.52 0.87 0.7 0.86
0.29 0.05 -0.75 0.62 0.34 0.28 0.12 0.63 0.23
0.15 0.17 -0.79 0.64 0.21 0.45 0.34 0.53 0.81
0.35 -0.03 -0.66 0.71 0.47 0.28 0.15 0.68 0.23
0.05 0.32 -0.83 0.26 0.34 0.72 0.94 0.37 0.8
0.44 -0.05 -0.59 0.79 0.47 0.29 0.12 0.6 0.18
-0.0 0.18 -0.85 0.0 0.54 0.95 0.87 0.46 0.4
0.15 0.42 -0.78 0.01 0.38 0.85 0.98 0.4 0.14
0.15 0.3 -0.8 0.15 0.47 0.86 0.98 0.48 0.48
0.3 0.15 -0.7 0.64 0.49 0.55 0.75 0.53 0.8
0.27 0.05 -0.7 0.67 0.38 0.7 0.43 0.27 0.76
0.17 0.41 -0.77 0.01 0.41 0.83 0.98 0.41 0.08
0.03 0.28 -0.83 0.28 0.42 0.81 0.87 0.6 0.81
0.5 0.1 -0.63 0.8 0.29 0.29 0.11 0.56 0.18
0.04 0.24 -0.83 0.22 0.43 0.79 0.93 0.35 0.8
0.11 0.06 -0.83 0.52 0.3 0.28 0.11 0.62 0.37
0.34 0.25 -0.73 0.38 0.43 0.82 0.8 0.34 0.42
0.25 0.1 -0.75 0.48 0.42 0.86 0.55 0.27 0.58
0.41 0.27 -0.68 0.85 0.05 0.65 0.26 0.36 0.74
0.05 0.23 -0.82 0.28 0.39 0.88 0.87 0.4 0.88
0.39 0.23 -0.68 0.83 0.09 0.65 0.26 0.34 0.76
0.25 0.26 -0.79 0.29 0.41 0.82 0.8 0.32 0.42
0.26 -0.08 -0.67 0.7 0.45 0.29 0.12 0.55 0.37
0.07 0.25 -0.84 0.35 0.37 0.63 0.78 0.42 0.76
0.38 0.26 -0.74 0.73 0.17 0.31 0.3 0.66 0.45
-0.06 -0.01 -0.84 0.4 0.44 0.28 0.16 0.84 0.37
-0.01 0.15 -0.84 0.15 0.53 0.87 0.87 0.42 0.69
0.25 0.48 -0.73 0.41 0.13 0.81 0.94 0.36 0.8
0.17 0.03 -0.73 0.67 0.27 0.75 0.2 0.14 0.76
0.26 0.14 -0.8 0.61 0.27 0.28 0.16 0.74 0.3
0.11 0.33 -0.84 0.3 0.3 0.7 0.8 0.36 0.64
0.13 0.39 -0.82 0.15 0.3 0.85 0.92 0.39 0.48
0.01 0.12 -0.8 0.24 0.62 0.75 0.94 0.48 0.8
0.23 0.01 -0.75 0.65 0.41 0.28 0.16 0.79 0.37
0.26 0.24 -0.77 0.7 0.06 0.65 0.26 0.32 0.76
0.06 0.2 -0.81 0.23 0.47 0.85 0.94 0.36 0.8
0.04 0.12 -0.8 0.33 0.65 0.63 0.87 0.64 0.73
0.14 0.24 -0.81 0.41 0.31 0.94 0.69 0.4 0.81
0.44 0.3 -0.67 0.54 0.32 0.75 0.77 0.26 0.53
0.37 0.2 -0.68 0.85 0.17 0.41 0.34 0.53 0.81
0.17 0.37 -0.79 0.15 0.35 0.88 0.98 0.37 0.47
0.35 -0.1 -0.6 0.8 0.5 0.29 0.11 0.61 0.33
0.07 0.17 -0.81 0.24 0.51 0.86 0.89 0.43 0.74
0.24 0.02 -0.66 0.47 0.77 0.63 0.94 0.45 0.71
0.2 0.18 -0.81 0.46 0.32 0.94 0.47 0.43 0.55
0.18 0.24 -0.85 0.57 0.1 0.31 0.16 0.66 0.43
0.29 -0.1 -0.64 0.73 0.48 0.29 0.11 0.53 0.36
0.16 0.13 -0.79 0.56 0.32 0.63 0.46 0.41 0.76
0.05 0.39 -0.84 0.26 0.27 0.65 0.94 0.34 0.76
0.18 0.56 -0.74 0.36 0.03 0.79 0.94 0.32 0.8
0.19 0.17 -0.79 0.35 0.47 0.7 0.77 0.28 0.58
0.13 0.24 -0.82 0.2 0.44 0.86 0.89 0.34 0.58
0.12 0.1 -0.78 0.63 0.3 0.45 0.34 0.53 0.81
-0.0 0.04 -0.77 0.24 0.72 0.76 0.94 0.48 0.8
0.26 0.11 -0.73 0.78 0.15 0.65 0.07 0.34 0.68
0.14 0.13 -0.77 0.14 0.69 0.89 0.98 0.55 0.48
0.12 0.15 -0.84 0.46 0.28 0.86 0.36 0.3 0.58
0.3 0.19 -0.72 0.78 0.18 0.41 0.34 0.53 0.81
0.17 0.04 -0.73 0.67 0.25 0.75 0.2 0.14 0.76
0.24 0.18 -0.79 0.46 0.32 0.83 0.56 0.28 0.58
0.13 0.13 -0.79 0.63 0.26 0.45 0.34 0.53 0.81
0.22 -0.08 -0.67 0.6 0.54 0.85 0.36 0.22 0.58
0.26 0.26 -0.77 0.7 0.04 0.65 0.26 0.31 0.76
0.17 0.04 -0.75 0.27 0.62 0.88 0.77 0.26 0.52
0.45 -0.01 -0.54 0.99 0.27 0.64 0.0 0.24 0.55
0.01 0.32 -0.84 0.25 0.43 0.81 0.87 0.75 0.76
0.35 -0.03 -0.66 0.71 0.47 0.28 0.15 0.68 0.23
0.26 0.14 -0.8 0.61 0.27 0.28 0.16 0.74 0.3
0.14 0.24 -0.8 0.15 0.53 0.8 0.98 0.37 0.47
0.1 0.25 -0.81 0.33 0.37 0.88 0.87 0.4 0.88
0.11 0.18 -0.84 0.42 0.35 0.62 0.53 0.41 0.61
0.18 0.12 -0.75 0.31 0.58 0.86 0.89 0.41 0.68
0.08 0.3 -0.84 0.31 0.45 0.54 0.89 0.53 0.61
0.24 0.17 -0.75 0.73 0.2 0.45 0.34 0.53 0.81
0.14 0.29 -0.82 0.17 0.38 0.85 0.92 0.27 0.54
0.1 0.14 -0.78 0.17 0.71 0.75 0.98 0.54 0.48
