0.42 0.3 -0.73 0.83 0.03 0.65 0.26 0.35 0.76
0.25 0.4 -0.81 0.36 0.27 0.82 0.94 0.34 0.76
0.27 0.36 -0.77 0.08 0.57 0.76 0.98 0.45 0.01
0.21 0.43 -0.82 0.13 0.42 0.75 0.98 0.43 0.26
0.34 0.28 -0.76 0.42 0.4 0.88 0.94 0.35 0.76
0.46 0.08 -0.65 0.94 0.18 0.65 0.0 0.33 0.55
0.21 0.14 -0.79 0.31 0.58 0.86 0.89 0.41 0.68
0.28 0.13 -0.77 0.32 0.61 0.87 0.87 0.41 0.57
0.28 0.06 -0.75 0.77 0.22 0.51 0.05 0.45 0.61
0.13 0.18 -0.85 0.23 0.58 0.78 0.87 0.48 0.57
0.13 0.15 -0.82 0.17 0.72 0.75 0.98 0.56 0.48
0.18 -0.04 -0.73 0.75 0.43 0.83 0.06 0.45 0.61
0.26 0.0 -0.73 0.77 0.3 0.51 0.06 0.45 0.61
0.15 0.26 -0.86 0.2 0.46 0.86 0.89 0.39 0.58
0.43 0.16 -0.73 0.66 0.32 0.9 0.45 0.28 0.58
0.18 0.53 -0.82 0.15 0.2 0.82 0.98 0.3 0.47
0.24 0.35 -0.84 0.19 0.32 0.97 0.87 0.28 0.46
0.13 0.09 -0.87 0.54 0.3 0.3 0.15 0.68 0.43
0.12 0.11 -0.83 0.23 0.67 0.78 0.87 0.51 0.58
0.22 0.29 -0.81 0.48 0.47 0.5 0.93 0.52 0.77
0.14 0.28 -0.87 0.38 0.29 0.94 0.69 0.4 0.81
0.13 0.14 -0.81 0.44 0.68 0.5 0.87 0.72 0.7
0.4 0.1 -0.73 0.77 0.38 0.3 0.3 0.74 0.47
0.48 -0.04 -0.62 0.79 0.47 0.29 0.12 0.6 0.18
0.21 0.2 -0.84 0.27 0.45 0.87 0.77 0.26 0.53
0.3 0.23 -0.79 0.72 0.1 0.65 0.26 0.33 0.76
0.2 0.41 -0.83 0.15 0.34 0.88 0.98 0.36 0.48
0.3 0.06 -0.74 0.78 0.22 0.51 0.06 0.44 0.61
0.18 0.53 -0.82 0.15 0.2 0.82 0.98 0.3 0.47
0.38 0.26 -0.8 0.7 0.2 0.31 0.29 0.69 0.46
0.2 0.12 -0.8 0.33 0.63 0.65 0.87 0.34 0.57
0.23 0.09 -0.78 0.32 0.66 0.72 0.87 0.33 0.57
0.22 0.07 -0.8 0.44 0.48 0.77 0.55 0.27 0.58
0.17 0.09 -0.81 0.31 0.58 0.79 0.8 0.3 0.64
0.19 0.44 -0.86 0.31 0.16 0.77 0.8 0.24 0.64
0.19 0.2 -0.82 0.31 0.5 0.87 0.89 0.42 0.74
0.29 0.31 -0.81 0.7 0.0 0.65 0.26 0.31 0.76
0.26 0.36 -0.79 0.76 0.43 0.0 0.87 0.9 0.66
0.17 -0.0 -0.81 0.57 0.39 0.28 0.11 0.64 0.37
0.23 0.46 -0.81 0.36 0.19 0.77 0.94 0.31 0.8
0.08 0.39 -0.88 0.24 0.3 0.72 0.94 0.34 0.76
0.25 0.12 -0.84 0.6 0.24 0.28 0.11 0.63 0.37
0.06 0.26 -0.87 0.22 0.43 0.79 0.93 0.35 0.8
0.29 0.19 -0.84 0.63 0.16 0.28 0.12 0.6 0.37
0.16 0.15 -0.81 0.35 0.63 0.62 0.93 0.45 0.71
0.26 0.38 -0.83 0.18 0.29 0.94 0.87 0.19 0.4
0.3 0.1 -0.82 0.59 0.34 0.28 0.16 0.64 0.23
0.16 0.46 -0.84 0.33 0.22 0.68 0.94 0.34 0.76
0.28 0.28 -0.82 0.3 0.43 0.79 0.8 0.33 0.42
0.38 0.22 -0.79 0.73 0.15 0.3 0.16 0.69 0.43
0.22 0.27 -0.83 0.35 0.47 0.64 0.89 0.37 0.61
0.3 0.26 -0.79 0.74 0.02 0.65 0.19 0.29 0.76
0.13 -0.01 -0.74 0.35 0.83 0.62 0.94 0.47 0.71
0.26 0.38 -0.83 0.18 0.29 0.94 0.87 0.19 0.4
0.2 0.45 -0.81 0.01 0.39 0.85 0.98 0.4 0.11
0.22 0.07 -0.72 0.56 0.73 0.63 0.87 0.7 0.86
0.48 -0.03 -0.56 1.0 0.3 0.64 0.0 0.25 0.55
0.3 -0.13 -0.65 0.73 0.53 0.28 0.11 0.54 0.36
0.44 0.3 -0.73 0.44 0.4 0.82 0.8 0.36 0.42
0.17 0.26 -0.83 0.47 0.3 1.0 0.68 0.42 0.93
0.27 0.07 -0.81 0.6 0.32 0.29 0.11 0.64 0.3
0.42 0.25 -0.72 0.83 0.09 0.65 0.26 0.35 0.76
0.13 0.19 -0.83 0.44 0.63 0.48 0.87 0.73 0.7
0.33 0.21 -0.76 0.78 0.18 0.41 0.34 0.53 0.81
0.07 0.42 -0.88 0.26 0.27 0.65 0.94 0.34 0.76
0.23 0.06 -0.75 0.78 0.19 0.65 0.0 0.31 0.67
0.3 0.02 -0.72 0.63 0.57 0.54 0.53 0.5 0.61
0.16 0.1 -0.77 0.59 0.53 0.49 0.75 0.53 0.97
0.33 0.29 -0.78 0.74 0.03 0.65 0.26 0.33 0.76
0.29 0.19 -0.84 0.63 0.16 0.28 0.12 0.59 0.37
0.24 0.07 -0.76 0.78 0.16 0.65 0.0 0.31 0.68
0.4 0.1 -0.67 0.88 0.32 0.45 0.34 0.53 0.81
0.28 0.24 -0.8 0.7 0.09 0.65 0.26 0.33 0.76
0.19 0.24 -0.82 0.35 0.48 0.77 0.94 0.43 0.8
0.52 0.13 -0.61 0.56 0.5 0.9 0.81 0.13 0.61
0.37 0.17 -0.69 0.61 0.61 0.57 0.94 0.52 0.78
0.56 0.15 -0.57 0.56 0.48 0.9 0.87 0.02 0.61
0.09 0.27 -0.88 0.35 0.37 0.63 0.78 0.42 0.76
0.38 0.18 -0.72 0.83 0.22 0.45 0.34 0.53 0.81
0.32 0.17 -0.78 0.77 0.1 0.51 0.06 0.46 0.61
0.26 0.4 -0.84 0.33 0.23 0.78 0.77 0.25 0.54
0.42 -0.07 -0.63 0.8 0.48 0.29 0.12 0.63 0.29
0.16 0.39 -0.86 0.42 0.17 0.77 0.7 0.4 0.81
0.23 0.09 -0.78 0.32 0.66 0.72 0.87 0.33 0.57
0.26 0.27 -0.85 0.46 0.26 0.77 0.55 0.31 0.59
0.16 0.19 -0.82 0.29 0.52 0.8 0.94 0.33 0.76
0.09 0.52 -0.9 0.41 0.09 0.59 0.54 0.79 0.57
0.11 0.49 -0.85 0.08 0.37 0.7 0.98 0.5 0.29
0.15 -0.05 -0.77 0.59 0.57 0.3 0.3 0.76 0.47
0.18 0.11 -0.86 0.55 0.26 0.28 0.11 0.63 0.37
0.3 0.01 -0.65 0.56 0.78 0.62 0.94 0.44 0.8
0.06 0.14 -0.84 0.33 0.65 0.63 0.87 0.64 0.73
0.36 0.02 -0.64 0.88 0.42 0.45 0.34 0.53 0.81
0.02 0.12 -0.84 0.24 0.64 0.75 0.94 0.48 0.8
0.2 0.13 -0.78 0.31 0.58 0.9 0.93 0.36 0.76
0.36 -0.11 -0.62 0.8 0.51 0.29 0.12 0.58 0.37
0.18 -0.01 -0.73 0.71 0.46 0.45 0.34 0.53 0.81
0.07 0.42 -0.88 0.26 0.27 0.65 0.94 0.34 0.76
0.41 0.17 -0.71 0.87 0.13 0.65 0.12 0.38 0.69
0.08 0.52 -0.9 0.38 0.1 0.6 0.59 0.73 0.57
0.13 0.32 -0.88 0.39 0.25 0.82 0.69 0.4 0.81
0.48 0.2 -0.65 0.93 0.19 0.45 0.34 0.53 0.81
0.38 0.12 -0.71 0.86 0.16 0.65 0.09 0.36 0.68
0.17 0.07 -0.79 0.67 0.27 0.75 0.2 0.27 0.76
0.29 0.19 -0.84 0.63 0.16 0.28 0.12 0.6 0.37
0.16 0.49 -0.88 0.51 0.08 0.63 0.4 0.91 0.57
0.17 0.44 -0.86 0.44 0.11 0.77 0.69 0.4 0.81
0.11 0.38 -0.92 0.54 0.1 0.63 0.23 0.94 0.57
0.34 0.04 -0.68 0.9 0.2 0.65 0.0 0.31 0.68
0.3 0.1 -0.82 0.59 0.34 0.28 0.16 0.64 0.23
0.18 0.3 -0.84 0.15 0.5 0.86 0.98 0.49 0.48
0.14 0.36 -0.87 0.13 0.36 0.86 0.96 0.27 0.54
0.19 0.05 -0.77 0.67 0.25 0.75 0.2 0.14 0.76
0.02 0.32 -0.89 0.25 0.43 0.81 0.87 0.66 0.8
0.18 -0.04 -0.78 0.59 0.43 0.28 0.11 0.62 0.37
0.18 -0.02 -0.8 0.59 0.46 0.28 0.16 0.8 0.37
0.0 0.47 -0.89 0.18 0.17 0.77 0.93 0.31 0.8
0.25 0.0 -0.68 0.5 0.78 0.62 0.93 0.43 0.8
0.05 0.3 -0.88 0.22 0.39 0.75 0.94 0.35 0.8
0.09 0.03 -0.86 0.43 0.46 0.73 0.3 0.53 0.44
0.21 0.16 -0.82 0.56 0.26 0.59 0.43 0.26 0.77
0.4 0.22 -0.72 0.85 0.17 0.41 0.34 0.53 0.81
0.3 -0.02 -0.72 0.62 0.48 0.85 0.36 0.23 0.58
0.3 0.26 -0.79 0.74 0.02 0.65 0.19 0.29 0.76
0.11 0.19 -0.83 0.3 0.55 0.75 0.94 0.47 0.8
0.33 0.17 -0.77 0.8 0.1 0.51 0.05 0.52 0.61
0.2 0.13 -0.78 0.31 0.58 0.9 0.93 0.36 0.76
0.35 0.06 -0.69 0.9 0.18 0.65 0.0 0.32 0.68
0.42 0.25 -0.76 0.66 0.2 0.88 0.4 0.29 0.58
0.3 -0.02 -0.72 0.71 0.53 0.31 0.3 0.73 0.47
0.19 0.44 -0.86 0.31 0.16 0.77 0.8 0.24 0.64
0.06 0.33 -0.88 0.23 0.5 0.81 0.87 0.86 0.66
0.26 0.22 -0.84 0.47 0.32 0.95 0.54 0.42 0.62
0.24 0.12 -0.74 0.61 0.67 0.52 0.87 0.7 0.86
0.09 0.18 -0.87 0.08 0.59 0.9 0.87 0.46 0.4
0.33 0.3 -0.8 0.33 0.4 0.82 0.8 0.33 0.42
0.12 0.34 -0.88 0.39 0.23 0.78 0.69 0.4 0.81
0.14 0.37 -0.87 0.41 0.2 0.78 0.7 0.4 0.81
0.44 -0.12 -0.57 0.8 0.56 0.29 0.12 0.52 0.18
0.43 0.3 -0.73 0.83 0.03 0.65 0.26 0.36 0.76
0.18 0.02 -0.75 0.67 0.45 0.45 0.41 0.52 0.81
0.2 0.01 -0.77 0.71 0.28 0.51 0.04 0.46 0.61
0.44 0.03 -0.64 0.74 0.55 0.6 0.54 0.45 0.61
0.22 0.17 -0.79 0.56 0.49 0.5 0.75 0.53 0.8
0.09 0.48 -0.86 0.08 0.37 0.71 0.98 0.51 0.33
0.39 -0.14 -0.57 0.84 0.55 0.29 0.12 0.53 0.36
0.4 0.11 -0.74 0.76 0.37 0.31 0.3 0.74 0.47
0.46 0.07 -0.62 0.65 0.79 0.39 0.87 0.45 0.44
0.48 -0.06 -0.6 0.8 0.5 0.29 0.11 0.51 0.17
0.31 0.07 -0.75 0.8 0.21 0.51 0.05 0.48 0.61
0.13 0.03 -0.76 0.35 0.78 0.62 0.93 0.46 0.71
-0.01 0.49 -0.89 0.06 0.41 0.56 0.98 0.54 0.29
0.07 0.42 -0.88 0.26 0.27 0.65 0.94 0.34 0.76
0.22 0.41 -0.82 0.13 0.45 0.75 0.98 0.44 0.24
0.2 0.01 -0.79 0.61 0.5 0.31 0.31 0.73 0.47
0.22 -0.0 -0.76 0.59 0.56 0.54 0.45 0.55 0.61
0.19 0.44 -0.86 0.31 0.16 0.77 0.8 0.24 0.64
0.52 0.04 -0.64 0.8 0.37 0.29 0.11 0.52 0.18
0.08 0.35 -0.87 0.25 0.47 0.81 0.87 0.84 0.66
0.21 0.43 -0.82 0.13 0.42 0.75 0.98 0.43 0.26
0.2 0.05 -0.76 0.71 0.37 0.42 0.34 0.53 0.81
0.0 0.33 -0.89 0.06 0.62 0.56 0.98 0.63 0.26
0.18 0.29 -0.86 0.49 0.24 0.63 0.61 0.42 0.76
0.17 -0.0 -0.81 0.57 0.39 0.28 0.11 0.64 0.37
0.14 0.29 -0.85 0.28 0.41 0.75 0.94 0.34 0.76
0.19 -0.04 -0.78 0.59 0.43 0.28 0.11 0.6 0.37
0.11 0.16 -0.83 0.24 0.56 0.83 0.94 0.36 0.76
0.21 0.1 -0.78 0.54 0.51 0.45 0.72 0.39 0.8
0.3 -0.02 -0.72 0.71 0.53 0.31 0.3 0.73 0.47
0.28 0.02 -0.73 0.78 0.27 0.51 0.06 0.45 0.61
0.14 0.14 -0.89 0.54 0.25 0.31 0.16 0.69 0.43
0.38 0.06 -0.75 0.68 0.35 0.29 0.12 0.65 0.23
0.05 0.17 -0.87 0.18 0.53 0.87 0.87 0.41 0.69
0.41 0.03 -0.72 0.71 0.41 0.28 0.16 0.64 0.23
0.16 0.22 -0.9 0.54 0.15 0.31 0.16 0.64 0.43
0.33 0.14 -0.75 0.46 0.53 0.79 0.8 0.35 0.64
0.16 0.06 -0.83 0.44 0.44 0.86 0.45 0.27 0.58
0.46 0.3 -0.72 0.51 0.35 0.75 0.77 0.26 0.53
0.36 0.25 -0.76 0.77 0.08 0.65 0.26 0.33 0.76
0.18 0.46 -0.82 0.01 0.37 0.85 0.98 0.4 0.16
0.19 0.32 -0.84 0.15 0.45 0.85 0.98 0.36 0.48
0.15 0.16 -0.89 0.54 0.22 0.31 0.16 0.68 0.43
0.24 0.07 -0.76 0.78 0.16 0.65 0.0 0.31 0.68
0.4 0.08 -0.66 0.88 0.33 0.45 0.34 0.53 0.81
0.3 0.05 -0.73 0.8 0.23 0.51 0.05 0.45 0.61
0.03 -0.01 -0.86 0.46 0.44 0.28 0.16 0.77 0.37
0.19 0.04 -0.83 0.57 0.34 0.28 0.11 0.66 0.37
0.16 0.1 -0.77 0.59 0.54 0.49 0.75 0.54 0.96
0.38 0.2 -0.77 0.56 0.32 0.85 0.55 0.28 0.58
0.35 0.06 -0.69 0.9 0.18 0.65 0.0 0.32 0.68
0.17 0.26 -0.84 0.18 0.56 0.75 0.98 0.38 0.48
0.19 0.32 -0.84 0.15 0.45 0.85 0.98 0.36 0.48
0.39 0.22 -0.72 0.84 0.16 0.42 0.34 0.53 0.81
0.29 0.15 -0.84 0.61 0.27 0.28 0.16 0.74 0.3
0.19 0.06 -0.79 0.56 0.37 0.63 0.43 0.27 0.76
0.23 0.46 -0.83 0.26 0.2 0.86 0.89 0.28 0.58
0.2 0.29 -0.86 0.31 0.34 0.79 0.8 0.26 0.64
0.46 0.21 -0.7 0.46 0.5 0.83 0.8 0.33 0.42
0.1 0.21 -0.85 0.44 0.62 0.41 0.87 0.77 0.69
0.11 0.49 -0.85 0.08 0.37 0.7 0.98 0.5 0.29
