0.37 -0.02 -0.67 0.57 0.79 0.63 0.94 0.43 0.71
0.37 0.16 -0.79 0.37 0.51 0.83 0.8 0.33 0.44
0.13 0.07 -0.86 0.2 0.67 0.86 0.89 0.49 0.58
0.23 0.2 -0.84 0.17 0.69 0.74 0.98 0.54 0.31
0.25 0.19 -0.85 0.2 0.55 0.86 0.87 0.41 0.4
0.36 0.12 -0.73 0.61 0.63 0.57 0.94 0.52 0.78
0.23 0.25 -0.87 0.27 0.43 0.87 0.87 0.4 0.58
0.1 0.16 -0.87 0.3 0.55 0.75 0.94 0.47 0.8
0.25 0.21 -0.85 0.7 0.06 0.65 0.26 0.32 0.76
0.21 0.11 -0.83 0.19 0.7 0.8 0.98 0.39 0.48
0.17 0.16 -0.88 0.56 0.27 0.63 0.49 0.41 0.76
0.19 0.34 -0.87 0.09 0.52 0.77 0.98 0.46 0.26
0.25 0.09 -0.77 0.56 0.66 0.68 0.87 0.65 0.86
0.27 0.15 -0.88 0.63 0.16 0.28 0.12 0.59 0.37
0.04 0.48 -0.9 0.22 0.13 0.75 0.94 0.29 0.8
0.27 0.26 -0.87 0.44 0.26 0.74 0.62 0.27 0.58
0.34 0.35 -0.78 0.44 0.28 0.89 0.94 0.36 0.8
0.4 0.23 -0.72 0.21 0.77 0.68 0.98 0.53 0.01
0.26 0.05 -0.78 0.78 0.31 0.41 0.34 0.53 0.81
0.26 0.37 -0.87 0.33 0.23 0.78 0.77 0.25 0.54
0.37 0.11 -0.8 0.74 0.34 0.31 0.3 0.76 0.47
0.25 0.16 -0.89 0.44 0.34 0.94 0.45 0.46 0.45
0.29 0.08 -0.81 0.8 0.14 0.51 0.05 0.5 0.61
0.26 0.23 -0.85 0.32 0.48 0.82 0.87 0.47 0.57
0.45 0.24 -0.76 0.5 0.39 0.74 0.77 0.26 0.53
0.47 -0.1 -0.64 0.8 0.48 0.29 0.12 0.52 0.18
0.22 0.07 -0.88 0.6 0.24 0.28 0.11 0.63 0.37
0.4 0.27 -0.8 0.54 0.25 0.8 0.62 0.27 0.58
0.45 -0.19 -0.54 0.93 0.53 0.29 0.11 0.54 0.37
0.15 -0.01 -0.81 0.67 0.25 0.75 0.2 0.14 0.76
0.19 0.2 -0.86 0.15 0.61 0.87 0.98 0.53 0.48
0.45 -0.14 -0.62 0.8 0.53 0.29 0.11 0.52 0.18
0.22 0.32 -0.88 0.36 0.31 0.74 0.8 0.36 0.64
0.25 0.26 -0.83 0.51 0.48 0.54 0.93 0.52 0.78
0.47 -0.09 -0.64 0.8 0.48 0.29 0.11 0.59 0.18
0.11 0.02 -0.9 0.52 0.3 0.28 0.11 0.62 0.37
0.25 0.33 -0.87 0.19 0.32 0.97 0.87 0.28 0.46
0.13 0.16 -0.94 0.54 0.16 0.31 0.16 0.64 0.43
0.2 0.31 -0.87 0.15 0.45 0.85 0.98 0.36 0.48
0.48 -0.07 -0.66 0.79 0.45 0.29 0.11 0.62 0.18
0.0 -0.06 -0.9 0.46 0.44 0.28 0.16 0.77 0.37
0.29 0.1 -0.81 0.8 0.12 0.51 0.05 0.51 0.61
0.16 0.24 -0.89 0.2 0.44 0.86 0.89 0.34 0.58
0.06 -0.06 -0.87 0.51 0.45 0.29 0.16 0.78 0.37
0.15 -0.07 -0.83 0.59 0.46 0.28 0.16 0.8 0.37
0.13 0.02 -0.82 0.35 0.75 0.62 0.93 0.46 0.71
0.12 0.29 -0.93 0.2 0.34 0.88 0.81 0.36 0.58
0.39 0.02 -0.78 0.73 0.32 0.29 0.11 0.67 0.3
0.35 -0.18 -0.63 0.81 0.53 0.29 0.11 0.58 0.37
0.16 -0.0 -0.87 0.57 0.33 0.28 0.11 0.67 0.37
0.23 0.39 -0.85 0.12 0.46 0.75 0.98 0.44 0.25
0.23 0.04 -0.84 0.53 0.37 0.79 0.41 0.24 0.58
0.36 0.27 -0.77 0.44 0.37 0.95 0.94 0.36 0.8
0.14 0.26 -0.9 0.41 0.28 0.89 0.69 0.4 0.81
0.14 0.07 -0.84 0.3 0.63 0.86 0.89 0.44 0.76
-0.0 0.48 -0.93 0.06 0.41 0.56 0.98 0.54 0.3
0.26 0.32 -0.86 0.38 0.3 0.77 0.8 0.35 0.64
0.2 -0.05 -0.8 0.45 0.56 0.81 0.55 0.27 0.58
0.35 0.19 -0.79 0.8 0.1 0.65 0.26 0.34 0.76
0.28 0.24 -0.84 0.41 0.48 0.6 0.87 0.36 0.57
0.2 0.3 -0.9 0.28 0.39 0.71 0.8 0.4 0.47
0.15 0.15 -0.88 0.2 0.57 0.86 0.89 0.44 0.58
0.08 0.02 -0.84 0.63 0.35 0.44 0.34 0.53 0.81
0.26 0.1 -0.87 0.63 0.22 0.29 0.12 0.62 0.37
0.07 0.2 -0.94 0.61 0.05 0.66 0.07 0.47 0.61
-0.04 0.38 -0.93 0.27 0.3 0.76 0.87 0.6 0.86
0.13 -0.09 -0.82 0.59 0.56 0.31 0.29 0.77 0.47
0.28 0.04 -0.8 0.8 0.18 0.51 0.05 0.48 0.61
0.37 0.14 -0.74 0.61 0.61 0.57 0.94 0.52 0.78
0.09 -0.0 -0.89 0.54 0.36 0.3 0.16 0.69 0.43
0.21 0.17 -0.89 0.46 0.32 0.94 0.47 0.43 0.55
0.28 0.25 -0.86 0.38 0.39 0.65 0.77 0.27 0.52
0.12 0.02 -0.83 0.66 0.35 0.41 0.34 0.53 0.81
0.4 -0.01 -0.75 0.71 0.41 0.28 0.16 0.64 0.23
0.22 0.13 -0.9 0.59 0.18 0.28 0.12 0.58 0.37
0.13 0.07 -0.86 0.2 0.67 0.86 0.89 0.49 0.58
0.5 0.25 -0.76 0.81 0.17 0.31 0.29 0.66 0.45
0.01 0.11 -0.89 0.22 0.57 0.86 0.89 0.45 0.81
0.35 0.22 -0.85 0.7 0.21 0.31 0.3 0.72 0.46
0.36 0.02 -0.79 0.7 0.32 0.28 0.11 0.67 0.3
0.22 0.11 -0.86 0.35 0.47 0.79 0.71 0.24 0.58
0.12 0.12 -0.93 0.54 0.22 0.31 0.16 0.68 0.43
0.5 0.25 -0.76 0.81 0.17 0.31 0.29 0.66 0.45
0.13 -0.07 -0.77 0.71 0.46 0.45 0.34 0.54 0.81
0.15 0.12 -0.85 0.35 0.63 0.62 0.93 0.45 0.71
0.21 0.14 -0.84 0.56 0.48 0.5 0.75 0.52 0.79
0.37 0.02 -0.79 0.68 0.35 0.29 0.12 0.65 0.23
0.07 -0.06 -0.87 0.52 0.45 0.29 0.15 0.79 0.37
0.19 0.24 -0.89 0.56 0.21 0.63 0.52 0.43 0.76
0.13 0.07 -0.86 0.2 0.67 0.86 0.89 0.49 0.58
0.26 0.25 -0.87 0.35 0.38 0.71 0.77 0.27 0.53
0.15 0.06 -0.9 0.55 0.26 0.28 0.11 0.63 0.37
0.43 0.03 -0.7 0.94 0.19 0.65 0.0 0.35 0.55
0.06 0.29 -0.91 0.26 0.38 0.73 0.93 0.37 0.8
0.23 -0.0 -0.76 0.44 0.78 0.62 0.94 0.46 0.71
0.31 0.17 -0.84 0.51 0.32 0.83 0.55 0.28 0.58
0.23 0.44 -0.83 0.01 0.39 0.85 0.98 0.4 0.12
0.27 0.21 -0.82 0.36 0.45 0.9 0.94 0.34 0.76
0.11 0.04 -0.91 0.52 0.28 0.28 0.12 0.62 0.37
0.21 0.06 -0.84 0.75 0.25 0.85 0.07 0.45 0.61
0.14 0.24 -0.89 0.4 0.3 0.94 0.69 0.4 0.81
0.3 0.18 -0.81 0.78 0.16 0.41 0.34 0.53 0.8
0.08 0.19 -0.89 0.44 0.62 0.41 0.87 0.77 0.69
0.33 -0.04 -0.66 0.6 0.79 0.62 0.93 0.44 0.8
0.26 -0.06 -0.77 0.7 0.52 0.31 0.3 0.73 0.47
0.35 0.27 -0.81 0.44 0.43 0.63 0.87 0.31 0.58
0.05 0.43 -0.91 0.26 0.22 0.69 0.94 0.36 0.8
0.29 -0.05 -0.75 0.53 0.56 0.87 0.55 0.27 0.58
0.3 0.35 -0.79 0.08 0.57 0.76 0.98 0.45 0.01
0.27 0.34 -0.86 0.23 0.34 0.86 0.87 0.32 0.44
0.54 0.06 -0.7 0.8 0.3 0.29 0.11 0.54 0.18
0.38 0.05 -0.77 0.77 0.4 0.31 0.29 0.74 0.47
0.29 0.2 -0.88 0.67 0.13 0.31 0.16 0.68 0.43
0.29 0.11 -0.82 0.8 0.12 0.51 0.05 0.52 0.61
0.07 0.49 -0.88 0.38 0.18 0.7 0.87 0.6 0.86
0.24 -0.03 -0.82 0.65 0.41 0.28 0.16 0.79 0.37
0.16 -0.14 -0.79 0.54 0.52 0.29 0.11 0.64 0.23
0.08 0.24 -0.89 0.55 0.58 0.26 0.86 0.92 0.69
0.12 -0.02 -0.8 0.35 0.8 0.62 0.94 0.47 0.71
0.21 0.15 -0.89 0.4 0.35 0.83 0.55 0.28 0.54
0.21 -0.02 -0.79 0.28 0.67 0.88 0.77 0.25 0.52
0.47 0.04 -0.66 0.65 0.79 0.39 0.87 0.45 0.44
0.26 0.11 -0.87 0.63 0.2 0.28 0.12 0.62 0.37
0.14 -0.01 -0.82 0.56 0.41 0.63 0.44 0.29 0.76
0.37 -0.21 -0.6 0.77 0.62 0.28 0.11 0.52 0.18
0.1 0.44 -0.94 0.51 0.08 0.63 0.34 0.91 0.57
0.25 0.25 -0.85 0.7 0.02 0.65 0.26 0.31 0.76
0.19 0.25 -0.87 0.11 0.64 0.74 0.98 0.51 0.29
0.33 0.38 -0.81 0.5 0.36 0.57 0.89 0.53 0.61
0.22 0.12 -0.87 0.44 0.37 0.75 0.55 0.27 0.58
0.25 0.26 -0.85 0.7 0.01 0.65 0.26 0.31 0.76
0.3 -0.02 -0.73 0.9 0.2 0.65 0.0 0.31 0.68
0.12 0.01 -0.83 0.67 0.27 0.75 0.2 0.27 0.76
0.12 0.01 -0.89 0.53 0.31 0.28 0.11 0.62 0.37
0.2 0.1 -0.82 0.31 0.58 0.9 0.93 0.36 0.76
0.25 0.26 -0.83 0.51 0.48 0.54 0.93 0.52 0.78
0.32 0.15 -0.78 0.64 0.48 0.59 0.75 0.52 0.8
0.06 0.24 -0.95 0.2 0.33 0.96 0.7 0.36 0.58
0.03 0.27 -0.92 0.26 0.41 0.73 0.89 0.46 0.78
0.21 0.21 -0.9 0.52 0.19 0.86 0.36 0.3 0.58
0.41 0.08 -0.75 0.66 0.37 0.9 0.45 0.28 0.58
0.3 0.22 -0.82 0.75 0.05 0.65 0.26 0.32 0.76
0.37 -0.21 -0.6 0.77 0.62 0.28 0.11 0.52 0.18
0.19 0.03 -0.88 0.59 0.29 0.28 0.12 0.64 0.37
0.19 0.04 -0.88 0.58 0.27 0.29 0.11 0.62 0.37
0.01 0.06 -0.87 0.24 0.69 0.75 0.94 0.48 0.8
0.2 0.22 -0.93 0.59 0.1 0.31 0.16 0.67 0.44
0.07 0.32 -0.91 0.25 0.49 0.81 0.87 0.85 0.66
0.27 0.47 -0.83 0.2 0.26 0.88 0.98 0.36 0.47
0.31 0.26 -0.8 0.56 0.47 0.56 0.91 0.53 0.76
0.29 -0.02 -0.76 0.63 0.57 0.54 0.53 0.5 0.61
0.17 0.35 -0.91 0.29 0.23 0.77 0.8 0.24 0.64
0.37 0.23 -0.76 0.6 0.51 0.59 0.94 0.52 0.78
0.35 0.19 -0.84 0.72 0.14 0.31 0.16 0.69 0.43
0.34 0.11 -0.76 0.87 0.12 0.65 0.12 0.37 0.74
0.15 0.11 -0.87 0.56 0.32 0.63 0.46 0.41 0.76
0.15 0.14 -0.86 0.35 0.6 0.62 0.93 0.45 0.71
0.46 0.01 -0.66 0.96 0.19 0.65 0.0 0.27 0.55
0.2 0.09 -0.84 0.33 0.63 0.65 0.87 0.34 0.57
0.16 -0.05 -0.83 0.6 0.51 0.3 0.3 0.77 0.47
0.41 0.16 -0.74 0.51 0.55 0.69 0.88 0.38 0.61
0.11 0.08 -0.92 0.54 0.27 0.31 0.16 0.69 0.43
0.21 -0.05 -0.81 0.64 0.5 0.31 0.3 0.73 0.47
0.35 0.28 -0.77 0.88 0.51 0.01 0.87 0.94 0.66
0.36 0.21 -0.82 0.55 0.28 0.82 0.55 0.3 0.58
0.28 -0.18 -0.68 0.73 0.52 0.28 0.11 0.54 0.36
0.16 -0.11 -0.8 0.59 0.44 0.28 0.12 0.57 0.37
0.15 0.37 -0.91 0.33 0.26 0.63 0.8 0.35 0.64
0.07 0.16 -0.93 0.6 0.08 0.61 0.06 0.48 0.61
0.14 -0.06 -0.77 0.71 0.45 0.45 0.34 0.53 0.81
0.06 0.08 -0.9 0.6 0.15 0.51 0.06 0.49 0.61
0.12 0.06 -0.86 0.23 0.69 0.77 0.87 0.49 0.58
0.21 0.17 -0.85 0.19 0.63 0.77 0.98 0.36 0.48
0.19 0.26 -0.87 0.15 0.54 0.86 0.98 0.51 0.47
0.41 0.2 -0.78 0.47 0.43 0.73 0.77 0.26 0.53
0.18 0.22 -0.93 0.57 0.1 0.31 0.16 0.66 0.43
0.13 -0.09 -0.82 0.59 0.56 0.3 0.3 0.77 0.47
0.33 0.18 -0.77 0.87 0.62 0.01 0.87 0.95 0.66
0.12 -0.12 -0.8 0.58 0.58 0.31 0.29 0.67 0.47
0.24 0.11 -0.82 0.77 0.1 0.65 0.12 0.33 0.74
0.15 0.3 -0.9 0.39 0.31 0.67 0.8 0.38 0.76
0.25 -0.06 -0.78 0.68 0.52 0.31 0.3 0.73 0.47
0.12 0.34 -0.91 0.41 0.2 0.78 0.7 0.4 0.81
0.21 0.27 -0.85 0.48 0.47 0.5 0.94 0.53 0.76
0.25 0.19 -0.85 0.2 0.55 0.86 0.87 0.41 0.4
0.16 -0.05 -0.83 0.6 0.51 0.3 0.3 0.77 0.47
0.02 0.38 -0.93 0.2 0.25 0.77 0.94 0.31 0.8
0.06 0.0 -0.85 0.39 0.57 0.77 0.69 0.39 0.81
-0.07 0.43 -0.93 0.27 0.25 0.7 0.87 0.6 0.86
0.14 -0.06 -0.77 0.71 0.45 0.45 0.34 0.53 0.81
0.49 0.3 -0.73 0.54 0.32 0.75 0.77 0.26 0.53
0.22 0.11 -0.86 0.27 0.51 0.88 0.77 0.26 0.52
0.24 0.06 -0.81 0.78 0.15 0.65 0.06 0.34 0.68
0.27 0.21 -0.82 0.36 0.45 0.9 0.94 0.34 0.76
0.23 0.23 -0.89 0.44 0.26 0.74 0.56 0.27 0.58
0.19 0.2 -0.86 0.15 0.61 0.87 0.98 0.53 0.48
0.38 -0.06 -0.73 0.71 0.46 0.28 0.16 0.68 0.23
0.21 0.43 -0.85 0.36 0.22 0.72 0.93 0.34 0.76
0.35 -0.01 -0.72 0.87 0.24 0.51 0.05 0.44 0.61
0.34 0.18 -0.76 0.88 0.63 0.01 0.87 0.95 0.66
