nan
0.021515265
0.015016603
0.0147303
0.014505519
0.014390923
0.014328597
0.014288586
0.01424625
0.014199546
0.014164357
0.01413337
0.014103963
0.014085808
0.014066342
0.01405041
0.014038404
0.014026083
0.01401521
0.013998572
0.013989294
0.013974814
0.013963036
0.01395531
0.01394346
0.01393744
0.013929156
0.013925457
0.013916767
0.013906922
0.0139000295
0.013892463
0.01388514
0.013879569
0.013875259
0.013867184
0.013860998
0.0138544105
0.013849025
0.013841395
0.013840667
0.013830334
0.013826615
0.013824463
0.013820556
0.0138152735
0.013808104
0.013804733
0.013802435
0.013801901
