60.64 23.14 49.22 56.54 -1.76 -23.73
70.61 23.44 49.22 57.42 7.62 -23.73
72.07 22.56 49.51 57.42 8.5 -23.73
70.31 21.97 49.51 56.54 6.45 -23.73
67.09 21.68 50.1 56.54 3.22 -23.73
60.94 21.09 49.8 57.71 -4.98 -23.73
57.71 20.8 49.51 57.42 -9.38 -23.73
54.79 19.92 49.51 56.84 -11.43 -23.73
50.39 19.04 49.51 56.84 -15.82 -23.73
48.05 18.75 49.22 56.84 -19.04 -23.73
48.34 18.46 49.51 56.54 -18.16 -24.02
51.56 18.16 49.51 56.54 -17.29 -23.73
58.3 16.99 50.1 56.84 -15.53 -23.73
63.57 16.99 49.8 56.84 -15.23 -23.73
67.68 16.7 50.39 57.42 -14.65 -23.73
69.73 15.53 47.46 56.54 -15.82 -24.02
73.54 14.36 39.55 56.84 -14.94 -23.73
75.59 12.6 36.33 56.84 -15.53 -23.73
76.17 10.25 34.28 57.42 -15.23 -23.73
76.17 9.96 33.98 57.42 -14.94 -23.73
76.17 11.72 34.28 57.42 -14.94 -23.73
75.88 14.65 33.98 56.84 -14.06 -23.73
75.88 17.87 33.69 56.84 -13.18 -23.73
75.88 21.97 34.28 56.84 -11.43 -23.44
75.88 24.61 35.45 56.54 -10.25 -23.73
75.88 28.71 35.74 56.84 -9.67 -24.02
75.59 32.81 35.45 57.42 -7.62 -23.73
73.54 36.04 36.04 57.42 -6.74 -23.73
72.07 38.09 36.04 57.42 -6.15 -24.02
71.78 40.14 38.09 57.71 -5.57 -23.73
70.31 40.72 38.09 57.42 -5.57 -24.02
67.09 39.26 38.09 56.84 -6.45 -23.73
64.75 38.09 38.09 56.54 -7.03 -23.73
62.7 37.5 37.79 56.84 -7.91 -23.73
62.11 35.45 38.09 57.42 -8.2 -23.73
60.35 33.4 37.79 56.84 -9.38 -23.73
59.77 31.64 38.38 56.54 -10.25 -24.02
59.18 29.3 38.09 56.25 -11.13 -23.73
58.89 26.37 37.79 57.42 -12.3 -23.73
58.89 24.32 37.79 56.84 -14.06 -23.73
58.89 21.68 37.79 57.42 -15.53 -23.73
57.42 16.99 41.02 56.84 -16.99 -24.02
56.25 14.65 43.36 57.71 -19.04 -23.73
55.96 11.43 45.7 56.84 -17.87 -23.73
55.37 7.62 51.27 56.84 -19.92 -23.73
55.08 5.27 53.03 56.54 -20.51 -23.73
55.08 4.1 55.37 56.84 -20.51 -23.73
55.08 1.46 56.84 57.42 -21.09 -23.73
55.08 -1.17 60.06 56.84 -22.85 -23.73
55.08 -2.34 62.7 56.54 -24.9 -23.73
55.08 -3.81 64.75 57.42 -24.9 -23.73
53.61 -5.86 68.55 56.84 -25.2 -23.73
52.73 -6.74 71.78 56.54 -26.95 -23.73
51.27 -6.45 73.54 57.42 -26.66 -23.73
48.63 -4.1 73.54 56.54 -26.37 -23.73
46.88 -1.76 73.83 56.54 -25.78 -23.73
46.29 -0.59 73.83 56.84 -25.49 -24.02
46.29 0.29 73.83 56.84 -24.02 -23.14
47.46 2.64 70.9 56.84 -21.68 -19.34
50.1 5.27 67.97 56.54 -15.82 -16.41
52.44 7.32 65.33 57.42 -12.6 -13.48
56.25 11.13 62.11 57.71 -7.32 -9.08
59.77 14.36 60.06 56.84 -3.22 -7.91
60.64 17.29 57.42 57.42 -0.29 -7.62
62.11 20.8 55.37 56.54 2.05 -7.62
62.7 23.44 51.27 56.84 4.39 -7.91
62.7 24.02 46.29 56.84 4.98 -7.91
63.28 24.61 43.65 56.84 4.1 -8.2
64.45 24.61 41.6 56.84 3.52 -7.91
67.09 25.2 39.84 56.84 3.52 -8.5
68.85 25.2 38.38 56.84 3.52 -11.13
70.31 25.49 38.67 56.84 3.81 -13.48
72.66 25.49 33.98 56.84 4.69 -15.53
75.59 24.32 32.52 56.84 5.57 -15.53
76.76 23.14 31.35 56.84 5.57 -15.82
77.93 23.44 29.0 56.84 5.86 -20.51
79.1 24.02 26.66 57.42 6.74 -22.56
80.27 23.73 25.2 56.84 7.03 -22.56
80.27 23.14 25.49 56.84 7.03 -22.85
79.98 21.68 28.42 56.54 6.45 -22.85
78.81 20.51 34.28 56.25 4.39 -26.37
77.93 19.63 37.79 56.84 4.1 -26.37
75.88 18.46 42.19 56.84 3.81 -26.37
73.54 17.87 47.46 57.42 1.46 -26.37
72.07 17.29 50.39 56.84 1.46 -26.37
71.19 16.99 52.73 56.84 0.0 -26.66
71.19 16.41 53.61 56.84 -6.45 -26.95
70.9 16.41 56.25 56.84 -10.25 -26.95
68.55 16.99 57.13 57.42 -9.67 -26.95
66.21 19.63 57.42 57.71 -9.38 -26.66
64.16 22.27 57.71 57.42 -9.38 -26.66
62.7 23.73 57.42 56.84 -12.01 -26.95
62.4 24.32 56.25 56.84 -12.89 -26.95
63.28 23.14 53.03 57.42 -13.18 -26.95
63.57 21.09 50.98 57.42 -14.06 -26.95
63.57 19.34 49.51 57.42 -14.94 -26.95
63.87 16.7 50.1 57.42 -16.11 -26.95
64.45 12.89 50.1 56.54 -16.41 -27.25
64.45 9.38 52.73 56.84 -13.77 -26.95
64.45 7.32 55.66 56.84 -13.77 -26.95
64.45 5.86 57.71 56.84 -14.06 -26.66
64.45 5.27 61.52 56.84 -13.77 -26.95
64.75 4.98 62.11 57.42 -13.77 -26.95
66.21 4.98 64.75 57.42 -13.77 -26.95
67.38 6.15 61.52 56.84 -13.77 -26.95
67.38 11.72 53.91 57.42 -13.18 -36.33
67.09 16.11 50.39 57.42 -12.6 -38.96
67.09 20.21 43.65 56.84 -9.08 -41.02
67.09 23.44 39.55 56.84 -6.45 -43.36
67.09 26.95 33.69 56.84 -2.93 -45.12
67.09 29.59 29.3 57.42 1.76 -45.41
67.38 32.23 21.68 56.84 7.62 -45.41
71.48 35.45 17.58 57.42 14.06 -45.7
76.17 36.33 12.01 56.84 20.51 -47.17
80.57 36.91 8.2 56.84 26.37 -47.46
84.96 37.79 3.81 57.42 34.86 -48.93
85.25 38.96 -4.69 56.84 38.96 -52.15
85.25 38.96 -6.74 56.84 40.72 -52.44
83.79 38.96 -7.32 56.84 44.53 -52.44
78.22 39.55 -6.15 56.84 44.53 -52.44
76.17 39.84 -4.98 56.84 42.48 -52.44
74.41 38.96 -2.05 56.84 41.02 -52.44
70.31 36.33 4.1 57.42 38.38 -52.44
69.73 32.52 10.25 57.42 36.04 -52.15
69.73 30.47 14.94 56.54 34.57 -52.44
68.85 26.37 21.09 57.42 33.98 -52.44
67.09 21.68 27.54 56.54 33.11 -52.44
62.11 19.04 30.76 57.42 27.25 -52.73
59.18 18.46 31.93 57.42 22.27 -52.44
55.96 16.99 37.79 57.42 10.84 -52.73
55.08 16.11 42.48 56.84 2.93 -52.73
53.03 16.11 45.41 57.42 -0.88 -53.91
51.27 16.99 45.41 56.84 -7.91 -55.08
51.27 19.34 45.41 57.42 -6.45 -55.08
51.27 22.27 43.95 56.84 -8.2 -55.08
51.56 25.2 43.07 56.84 -8.2 -55.08
51.56 29.0 41.89 57.42 -7.62 -55.08
51.86 30.47 39.26 56.84 -6.45 -57.13
52.73 30.47 39.55 57.42 -1.46 -57.13
53.61 32.52 39.26 57.42 4.98 -57.13
55.08 35.74 37.21 56.84 9.38 -57.13
56.54 40.72 32.52 56.84 10.84 -57.13
57.71 43.07 32.52 56.84 13.77 -55.66
57.71 46.88 32.52 57.42 13.48 -55.66
57.71 50.68 32.52 56.84 11.13 -55.37
57.71 52.44 31.93 57.42 10.55 -53.32
57.71 52.73 31.93 56.84 9.96 -49.51
57.71 52.73 31.93 56.84 10.55 -46.88
57.71 50.1 31.93 56.84 9.96 -41.89
57.71 46.29 32.52 56.84 9.38 -38.67
58.01 41.02 37.5 56.84 7.03 -37.79
58.59 37.5 40.14 56.54 9.38 -37.79
58.59 35.74 43.36 56.84 10.25 -37.5
58.59 33.69 46.88 56.84 10.55 -37.5
58.59 32.52 49.8 57.42 9.67 -35.45
58.59 29.3 53.32 57.42 9.08 -33.4
58.59 25.49 57.71 56.84 5.86 -30.47
58.59 22.27 61.52 57.42 2.05 -27.54
58.59 17.87 68.55 56.84 -2.64 -26.37
58.59 15.53 71.19 56.84 -3.81 -26.07
58.59 13.18 74.41 56.84 -5.27 -26.37
58.59 11.43 74.71 56.84 -8.5 -25.78
58.59 7.91 74.71 56.84 -11.13 -25.78
58.59 5.27 75.88 56.84 -14.94 -26.07
58.59 2.05 77.05 56.84 -19.04 -26.07
58.59 -2.34 81.15 56.84 -23.44 -26.07
58.59 -6.15 82.32 56.84 -26.95 -26.07
58.59 -9.38 82.32 56.84 -28.71 -26.07
58.59 -12.01 82.32 56.84 -31.05 -26.07
58.59 -14.94 82.32 56.84 -33.11 -26.07
58.59 -17.29 82.32 56.84 -35.16 -26.07
58.3 -17.29 81.15 56.84 -38.09 -26.07
57.42 -14.94 79.1 56.84 -37.5 -26.07
55.66 -12.3 75.88 56.84 -37.5 -26.07
55.37 -9.38 72.07 56.84 -36.91 -26.07
55.37 -6.74 67.38 56.84 -35.74 -26.66
55.37 -3.22 64.75 56.84 -33.4 -26.95
55.37 0.0 63.87 56.84 -31.93 -26.95
53.61 3.81 62.11 56.84 -31.05 -26.95
51.56 7.32 60.94 56.84 -31.05 -26.66
51.56 9.38 57.71 56.84 -30.76 -26.95
51.56 11.72 56.84 56.84 -29.59 -26.95
51.56 15.23 56.84 56.84 -26.95 -26.66
51.56 17.29 56.84 56.84 -21.09 -26.66
51.56 19.63 56.84 56.84 -17.87 -26.95
51.56 23.44 56.84 56.84 -14.36 -26.95
51.56 27.83 56.84 56.84 -10.84 -26.95
51.56 30.18 56.84 56.84 -8.2 -26.95
51.56 32.52 56.84 56.84 -5.57 -26.95
51.56 34.86 56.84 56.84 -3.52 -26.95
51.56 36.04 56.84 56.84 -2.34 -26.95
51.56 37.21 56.84 56.84 -2.64 -26.95
51.56 37.79 56.84 56.84 -2.64 -26.95
52.44 36.91 56.25 56.84 -2.64 -26.66
55.66 35.74 51.86 56.84 -2.34 -26.66
57.71 33.98 49.51 56.84 -1.76 -26.95
61.82 32.52 44.53 56.84 0.29 -26.95
64.45 32.23 41.6 56.84 3.81 -27.25
65.33 31.64 38.09 56.84 7.32 -26.95
67.09 31.64 34.57 56.84 11.72 -27.25
69.14 30.76 30.18 56.84 21.09 -26.37
73.24 30.47 24.02 56.84 33.4 -26.95
75.88 30.76 20.21 56.84 36.91 -27.25
79.1 29.88 16.99 56.84 40.14 -26.95
83.5 29.88 16.41 56.84 40.72 -26.95
87.89 29.59 13.77 56.84 40.72 -26.66
91.11 27.54 13.48 56.84 42.77 -26.95
92.29 26.37 12.3 56.84 47.46 -26.66
89.65 26.07 12.3 56.84 47.75 -27.25
84.38 25.2 13.18 56.84 44.82 -27.25
76.17 23.73 23.14 56.84 32.52 -26.66
65.92 20.51 38.09 56.84 13.18 -26.95
59.77 19.04 45.12 56.84 0.59 -26.95
55.37 18.16 48.34 56.84 -8.2 -26.95
50.98 18.46 51.27 56.84 -12.89 -26.95
48.63 19.92 53.61 56.84 -12.89 -26.66
46.58 21.68 53.91 56.84 -12.89 -26.95
46.29 26.95 53.91 56.84 -11.13 -26.66
47.75 31.35 53.91 56.84 -9.08 -26.95
50.68 32.81 53.91 56.84 -7.32 -26.95
54.79 33.69 53.03 56.84 -6.15 -26.95
58.01 34.28 51.86 56.84 -5.57 -26.66
59.18 32.52 51.86 56.84 -6.15 -25.2
61.23 29.88 51.86 56.84 -6.15 -19.34
62.11 26.37 51.86 56.84 -6.45 -17.58
63.57 24.02 51.86 56.84 -7.32 -14.36
65.33 20.51 51.86 56.84 -7.91 -8.2
67.09 16.99 51.86 56.84 -9.38 -4.39
67.97 13.77 51.86 56.84 -12.01 -3.81
67.97 11.43 51.86 56.84 -12.89 -4.1
67.09 10.25 51.86 56.84 -14.36 -4.1
64.45 10.84 51.86 56.84 -15.53 -4.1
61.23 12.3 51.86 56.84 -15.23 -7.62
56.25 14.36 51.86 56.84 -15.53 -14.06
53.91 15.82 51.86 56.84 -15.53 -16.99
51.56 17.29 51.86 56.84 -15.23 -21.97
50.39 19.34 51.86 56.84 -14.36 -27.83
49.8 21.09 52.15 56.84 -13.77 -34.28
49.22 22.56 51.86 56.84 -9.08 -40.43
50.1 24.32 51.86 56.84 -2.93 -45.7
54.79 26.37 51.86 56.84 -0.29 -46.29
60.06 26.37 51.86 57.42 1.17 -46.29
62.11 26.37 51.86 57.42 5.86 -46.58
61.82 26.37 51.86 57.42 6.45 -46.58
60.94 26.37 51.86 56.84 4.1 -46.58
58.01 26.95 50.98 57.42 0.88 -48.34
54.79 27.83 50.98 56.84 -2.64 -50.68
52.44 28.71 50.98 56.84 -5.57 -52.73
50.68 29.3 50.98 56.84 -7.91 -54.49
48.05 30.47 50.98 56.84 -10.25 -57.42
46.29 30.76 51.56 56.84 -11.13 -59.77
43.95 28.71 55.96 56.84 -18.16 -59.77
41.6 24.61 61.23 56.84 -27.25 -60.06
41.31 19.92 63.28 56.84 -29.3 -60.06
41.31 14.36 67.97 56.84 -30.76 -60.06
41.89 11.43 71.48 57.42 -33.4 -59.77
43.95 7.91 74.41 56.84 -35.16 -60.06
45.12 6.15 76.76 56.84 -34.86 -59.77
47.46 4.69 79.69 56.84 -34.86 -60.06
49.8 2.64 82.32 56.84 -34.57 -60.06
51.56 0.88 84.96 56.84 -34.57 -59.77
52.44 1.46 85.55 56.84 -34.86 -60.06
52.44 3.52 85.25 56.84 -34.57 -59.77
52.44 7.03 84.08 56.84 -34.86 -59.77
52.44 11.43 80.27 56.84 -34.28 -58.59
52.44 13.48 78.52 56.84 -30.47 -54.79
52.44 16.99 75.29 56.84 -26.37 -51.86
53.03 22.85 70.61 56.84 -21.68 -49.22
55.96 26.37 64.75 56.84 -15.23 -42.48
57.13 28.13 62.99 56.84 -12.01 -38.67
57.71 29.88 62.11 56.84 -11.13 -37.5
58.89 31.64 60.64 56.84 -9.38 -35.45
60.06 33.11 58.89 56.84 -8.2 -31.93
60.94 34.28 57.42 56.84 -8.2 -29.88
61.82 36.04 53.03 56.84 -7.03 -29.0
61.82 36.33 51.56 56.84 -6.74 -29.3
61.52 36.33 48.93 56.84 -6.74 -29.3
61.52 34.86 48.93 56.84 -7.32 -29.3
60.35 31.64 48.93 56.84 -7.91 -29.0
60.35 29.88 49.22 56.84 -8.5 -29.3
60.35 29.59 49.8 56.84 -8.5 -29.0
60.35 23.73 50.98 56.84 -9.38 -29.3
60.35 16.11 53.91 56.84 -13.48 -29.3
60.06 12.3 57.42 56.84 -19.63 -29.3
59.77 8.79 58.01 56.84 -23.73 -29.3
59.77 4.98 58.89 56.84 -25.78 -29.3
60.06 1.76 58.3 56.84 -26.37 -29.3
59.77 0.29 58.89 56.84 -26.95 -29.0
59.77 -1.46 58.89 56.84 -27.83 -29.3
58.3 0.88 58.89 56.84 -28.13 -29.0
55.08 2.34 58.3 56.84 -30.76 -29.3
53.03 2.93 58.89 56.84 -32.23 -29.3
51.27 5.57 58.3 56.84 -32.23 -29.3
50.98 7.91 58.89 56.84 -31.35 -29.3
50.98 11.43 58.89 56.84 -29.59 -29.59
50.98 14.36 59.18 56.84 -27.25 -29.59
50.98 18.46 60.94 56.84 -24.61 -29.3
50.98 20.8 65.63 56.84 -24.02 -29.3
50.98 22.27 68.85 56.84 -24.32 -29.3
50.68 26.37 70.61 56.84 -24.02 -29.59
