-0.928874213198540 -0.212881353983853 0 0.914874910568257 0.935212278585880 1 0 0,0 -0.356541045990060 -1.00000000000000 -0.172960609894204 -0.137415596288866 0 1 0,0.370395324018531 -0.909703254721184 0 -0.364813000642450 -0.326335636850744 0 0 1,21.5303,-8.0748,16.4199
-0.883847285787029 -0.269770169900570 0 0.862561381193628 0.887234687515148 1 0 0,0 -0.735236945014744 -1.00000000000000 -0.218143241396543 -0.168920924214534 0 1 0,0.467775560933768 -0.621812423579012 0 -0.456510010740564 -0.429278849505080 0 0 1,22.4994,1.3003,5.5082
-0.923076016496914 -0.694379320149111 0 0.896545928038373 0.919597234481337 1 0 0,0 -0.372401920162186 -1.00000000000000 -0.238024940184262 -0.189173750473553 0 1 0,0.384617560400183 -0.615754959061456 0 -0.373563283484996 -0.344317031913972 0 0 1,32.1533,-12.017,11.3479
-0.981958712696444 -0.793434316312800 0 0.969653743067762 0.964681771384166 1 0 0,0 -0.587284975737582 -1.00000000000000 0.157813385185794 0.211414618977074 0 1 0,0.189095442989892 -0.159869768781176 0 -0.186725879328174 -0.157139870312682 0 0 1,36.9148,0.5596,3.8976
-0.989626327559484 -0.749632206986740 0 0.766250054411568 0.800927470274271 1 0 0,0 -0.551779081632007 -1.00000000000000 -0.632840475938601 -0.593491681009159 0 1 0,0.143665346556254 -0.365501572255891 0 -0.111237521224060 -0.0792641907356580 0 0 1,31.2253,-17.9004,10.7377
-0.967223448927410 -0.763631906475951 0 0.758216357329772 0.795678120711197 1 0 0,0 -0.508861711038508 -1.00000000000000 -0.620874181818246 -0.581073514543838 0 1 0,0.253926760789337 -0.397399132423395 0 -0.199055785721226 -0.171026018246258 0 0 1,31.2701,-18.8,9.7207
-0.801984205922701 -0.653165245821142 0 0.794353694757944 0.820170656525994 1 0 0,0 -0.618640343920804 -1.00000000000000 -0.137617420456926 -0.0885488867071726 0 1 0,0.597345238074712 -0.436645492963063 0 -0.591661772646488 -0.565224901111619 0 0 1,30.4028,-2.7667,-1.0031
-0.897797101060790 -0.796103847359077 0 0.895812867223638 0.914070726220208 1 0 0,0 -0.380173074601432 -1.00000000000000 -0.0664480485987361 -0.0188891889552768 0 1 0,0.440409315667643 -0.470836593276446 0 -0.439435960924893 -0.405114682538011 0 0 1,34.8111,-8.2318,5.5841
-0.930737046320651 -0.702747433231153 0 0.902853890261399 0.925375000193355 1 0 0,0 -0.535229769151590 -1.00000000000000 -0.242937854073939 -0.193609469824939 0 1 0,0.365689144775054 -0.468695145378061 0 -0.354733776088221 -0.325878017379594 0 0 1,33.2697,-7.8532,7.2362
-0.902209248913282 -0.748772682795444 0 0.782279206052328 0.818747822472462 1 0 0,0 -0.484993890063880 -1.00000000000000 -0.498185105339491 -0.454517937880022 0 1 0,0.431298587031457 -0.451796852689367 0 -0.373966368268619 -0.350806851902715 0 0 1,31.7153,-15.6329,6.3493
-0.985615113141945 -0.616696518191768 0 0.939583099365490 0.953589150818606 1 0 0,0 -0.766137992295402 -1.00000000000000 -0.302037146024729 -0.279712623337897 0 1 0,0.169005469574779 0.180881124531336 0 -0.161112264610660 -0.111483540428540 0 0 1,33.9184,-4.5537,-2.7802
-0.998986343599654 -0.738902481734889 0 0.906124583320983 0.910769153541006 1 0 0,0 -0.567480132027481 -1.00000000000000 -0.421035813367491 -0.400948094442666 0 1 0,-0.0450142788611964 -0.363303485037090 0 0.0408299321986950 0.0986923225027885 0 0 1,33.1743,-12.5696,15.4747
-0.967223448927410 -0.676218819863613 0 0.962169065560146 0.975119644093358 1 0 0,0 -0.644520595527732 -1.00000000000000 -0.102098078224237 -0.0556154713557592 0 1 0,0.253926760789337 -0.356821117092080 0 -0.252599825221698 -0.214589373103887 0 0 1,33.8694,-1.9352,7.1902
-0.999122830098858 -0.866625370560424 0 0.996914654861257 0.993931122634830 1 0 0,0 -0.431266459937427 -1.00000000000000 0.0664480485987362 0.109994819561724 0 1 0,0.0418756537291997 -0.250937656867295 0 -0.0417831037655341 0.00143635909537718 0 0 1,38.2484,-5.3965,10.496
-0.874111536221195 -0.803244435405309 0 0.794710251646883 0.828937800163590 1 0 0,0 -0.520001302055428 -1.00000000000000 -0.416439477557085 -0.370852293071873 0 1 0,0.485725253867887 -0.290511656996869 0 -0.441603642941642 -0.418725089030119 0 0 1,33.5928,-12.7633,-0.4688
-0.989626327559484 -0.559418021176025 0 0.913898419666134 0.936145155278358 1 0 0,0 -0.763903468552150 -1.00000000000000 -0.383650706742656 -0.337419977323444 0 1 0,0.143665346556254 -0.321718772093726 0 -0.132671827256593 -0.0988939186800965 0 0 1,30.312,-4.7653,8.1288
-0.995193276491914 -0.657960825618578 0 0.993315772375651 0.997192061322697 1 0 0,0 -0.528450734732895 -1.00000000000000 -0.0613969505807154 -0.00457106455073911 0 1 0,0.0979302937057195 -0.536495454697970 0 -0.0977455411215908 -0.0747468942757022 0 0 1,32.4318,-2.8237,16.919
-0.902209248913282 -0.758643201722300 0 0.838388392940272 0.870089471019486 1 0 0,0 -0.382390980032058 -1.00000000000000 -0.369422406302939 -0.338745295344410 0 1 0,0.431298587031457 -0.527482351240931 0 -0.400789206821209 -0.358044602393417 0 0 1,33.0847,-14.6259,7.7246
-0.876558805544014 -0.832553289413424 0 0.832897298286995 0.865281500479924 1 0 0,0 -0.404047913899241 -1.00000000000000 -0.311671636847942 -0.280428280930248 0 1 0,0.481294774980210 -0.378946306962556 0 -0.457321420109259 -0.415509210706233 0 0 1,34.6253,-13.5296,3.4628
-0.999648126594414 -0.657870323592789 0 0.881652059003276 0.895324063643237 1 0 0,0 -0.561647973592644 -1.00000000000000 -0.471319772882119 -0.444757543864072 0 1 0,0.0265258929402460 -0.501755110681691 0 -0.0233948401497449 0.0241981040034047 0 0 1,30.8084,-13.1613,17.2031
-0.999201384214954 -0.601897337515778 0 0.990377750215286 0.993575077824308 1 0 0,0 -0.663459052304668 -1.00000000000000 -0.132602381688062 -0.0835096103699017 0 1 0,-0.0399573996015809 -0.444456613187844 0 0.0396045483393302 0.0763852715010370 0 0 1,31.9301,-2.2589,16.5755
-0.959017781309192 -0.177398075507290 0 0.953498473469930 0.966398587758712 1 0 0,0 -0.726118694895497 -1.00000000000000 -0.107131754313874 -0.0631837737940636 0 1 0,0.283345893093221 -0.664290270687123 0 -0.281715190055747 -0.249161755305881 0 0 1,22.0886,3.6271,10.7212
-0.994666875152874 -0.481430376759129 0 0.979675994360055 0.989648549488975 1 0 0,0 -0.637585293603500 -1.00000000000000 -0.172960609894204 -0.114128689032792 0 1 0,0.103139747302467 -0.601423133670548 0 -0.101585301592616 -0.0870079929318240 0 0 1,29.1271,-2.2878,15.9426
-0.951433341895538 -0.746717432307155 0 0.876769257853461 0.902830386065826 1 0 0,0 -0.477836371744971 -1.00000000000000 -0.388319916157409 -0.334296785242600 0 1 0,0.307854829309998 -0.462693719566424 0 -0.283695807509725 -0.270449539420379 0 0 1,33.3636,-13.0283,8.4882
-0.965925826289068 -0.371326739053077 0 0.956735485946461 0.966845562892219 1 0 0,0 -0.791699712792402 -1.00000000000000 -0.137617420456926 -0.0785221032746726 0 1 0,0.258819045102521 -0.485106192115330 0 -0.256356500829552 -0.242989581696315 0 0 1,27.0979,2.7451,7.753
-0.888617232654949 -0.804315391692620 0 0.792115503939246 0.827572798361082 1 0 0,0 -0.342465934540794 -1.00000000000000 -0.453212777096287 -0.423599017037240 0 1 0,0.458649554484315 -0.485586073076080 0 -0.408841298177845 -0.368357348478204 0 0 1,33.1648,-18.3127,6.2863
-0.910827805970328 -0.0902571390928316 0 0.906527203003628 0.923614107857736 1 0 0,0 -0.862673467583826 -1.00000000000000 -0.0970617865584347 -0.0536224488630931 0 1 0,0.412786516096733 -0.497642579739390 0 -0.410837485880370 -0.379554492456726 0 0 1,20.0342,7.3539,2.4928
-0.981958712696444 -0.753568084814439 0 0.939101880677360 0.958181573983926 1 0 0,0 -0.376247246298772 -1.00000000000000 -0.292204793604068 -0.238269880232772 0 1 0,0.189095442989892 -0.539048375567248 0 -0.180842517962587 -0.158478817043622 0 0 1,34.4057,-13.9721,14.304
-0.956049249417229 -0.659603407461181 0 0.858778699546981 0.888601058527303 1 0 0,0 -0.594537008676885 -1.00000000000000 -0.439468903432369 -0.394375677635588 0 1 0,0.293206126622130 -0.459835938329249 0 -0.263374691495493 -0.234213542891158 0 0 1,31.1396,-11.0048,8.6387
-0.999991942880066 -0.694905449688077 0 0.859310237313024 0.882744638142921 1 0 0,0 -0.594534232559946 -1.00000000000000 -0.511443073003786 -0.468132970553253 0 1 0,-0.00401424649846385 -0.404518803404944 0 0.00344951090435101 0.0401674708055063 0 0 1,31.6329,-12.7183,14.6708
-0.910827805970328 -0.684756648591590 0 0.770482026160094 0.804378419268667 1 0 0,0 -0.568651620015644 -1.00000000000000 -0.533319268710663 -0.482132226684648 0 1 0,0.412786516096733 -0.455789060052124 0 -0.349181908159859 -0.347165485909737 0 0 1,30.3459,-13.5044,4.9649
-0.949862968197320 -0.763153957375975 0 0.865571725185474 0.892904845114451 1 0 0,0 -0.447591756565734 -1.00000000000000 -0.411832473287575 -0.358167849010015 0 1 0,0.312666502278988 -0.466109061053087 0 -0.284920344140746 -0.272830954084535 0 0 1,33.4644,-13.8555,8.6407
-0.981958712696444 -0.600383145937671 0 0.972615826807638 0.983472824860254 1 0 0,0 -0.628781513639593 -1.00000000000000 -0.137617420456926 -0.0832941853402968 0 1 0,0.189095442989892 -0.494139541201762 0 -0.187296286749303 -0.160758456853404 0 0 1,31.0713,-2.471,12.4078
-0.985615113141945 -0.717821425321720 0 0.952297706373559 0.968990939742802 1 0 0,0 -0.399880299828888 -1.00000000000000 -0.257807388214060 -0.203263723358879 0 1 0,0.169005469574779 -0.569936967705950 0 -0.163292464669695 -0.140500595951215 0 0 1,33.85,-12.3318,15.6127
-0.956049249417229 -0.310738092378411 0 0.952848083525303 0.957936638920448 1 0 0,0 -0.722019237383143 -1.00000000000000 0.0817645613444448 0.130723072304081 0 1 0,0.293206126622130 -0.618166691753681 0 -0.292224376516245 -0.255477737153706 0 0 1,25.1723,6.9487,10.0386
-0.883847285787029 -0.217104554730880 0 0.874138986432746 0.898113738383902 1 0 0,0 -0.779821272438410 -1.00000000000000 -0.147809411129611 -0.0955481615425169 0 1 0,0.467775560933768 -0.587149380794739 0 -0.462637450256515 -0.429257803367554 0 0 1,22.3399,4.0976,3.6545
-0.930737046320651 -0.645345568261684 0 0.896756204806542 0.918612655377388 1 0 0,0 -0.758448131387097 -1.00000000000000 -0.267742895148173 -0.223075127492392 0 1 0,0.365689144775054 -0.0910248840725696 0 -0.352337978706018 -0.326172158337829 0 0 1,32.9894,-3.6455,-1.1393
-0.921117476594327 -0.219330882924833 0 0.903792845987511 0.920204573876434 1 0 0,0 -0.658927823723871 -1.00000000000000 -0.193035743749306 -0.135725174049176 0 1 0,0.389284721396178 -0.719519344366735 0 -0.381962947387501 -0.367154217388568 0 0 1,22.1062,-0.1954,9.2856
-0.801984205922701 -0.675648372388898 0 0.749715427760610 0.774650349493584 1 0 0,0 -0.647857638087999 -1.00000000000000 -0.355106962408137 -0.298981758214665 0 1 0,0.597345238074712 -0.351823475139554 0 -0.558413666225131 -0.557249265844591 0 0 1,30.2587,-6.5836,-2.3105
-0.871556314255276 -0.793284483800768 0 0.813176292811854 0.847371817624447 1 0 0,0 -0.433096588664020 -1.00000000000000 -0.359833971528305 -0.329053812082616 0 1 0,0.490295412054569 -0.427933490917149 0 -0.457453636714079 -0.416754833744900 0 0 1,33.4629,-12.941,3.4697
-0.864011302864663 -0.702632767766142 0 0.815255126924216 0.846256268632141 1 0 0,0 -0.547058643426341 -1.00000000000000 -0.331173209478893 -0.284051408697982 0 1 0,0.503472410884755 -0.455009927709080 0 -0.475061452179852 -0.450738421945031 0 0 1,31.5513,-9.4315,3.6172
-0.949862968197320 -0.829540049688221 0 0.776557738644057 0.813498106352878 1 0 0,0 -0.491538279550032 -1.00000000000000 -0.575861700985407 -0.534488402105366 0 1 0,0.312666502278988 -0.265053627970376 0 -0.255619599972739 -0.229222553373647 0 0 1,33.7516,-18.1113,3.714
-0.946592999723209 -0.731789208396263 0 0.803368633824938 0.838331858150028 1 0 0,0 -0.572257771284462 -1.00000000000000 -0.528882782801013 -0.486063221248276 0 1 0,0.322430911785791 -0.370142672059453 0 -0.273645464502719 -0.246864822444331 0 0 1,31.9765,-13.9123,6.1046
-0.930737046320651 -0.710261747575251 0 0.903986772530376 0.926221173783742 1 0 0,0 -0.413723617433313 -1.00000000000000 -0.238024940184262 -0.188472614991932 0 1 0,0.365689144775054 -0.569527012800310 0 -0.355178888646823 -0.326484931708600 0 0 1,32.9976,-11.3836,10.2383
-0.956049249417229 -0.780202797094033 0 0.752451585511528 0.790833596882777 1 0 0,0 -0.527711875934925 -1.00000000000000 -0.616898519672127 -0.576950991556786 0 1 0,0.293206126622130 -0.335862727023839 0 -0.230765742447891 -0.204229712292533 0 0 1,31.9282,-17.5988,6.4326
-0.981958712696444 -0.588771333966500 0 0.981842895039588 0.987308454952075 1 0 0,0 -0.781645049311610 -1.00000000000000 -0.0153582935749528 0.0297432197572862 0 1 0,0.189095442989892 -0.205862413242337 0 -0.189073140024557 -0.156004344999156 0 0 1,32.2618,3.5454,5.6785
-0.983853816074638 -0.800519880360320 0 0.954379380087001 0.970909206057117 1 0 0,0 -0.396570633612527 -1.00000000000000 -0.242937854073939 -0.195413418448825 0 1 0,0.178973932725895 -0.449332453428480 0 -0.173612205569485 -0.138379584779273 0 0 1,35.612,-12.7349,13.1078
-0.956049249417229 -0.563777944046034 0 0.915725477271801 0.938274276568730 1 0 0,0 -0.530488330806970 -1.00000000000000 -0.287360519849712 -0.239619042769463 0 1 0,0.293206126622130 -0.633037566566836 0 -0.280839423705140 -0.249447582212523 0 0 1,29.7369,-8.1023,12.9781
-0.999321983024376 -0.621449751725124 0 0.912784121089765 0.932455684650387 1 0 0,0 -0.634353947584454 -1.00000000000000 -0.407055505811561 -0.361277087956474 0 1 0,0.0368181238553564 -0.459777419263715 0 -0.0336298003990430 0.00229387900048684 0 0 1,30.9733,-9.0983,15.236
-0.973419246649516 -0.720935056858652 0 0.955110909979887 0.970956467729971 1 0 0,0 -0.674701192870351 -1.00000000000000 -0.193035743749306 -0.144320633768752 0 1 0,0.229030500703048 -0.158211706682970 0 -0.224722832112235 -0.190827389129348 0 0 1,34.8999,-3.6949,3.3942
-0.956049249417229 -0.388700608354648 0 0.955998561413205 0.964448138468131 1 0 0,0 -0.612451402222823 -1.00000000000000 0.0102972606021891 0.0595529852636461 0 1 0,0.293206126622130 -0.688342296375883 0 -0.293190581362998 -0.257474717499689 0 0 1,26.4113,2.5319,12.8092
-0.956049249417229 -0.323017457007247 0 0.952007959273461 0.956622991752374 1 0 0,0 -0.673296637413822 -1.00000000000000 0.0918492145756214 0.140745397479905 0 1 0,0.293206126622130 -0.665079965504759 0 -0.291966722867216 -0.255074861048596 0 0 1,25.2936,6.013,11.7724
-0.964603458301806 -0.709551020116865 0 0.957937041335127 0.970058464239661 1 0 0,0 -0.427614722383605 -1.00000000000000 -0.117364072525805 -0.0638147898109337 0 1 0,0.263704698919445 -0.560074101393653 0 -0.261882224135699 -0.234337893987246 0 0 1,33.8099,-7.6518,12.6558
-0.963209487490551 -0.542323533888142 0 0.959573429942644 0.964346810525703 1 0 0,0 -0.773384697056578 -1.00000000000000 0.0868079998954363 0.129081878549640 0 1 0,0.268751712940010 -0.328270155435705 0 -0.267737191481242 -0.231026183925115 0 0 1,31.011,6.4379,5.4928
-0.956049249417229 -0.465273095115370 0 0.951053258646019 0.964807331102199 1 0 0,0 -0.567792419709902 -1.00000000000000 -0.102098078224237 -0.0528852079720229 0 1 0,0.293206126622130 -0.679067533520590 0 -0.291673930342954 -0.257584876553745 0 0 1,28.0627,-2.1652,13.1048
-0.992353495298594 -0.617912953232028 0 0.902211517972514 0.920200204279642 1 0 0,0 -0.446557389698897 -1.00000000000000 -0.416439477557085 -0.386562832980206 0 1 0,0.123428280262926 -0.647124470201352 0 -0.112216479938174 -0.0616503057739627 0 0 1,29.9694,-15.0806,19.3377
-0.961836880762286 -0.646940558201651 0 0.961034838019340 0.971215864292159 1 0 0,0 -0.688281057391695 -1.00000000000000 -0.0408293519785098 0.00177124455500555 0 1 0,0.273623490960619 -0.328233301463314 0 -0.273395325728432 -0.238194474411058 0 0 1,33.299,0.6378,5.6324
-0.999991942880066 -0.660551764672961 0 0.884329529289472 0.905519287482824 1 0 0,0 -0.624055012958797 -1.00000000000000 -0.466849741902997 -0.422390863303536 0 1 0,-0.00401424649846385 -0.417404728037948 0 0.00354994531877364 0.0402588945984852 0 0 1,31.172,-10.9353,14.9762
-0.932639023143094 -0.507262940322993 0 0.923765391435355 0.935347526898797 1 0 0,0 -0.706800346561096 -1.00000000000000 -0.137617420456926 -0.0786007037249790 0 1 0,0.360810826487642 -0.493069548315434 0 -0.357377877285467 -0.344886841294709 0 0 1,29.3622,0.4811,5.692
-0.842640412160432 -0.587850826006297 0 0.840168212237889 0.861482536401146 1 0 0,0 -0.633620638607620 -1.00000000000000 -0.0765450084257800 -0.0272674116218277 0 1 0,0.538476680826660 -0.502947604322941 0 -0.536896858651721 -0.507054560909666 0 0 1,29.6803,-0.1841,1.91
-0.965925826289068 -0.585349684145648 0 0.942663204665037 0.962610922016818 1 0 0,0 -0.319336861102539 -1.00000000000000 -0.218143241396543 -0.182742111043313 0 1 0,0.258819045102521 -0.745244735916845 0 -0.252585844424531 -0.199963830892903 0 0 1,30.9141,-12.8489,18.3189
-0.967223448927410 -0.558738540577871 0 0.956599334404834 0.971427026332579 1 0 0,0 -0.566900340506119 -1.00000000000000 -0.147809411129611 -0.117425484779946 0 1 0,0.253926760789337 -0.605338952329154 0 -0.251137594552761 -0.206254183072337 0 0 1,30.4597,-4.1809,12.5588
-0.999991942880066 -0.837854494965127 0 0.884329529289472 0.908299556265586 1 0 0,0 -0.463306460713149 -1.00000000000000 -0.466849741902997 -0.417197573121210 0 1 0,-0.00401424649846385 -0.288698750825470 0 0.00354994531877364 0.0306284356360731 0 0 1,35.1202,-16.5339,12.2498
-0.871556314255276 -0.304823481719862 0 0.859172854125087 0.888882117171901 1 0 0,0 -0.517896390166624 -1.00000000000000 -0.167973243362908 -0.146104405887757 0 1 0,0.490295412054569 -0.799290919530906 0 -0.483329076560367 -0.434214329971024 0 0 1,23.1962,-3.9018,9.7883
-0.912976655836507 -0.733753507793657 0 0.858352582213300 0.888082106355635 1 0 0,0 -0.392497062956316 -1.00000000000000 -0.340707751943952 -0.309732905987114 0 1 0,0.408011796272593 -0.554573570747083 0 -0.383600146471634 -0.339669985897659 0 0 1,32.6906,-13.3066,8.8616
-0.997719754796491 -0.565700648625526 0 0.996887790557196 0.999751300137145 1 0 0,0 -0.502731821933276 -1.00000000000000 -0.0408293519785098 0.000723831655606223 0 1 0,0.0674928950988966 -0.653638655038323 0 -0.0674366150915511 -0.0222893234940508 0 0 1,30.7438,-3.2699,19.2427
-0.923076016496914 -0.824570823789001 0 0.785870842425848 0.819347236013759 1 0 0,0 -0.485938802096185 -1.00000000000000 -0.524580395802744 -0.485370648377775 0 1 0,0.384617560400183 -0.289735115533572 0 -0.327448358316735 -0.305099066747101 0 0 1,33.796,-16.2473,2.6176
-0.976821953852065 -0.326872589325967 0 0.976618298051962 0.983598120181920 1 0 0,0 -0.723377222649979 -1.00000000000000 -0.0204189330948005 0.0288870786766168 0 1 0,0.214053429013960 -0.608177362369351 0 -0.214008801410968 -0.178045709468453 0 0 1,26.1318,4.2755,11.9148
-0.951433341895538 -0.693116980303158 0 0.919271404398570 0.935579574775042 1 0 0,0 -0.527479386076108 -1.00000000000000 -0.257807388214060 -0.260591081347260 0 1 0,0.307854829309998 -0.491278280488974 0 -0.297448206646679 -0.238292147554250 0 0 1,32.7532,-9.721,11.3378
-0.959017781309192 -0.835656111610307 0 0.933755865297183 0.953263983998551 1 0 0,0 -0.440013705685778 -1.00000000000000 -0.228011013057965 -0.180339256948564 0 1 0,0.283345893093221 -0.328735154702099 0 -0.275882152281349 -0.242416025077653 0 0 1,36.7017,-11.0291,6.2269
-0.951433341895538 -0.125959334349076 0 0.951321124570219 0.961965037294550 1 0 0,0 -0.721063174545538 -1.00000000000000 -0.0153582935749528 0.0327947019892794 0 1 0,0.307854829309998 -0.681323817582102 0 -0.307818519203961 -0.271196929452250 0 0 1,21.1021,5.2469,10.9152
-0.973419246649516 -0.618590086096036 0 0.971582820815856 0.981082863524981 1 0 0,0 -0.778232375658853 -1.00000000000000 -0.0613969505807154 -0.0120963230514869 0 1 0,0.229030500703048 -0.108169657760749 0 -0.228598418093592 -0.193209973516529 0 0 1,33.2775,2.3975,1.4342
-0.972206707841360 -0.502726263109543 0 0.961527856521969 0.973376339315309 1 0 0,0 -0.594154906469093 -1.00000000000000 -0.147809411129611 -0.0914545944309250 0 1 0,0.234124149177877 -0.627890318048159 0 -0.231552497533032 -0.210177446978982 0 0 1,28.7421,-2.555,13.9797
-0.946592999723209 -0.469214389578462 0 0.934731199464487 0.952137700782533 1 0 0,0 -0.780857375430276 -1.00000000000000 -0.157813385185793 -0.108855396927085 0 1 0,0.322430911785791 -0.412431346830782 0 -0.318390515254273 -0.285629657613488 0 0 1,28.6965,1.4864,5.0694
-0.999769581002165 -0.736578977648641 0 0.831859227733954 0.858404062108064 1 0 0,0 -0.561389179508420 -1.00000000000000 -0.554699215611405 -0.512651125315315 0 1 0,0.0214659009304303 -0.377218237651556 0 -0.0178607232205464 0.0182013699846140 0 0 1,32.2613,-15.3239,12.9004
-0.991716060110563 -0.617029559571781 0 0.949887950873266 0.966133187691404 1 0 0,0 -0.766158601035268 -1.00000000000000 -0.287360519849712 -0.244687391227440 0 1 0,0.128449430200303 -0.179653891342033 0 -0.123031753695913 -0.0819435428545491 0 0 1,32.6575,-3.0564,2.3966
-0.974566000575431 -0.308376829328394 0 0.974362815114848 0.981712588517039 1 0 0,0 -0.842476240122877 -1.00000000000000 -0.0204189330948005 0.0288870786766168 0 1 0,0.224100670508613 -0.441743722040038 0 -0.224053948174849 -0.188164635977928 0 0 1,26.0072,6.7609,7.0978
-0.974566000575431 -0.715278186567853 0 0.940338346291104 0.958888136924626 1 0 0,0 -0.431527171284078 -1.00000000000000 -0.262694424132390 -0.209810168715111 0 1 0,0.224100670508613 -0.549692110425250 0 -0.216230048846739 -0.191084363486280 0 0 1,33.3933,-11.5,14.2994
-0.886203579231215 -0.700953778984741 0 0.871222753211539 0.899015249095537 1 0 0,0 -0.521256364688704 -1.00000000000000 -0.183093507769269 -0.151031110554914 0 1 0,0.463296035119862 -0.486780856236692 0 -0.455464248541255 -0.411048884608922 0 0 1,32.4719,-6.6553,5.2036
-0.999648126594414 -0.794965732801625 0 0.786765763655062 0.816641629429247 1 0 0,0 -0.524172013287603 -1.00000000000000 -0.616898519672127 -0.576950991556786 0 1 0,0.0265258929402460 -0.305406588267504 0 -0.0208770104805413 0.0149667105532982 0 0 1,32.6528,-18.4094,11.2636
-0.856176919486242 -0.656865708785300 0 0.832590400303084 0.851176287450234 1 0 0,0 -0.638463355229118 -1.00000000000000 -0.233105928507328 -0.175057523632776 0 1 0,0.516682767797658 -0.401113431153286 0 -0.502448854529382 -0.494827031498884 0 0 1,30.9997,-4.4531,0.844
-0.928874213198540 -0.119720154202535 0 0.921303914597590 0.936851964041745 1 0 0,0 -0.801791507012229 -1.00000000000000 -0.127410837330209 -0.0806984396554074 0 1 0,0.370395324018531 -0.585489080991934 0 -0.367376612589821 -0.340288347300210 0 0 1,20.6135,5.2105,5.7931
-0.871556314255276 -0.787054424817846 0 0.804863326759120 0.837778436659382 1 0 0,0 -0.533581654850815 -1.00000000000000 -0.383650706742656 -0.337419977323444 0 1 0,0.490295412054569 -0.309573819922349 0 -0.452777164236562 -0.429272698842599 0 0 1,33.4691,-11.4522,-0.2114
-0.910827805970328 -0.0846288746472402 0 0.906068127203190 0.924316790045943 1 0 0,0 -0.877925421617313 -1.00000000000000 -0.102098078224237 -0.0534505262704770 0 1 0,0.412786516096733 -0.471258854191627 0 -0.410629433052992 -0.377864410709150 0 0 1,20.0681,7.5222,1.7995
-0.956049249417229 -0.356395651668521 0 0.954799434801776 0.961328229438652 1 0 0,0 -0.645762663158313 -1.00000000000000 0.0511158613502366 0.100232772038130 0 1 0,0.293206126622130 -0.675257522981013 0 -0.292822827014274 -0.256517887668481 0 0 1,25.9825,4.2598,12.0573
-0.974566000575431 -0.657446420262713 0 0.932031817785321 0.939806528137271 1 0 0,0 -0.415993742444723 -1.00000000000000 -0.292204793604068 -0.304692242430357 0 1 0,0.224100670508613 -0.628262214947372 0 -0.214319969276299 -0.154681372741933 0 0 1,31.8791,-13.1004,16.3792
-0.866548527612819 -0.666564622646928 0 0.862020237412917 0.883032294818949 1 0 0,0 -0.601327408940975 -1.00000000000000 -0.102098078224237 -0.0528852079720229 0 1 0,0.499092826327985 -0.440564355221678 0 -0.496484735629904 -0.466322979365736 0 0 1,31.4681,-1.5281,2.0093
-0.989626327559484 -0.734342986495319 0 0.788162537763343 0.821428158874306 1 0 0,0 -0.586885439653558 -1.00000000000000 -0.604738126349700 -0.564351231465799 0 1 0,0.143665346556254 -0.341036448063525 0 -0.114418585052873 -0.0822403024763682 0 0 1,31.2945,-15.6373,9.6081
-0.963209487490551 -0.498106171065726 0 0.955968275972582 0.968942102069304 1 0 0,0 -0.765389535511486 -1.00000000000000 -0.122389022625539 -0.0781404713767950 0 1 0,0.268751712940010 -0.407515768131434 0 -0.266731292642568 -0.234617283188027 0 0 1,29.533,1.8443,7.3297
-0.866548527612819 -0.938597247047636 0 0.814702283497152 0.846267176322673 1 0 0,0 -0.240067950694431 -1.00000000000000 -0.340707751943952 -0.294448275157539 0 1 0,0.499092826327985 -0.247795453719344 0 -0.469231730629787 -0.443995585040663 0 0 1,36.966,-19.7523,-0.7466
-0.976821953852065 -0.875315524887099 0 0.976196778938825 0.978415879208834 1 0 0,0 -0.454767180797404 -1.00000000000000 0.0357716163253496 0.0856192946013389 0 1 0,0.214053429013960 -0.164345803600833 0 -0.213916432877269 -0.188073665631245 0 0 1,38.5153,-5.3665,4.0314
-0.946592999723209 -0.463284656102185 0 0.936915251469736 0.952326010605647 1 0 0,0 -0.781352710905551 -1.00000000000000 -0.142628933705512 -0.0977820844050977 0 1 0,0.322430911785791 -0.418156990352698 0 -0.319134452595502 -0.288987600933546 0 0 1,28.5218,1.6913,5.1217
-0.997719754796491 -0.480755184780910 0 0.992506008025332 0.989043930722070 1 0 0,0 -0.622482816385674 -1.00000000000000 0.102098078224238 0.145661837335696 0 1 0,0.0674928950988966 -0.617567482637187 0 -0.0671402000036995 -0.0239735739059864 0 0 1,29.1365,3.5393,17.7704
-0.999981342241057 -0.686600970474597 0 0.881945942674079 0.892964947911323 1 0 0,0 -0.626459266655696 -1.00000000000000 -0.471319772882119 -0.447331981324130 0 1 0,0.00610861439067826 -0.368955138959399 0 -0.00538756819716790 0.0500769436602967 0 0 1,31.5098,-12.2113,15.0402
-0.893214491985374 -0.862300339276020 0 0.856829115655687 0.884678745810596 1 0 0,0 -0.411451213540596 -1.00000000000000 -0.282508884415881 -0.236373843339519 0 1 0,0.449630816678874 -0.295205053751509 0 -0.431314962400781 -0.401834447124553 0 0 1,36.0238,-12.7959,0.7648
-0.869063552886555 -0.810422086738100 0 0.797345943435045 0.832836672581089 1 0 0,0 -0.416427926751574 -1.00000000000000 -0.397788507397950 -0.367438075559610 0 1 0,0.494700455876278 -0.412072594512726 0 -0.453876359672752 -0.413971421034243 0 0 1,33.5861,-14.7859,3.1158
-0.976821953852065 -0.659574361731440 0 0.934189311718024 0.949377248464313 1 0 0,0 -0.716822380239425 -1.00000000000000 -0.292204793604068 -0.277617625924145 0 1 0,0.214053429013960 -0.226113547879043 0 -0.204711231901447 -0.147007802087411 0 0 1,33.2221,-5.3086,5.2644
-0.989626327559484 -0.436724713112189 0 0.961183519446354 0.976239378804866 1 0 0,0 -0.848909071205806 -1.00000000000000 -0.238024940184262 -0.189714415217290 0 1 0,0.143665346556254 -0.297699368124239 0 -0.139536266952357 -0.104714449477862 0 0 1,28.7299,1.3324,6.7032
-0.948212837213545 -0.598861847078403 0 0.923235539063247 0.943934024945974 1 0 0,0 -0.685699345189956 -1.00000000000000 -0.228011013057965 -0.180339256948564 0 1 0,0.317635664470223 -0.413740131145033 0 -0.309268681464640 -0.276525421891972 0 0 1,31.3409,-4.6106,6.466
-0.886203579231215 -0.242348798656165 0 0.881103329311598 0.907755685405085 1 0 0,0 -0.559899901192058 -1.00000000000000 -0.107131754313874 -0.0817316671819524 0 1 0,0.463296035119862 -0.792325160798922 0 -0.460629688897328 -0.411460265632544 0 0 1,22.1718,-1.1965,9.8846
-0.946592999723209 -0.792399348194930 0 0.745009113191618 0.784188017827443 1 0 0,0 -0.548559810402709 -1.00000000000000 -0.616898519672127 -0.576950991556786 0 1 0,0.322430911785791 -0.266805935824512 0 -0.253766896359193 -0.228422210035513 0 0 1,32.2519,-17.3943,3.7277
-0.845355082425935 -0.597989738740501 0 0.841781704626962 0.863584303901295 1 0 0,0 -0.618801373797684 -1.00000000000000 -0.0918492145756212 -0.0426064712945452 0 1 0,0.534204815231612 -0.509404684064807 0 -0.531946692382957 -0.502401073505166 0 0 1,29.7577,-0.6174,2.3823
-0.845355082425935 -0.547385800747303 0 0.824996194729581 0.841437634015271 1 0 0,0 -0.728366616578360 -1.00000000000000 -0.218143241396543 -0.164834598385425 0 1 0,0.534204815231612 -0.412129660415781 0 -0.521339433492922 -0.514599128679692 0 0 1,28.3926,-0.3561,-0.5958
-0.910827805970328 -0.126948671982880 0 0.908496799902318 0.929248181105731 1 0 0,0 -0.735383276635632 -1.00000000000000 -0.0714974443326858 -0.0337860270531144 0 1 0,0.412786516096733 -0.665654167812705 0 -0.411730105798862 -0.367908035095261 0 0 1,20.5944,4.3491,6.9509
-0.999769581002165 -0.574352320232280 0 0.997559976371413 0.999737822472741 1 0 0,0 -0.708335085077436 -1.00000000000000 -0.0664480485987361 -0.0171538352110065 0 1 0,0.0214659009304303 -0.410342319889307 0 -0.0214184588447734 0.0151668142672134 0 0 1,31.6976,0.4376,15.1015
-0.981958712696444 -0.470122101167831 0 0.952541050491963 0.969424821461202 1 0 0,0 -0.572408577722548 -1.00000000000000 -0.242937854073939 -0.194678040858397 0 1 0,0.189095442989892 -0.671813687076405 0 -0.183430494154102 -0.149385327065453 0 0 1,28.0533,-5.6059,16.158
-0.998889874961970 -0.790565490981032 0 0.998418644305231 0.999896779804132 1 0 0,0 -0.577732664527388 -1.00000000000000 -0.0307129642652527 -0.00968606543976627 0 1 0,0.0471064507096427 -0.203054605483364 0 -0.0470842280359917 0.0106117799460549 0 0 1,36.0951,-3.5081,9.8165
-0.996565502497761 -0.619231515044045 0 0.920306597008705 0.939963406961768 1 0 0,0 -0.625763013516127 -1.00000000000000 -0.383650706742656 -0.339026088504502 0 1 0,0.0828082075122044 -0.474313168372408 0 -0.0764715811142767 -0.0391165551418207 0 0 1,31.0196,-8.773,14.51
-0.874111536221195 -0.726226515462578 0 0.801977352750317 0.835387814583155 1 0 0,0 -0.522083822381335 -1.00000000000000 -0.397788507397950 -0.351826828770948 0 1 0,0.485725253867887 -0.447239902789070 0 -0.445641816998477 -0.422309225334895 0 0 1,31.6552,-11.4953,4.364
-0.973419246649516 -0.857676669556101 0 0.930935113051633 0.951045374666589 1 0 0,0 -0.275900114865167 -1.00000000000000 -0.292204793604068 -0.238910230051904 0 1 0,0.229030500703048 -0.433900745697150 0 -0.219034640827306 -0.196047436356187 0 0 1,36.9029,-16.1639,11.3557
-0.888617232654949 -0.368360479125789 0 0.886343068265281 0.895699617011359 1 0 0,0 -0.823895306356785 -1.00000000000000 -0.0714974443326858 -0.0121928674451560 0 1 0,0.458649554484315 -0.430705330337898 0 -0.457475770715764 -0.444492440958415 0 0 1,25.9228,6.045,0.3713
-0.871556314255276 -0.706929634794081 0 0.856823092886959 0.881026576915229 1 0 0,0 -0.559354017052957 -1.00000000000000 -0.183093507769269 -0.134303340639472 0 1 0,0.490295412054569 -0.432866694325895 0 -0.482007214581245 -0.453602009984648 0 0 1,32.3841,-5.1174,2.7069
-0.949862968197320 -0.739511318718656 0 0.884435917477728 0.909573294985334 1 0 0,0 -0.463445193786521 -1.00000000000000 -0.364714278885987 -0.310796076229450 0 1 0,0.312666502278988 -0.488202377957306 0 -0.291129872483062 -0.275830056465753 0 0 1,33.3155,-12.8712,8.8618
-0.981958712696444 -0.467272954077448 0 0.953736279175380 0.970380065597913 1 0 0,0 -0.574094819371934 -1.00000000000000 -0.238024940184262 -0.189714415217290 0 1 0,0.189095442989892 -0.672362346326772 0 -0.183660658920138 -0.149569278091966 0 0 1,28.1407,-5.6306,16.1425
-0.977892858744060 -0.705693441549739 0 0.962286370941831 0.976943536079046 1 0 0,0 -0.599500501500879 -1.00000000000000 -0.177943545473842 -0.131817320800846 0 1 0,0.209106568087589 -0.377618743250226 0 -0.205769373143332 -0.167944994716299 0 0 1,34.2553,-5.6405,9.3212
-0.871556314255276 -0.747509757452780 0 0.839736137866673 0.865358226960842 1 0 0,0 -0.537030738950030 -1.00000000000000 -0.267742895148173 -0.223883551539350 0 1 0,0.490295412054569 -0.390931129402188 0 -0.472394920440978 -0.448365135109004 0 0 1,32.9293,-8.0278,1.7676
-0.946592999723209 -0.550495384756877 0 0.922738992288463 0.943212542676704 1 0 0,0 -0.521686574997069 -1.00000000000000 -0.223079984688928 -0.174623156911654 0 1 0,0.322430911785791 -0.651765255923638 0 -0.314305699187368 -0.282589547590769 0 0 1,29.7076,-6.6292,12.1366
-0.956049249417229 -0.608967969294034 0 0.886620829608645 0.913311997275395 1 0 0,0 -0.599610775582429 -1.00000000000000 -0.374121069756828 -0.327716057048991 0 1 0,0.293206126622130 -0.519254205740636 0 -0.271913459887672 -0.241792021342913 0 0 1,30.6098,-9.0128,10.1402
-0.999122830098858 -0.666395021790591 0 0.982233160906841 0.986634121280629 1 0 0,0 -0.684536886090063 -1.00000000000000 -0.183093507769269 -0.162123872130274 0 1 0,0.0418756537291997 -0.295511296763487 0 -0.0411677668534533 0.0164000247038999 0 0 1,33.1061,-3.7708,11.9114
-0.997719754796491 -0.656027951734760 0 0.995837484296121 0.999382628552831 1 0 0,0 -0.423638092608840 -1.00000000000000 -0.0613969505807154 -0.0248967686460490 0 1 0,0.0674928950988966 -0.624626362742912 0 -0.0673655648693221 -0.0247893658212336 0 0 1,31.8996,-6.3735,20.397
-0.974566000575431 -0.659740531295509 0 0.933461238062579 0.941901832247711 1 0 0,0 -0.450950560511884 -1.00000000000000 -0.287360519849712 -0.298109888959771 0 1 0,0.224100670508613 -0.601153909859977 0 -0.214648663323068 -0.154762503574989 0 0 1,32.0999,-12.3325,15.562
-0.906602609356838 -0.803494694382177 0 0.722040424182838 0.763149752396974 1 0 0,0 -0.462786128521179 -1.00000000000000 -0.604738126349700 -0.564351231465799 0 1 0,0.421985436605783 -0.374466654520894 0 -0.336079491169756 -0.314817634448060 0 0 1,31.7843,-19.5787,5.1761
-0.858781107925398 -0.741367222704600 0 0.793065701180003 0.819223960853203 1 0 0,0 -0.557918965682302 -1.00000000000000 -0.383650706742656 -0.328144797330195 0 1 0,0.512342667235928 -0.372962556875697 0 -0.473137325549075 -0.470311698715985 0 0 1,31.9474,-10.1057,0.3993
-0.984747078366713 -0.335574002801113 0 0.980097455047230 0.988688869272392 1 0 0,0 -0.895233946182244 -1.00000000000000 -0.0970617865584347 -0.0520388277555143 0 1 0,0.173991929836482 -0.293165943190892 0 -0.173170402205538 -0.140663713098690 0 0 1,26.6956,6.2547,4.8502
-0.921117476594327 -0.366391504770846 0 0.918415034934247 0.926915416846678 1 0 0,0 -0.766005750108134 -1.00000000000000 -0.0765450084257800 -0.0171740114338113 0 1 0,0.389284721396178 -0.528197364659301 0 -0.388142609477269 -0.374877130995239 0 0 1,26.1374,3.9836,5.6864
-0.972206707841360 -0.827644699608175 0 0.774289127869563 0.810374741355325 1 0 0,0 -0.489006300178298 -1.00000000000000 -0.604738126349700 -0.564351231465799 0 1 0,0.234124149177877 -0.275457963392651 0 -0.186462181157592 -0.157481637394099 0 0 1,33.278,-19.0255,6.4261
-0.853459850940365 -0.894223911882305 0 0.823485556016993 0.852331487137675 1 0 0,0 -0.406001529580432 -1.00000000000000 -0.262694424132390 -0.215200077859896 0 1 0,0.521158596621844 -0.188484358492311 0 -0.502855027379797 -0.476675951273791 0 0 1,36.25,-13.0009,-3.8892
-0.910827805970328 -0.163977297982100 0 0.908155552896687 0.931081067593276 1 0 0,0 -0.591343226987526 -1.00000000000000 -0.0765450084257800 -0.0494401430460137 0 1 0,0.412786516096733 -0.789572437235793 0 -0.411575452897776 -0.361446701222954 0 0 1,21.34,0.0891,10.9814
-0.995193276491914 -0.466932051599894 0 0.986405036834306 0.982325775981472 1 0 0,0 -0.675240323716256 -1.00000000000000 0.132602381688062 0.178474456018374 0 1 0,0.0979302937057195 -0.570985958160339 0 -0.0970655020002735 -0.0564175362041398 0 0 1,29.0993,5.4338,15.3933
-0.968539741803012 -0.745343811016002 0 0.917139463126682 0.937816679686816 1 0 0,0 -0.489684649529919 -1.00000000000000 -0.321439465303162 -0.264659722862520 0 1 0,0.248858933028644 -0.452406396279829 0 -0.235652021678827 -0.224622141374197 0 0 1,34.3936,-11.517,9.4848
-0.993571855676587 -0.576319812393019 0 0.993454668301239 0.996478309976889 1 0 0,0 -0.738030366716065 -1.00000000000000 -0.0153582935749528 0.0339426326708233 0 1 0,0.113203213767907 -0.350951067313130 0 -0.113189861953011 -0.0766738249533509 0 0 1,31.974,1.9034,10.4929
-0.946592999723209 -0.592532691954263 0 0.900924814482620 0.925347442067927 1 0 0,0 -0.500456306084717 -1.00000000000000 -0.306858322026056 -0.259379043408387 0 1 0,0.322430911785791 -0.631227767660355 0 -0.306875298538037 -0.276504291646432 0 0 1,30.2326,-9.7575,12.1473
-0.915030085854857 -0.640030445271103 0 0.906949742188589 0.930190901760582 1 0 0,0 -0.552062966477872 -1.00000000000000 -0.132602381688062 -0.100113108719822 0 1 0,0.403385599619585 -0.534403883003974 0 -0.399823427921258 -0.353160376803922 0 0 1,31.4358,-4.3455,7.9019
-0.999769581002165 -0.518519629161689 0 0.977885922975220 0.982107293088842 1 0 0,0 -0.854530204203720 -1.00000000000000 -0.208082406612249 -0.185846402956555 0 1 0,0.0214659009304303 -0.0302576317244572 0 -0.0209960402303969 0.0304364809039483 0 0 1,28.2363,-10.3034,3.0654
-0.910827805970328 -0.0875022289174655 0 0.906977670177447 0.925775628543305 1 0 0,0 -0.851570023059239 -1.00000000000000 -0.0918492145756212 -0.0455489406718076 0 1 0,0.412786516096733 -0.516886695283756 0 -0.411041637284267 -0.375319569965282 0 0 1,20.0489,7.1772,2.9338
-0.828646980262559 -0.635520904619650 0 0.784670792325753 0.807851714585908 1 0 0,0 -0.661163192663811 -1.00000000000000 -0.321439465303162 -0.264659722862520 0 1 0,0.559771544562371 -0.398718462650049 0 -0.530064541180121 -0.526622102019031 0 0 1,29.6924,-5.2853,-0.604
-0.946592999723209 -0.764087636391629 0 0.773884385319722 0.811094611784942 1 0 0,0 -0.610753326374101 -1.00000000000000 -0.575861700985407 -0.534488402105366 0 1 0,0.322430911785791 -0.207726883759478 0 -0.263602464890810 -0.237587202408479 0 0 1,32.2804,-13.936,1.9758
-0.980989040697711 -0.577651751537269 0 0.962538329261576 0.976514096617321 1 0 0,0 -0.592530247210927 -1.00000000000000 -0.193035743749306 -0.139115237313976 0 1 0,0.194063139289730 -0.561450229393562 0 -0.190413146440800 -0.164521031648641 0 0 1,31.3948,-4.0894,12.11
-0.932639023143094 -0.203741512999966 0 0.915097692122869 0.936528412834877 1 0 0,0 -0.468308084864140 -1.00000000000000 -0.193035743749306 -0.148448656009786 0 1 0,0.360810826487642 -0.859753995938004 0 -0.354024597318535 -0.317612229742298 0 0 1,21.802,-7.0903,15.7969
-0.949862968197320 -0.746756295239773 0 0.879011050250860 0.905030792530792 1 0 0,0 -0.471295479154420 -1.00000000000000 -0.378971668860393 -0.325565541042501 0 1 0,0.312666502278988 -0.469292666518852 0 -0.289344168315258 -0.273726767154383 0 0 1,33.4172,-13.3479,9.2021
-0.999769581002165 -0.758752580643735 0 0.814434262850166 0.842258069383143 1 0 0,0 -0.546250580555700 -1.00000000000000 -0.579992284871487 -0.538755338572155 0 1 0,0.0214659009304303 -0.354830698515550 0 -0.0174865944442571 0.0185480381438004 0 0 1,32.2837,-16.8489,12.4111
-0.992353495298594 -0.791793057281102 0 0.946006773177949 0.963942753108010 1 0 0,0 -0.397436819538695 -1.00000000000000 -0.302037146024729 -0.244840715850197 0 1 0,0.123428280262926 -0.463797077304732 0 -0.117663705205473 -0.104246786964940 0 0 1,35.3516,-13.9648,13.5126
-0.974566000575431 -0.592489454311595 0 0.944117190003957 0.962306265088319 1 0 0,0 -0.598331161151250 -1.00000000000000 -0.248013628005925 -0.211049819966737 0 1 0,0.224100670508613 -0.539403437257259 0 -0.217098990928956 -0.171536076857837 0 0 1,30.9599,-5.75,12.6151
-0.965925826289068 -0.500181090528129 0 0.956735485946461 0.959050007156740 1 0 0,0 -0.794565523660405 -1.00000000000000 0.137617420456926 0.179566737915403 0 1 0,0.258819045102521 -0.344215783032038 0 -0.256356500829552 -0.219040796216318 0 0 1,30.1883,7.9399,5.9214
-0.869063552886555 -0.828414658446281 0 0.778632665065275 0.815459035587887 1 0 0,0 -0.397095068869297 -1.00000000000000 -0.444166124675779 -0.414422893524112 0 1 0,0.494700455876278 -0.395024885230057 0 -0.443224126807023 -0.404079480549527 0 0 1,33.599,-17.3224,3.2046
-0.948212837213545 -0.521169834703360 0 0.933922077197329 0.951874849091105 1 0 0,0 -0.540826236155249 -1.00000000000000 -0.172960609894204 -0.124099221260516 0 1 0,0.317635664470223 -0.660218892248184 0 -0.312848495518920 -0.280238567920832 0 0 1,29.2696,-5.1023,12.0368
-0.900014703397015 -0.732819771150863 0 0.798032467459953 0.832996002443388 1 0 0,0 -0.500936637968096 -1.00000000000000 -0.462367751040992 -0.417801446392827 0 1 0,0.435859534333234 -0.460475480076428 0 -0.386471530228392 -0.362711471152205 0 0 1,31.7646,-13.5888,6.2185
-0.967223448927410 -0.328575798198959 0 0.966909445948631 0.973170613595748 1 0 0,0 -0.730250509469431 -1.00000000000000 0.0254790495169005 0.0746927475386816 0 1 0,0.253926760789337 -0.598975907910789 0 -0.253844325071543 -0.217623413948956 0 0 1,25.7624,5.7704,10.5701
-0.949862968197320 -0.739017354355179 0 0.882671163457527 0.909861283251522 1 0 0,0 -0.490827811373620 -1.00000000000000 -0.369422406302939 -0.325869542831437 0 1 0,0.312666502278988 -0.461455750364057 0 -0.290548968199651 -0.256829683437729 0 0 1,33.2207,-13.1218,9.8727
-0.804997356230302 -0.717465866804596 0 0.775607221079375 0.806492919148973 1 0 0,0 -0.570966791583989 -1.00000000000000 -0.267742895148173 -0.219759126669624 0 1 0,0.593278397097201 -0.399048434251553 0 -0.571618037422897 -0.548885322820690 0 0 1,31.3426,-7.0535,-0.5472
-0.928874213198540 -0.140819365726020 0 0.921891127235712 0.937358888745780 1 0 0,0 -0.726772929304665 -1.00000000000000 -0.122389022625539 -0.0759679401222141 0 1 0,0.370395324018531 -0.672287896266501 0 -0.367610767884774 -0.339981155011369 0 0 1,20.8659,3.0065,8.7163
-0.983853816074638 -0.519124338912957 0 0.967222261889092 0.978876966172078 1 0 0,0 -0.701545453168028 -1.00000000000000 -0.183093507769269 -0.124351366479853 0 1 0,0.178973932725895 -0.488204770447250 0 -0.175948468361883 -0.162285620904449 0 0 1,29.4232,-0.1662,10.2856
-0.969786918517233 -0.468657516149410 0 0.953393158163582 0.969278811238283 1 0 0,0 -0.652863006953932 -1.00000000000000 -0.183093507769269 -0.134303340639472 0 1 0,0.243953546137066 -0.595088251192826 0 -0.239829634073054 -0.206061153004586 0 0 1,28.3466,-2.1997,12.412
-0.956049249417229 -0.749528652348482 0 0.778818720326608 0.815412262796888 1 0 0,0 -0.521187365175811 -1.00000000000000 -0.579992284871487 -0.538755338572155 0 1 0,0.293206126622130 -0.408130530210329 0 -0.238852151672066 -0.211767624627707 0 0 1,31.6495,-17.1313,8.1526
-0.949862968197320 -0.706648006157684 0 0.891382510302599 0.917246930815682 1 0 0,0 -0.274539876766278 -1.00000000000000 -0.345461991671052 -0.297874253104604 0 1 0,0.312666502278988 -0.652132234641508 0 -0.293416483240644 -0.264440914471618 0 0 1,32.1968,-17.1345,14.9615
-0.997719754796491 -0.717757141668647 0 0.994792571783509 0.998882039988230 1 0 0,0 -0.379928636220380 -1.00000000000000 -0.0765450084257800 -0.0404996280301199 0 1 0,0.0674928950988966 -0.583505712879811 0 -0.0672948795187894 -0.0243813518569691 0 0 1,34.1698,-9.261,19.4856
-0.946592999723209 -0.573008830755060 0 0.902383468616234 0.926578455835465 1 0 0,0 -0.736493960112634 -1.00000000000000 -0.302037146024729 -0.254491028248319 0 1 0,0.322430911785791 -0.359496212211379 0 -0.307372149013816 -0.276923602682542 0 0 1,30.3815,-3.2662,4.6101
-0.973419246649516 -0.668034472490311 0 0.966101280254671 0.978537327346085 1 0 0,0 -0.734196536191482 -1.00000000000000 -0.122389022625539 -0.0732508232020454 0 1 0,0.229030500703048 -0.121183290139451 0 -0.227308696338373 -0.192611048204936 0 0 1,34.1044,-0.215,1.8223
-0.886203579231215 -0.822210712371070 0 0.781598233957656 0.817673853650401 1 0 0,0 -0.490414603896498 -1.00000000000000 -0.471319772882119 -0.426969459290931 0 1 0,0.463296035119862 -0.288899741687838 0 -0.408609682171901 -0.386143172786096 0 0 1,33.6971,-14.4935,0.3732
-0.886203579231215 -0.830202020109365 0 0.754479090480805 0.792255288892609 1 0 0,0 -0.301089881865406 -1.00000000000000 -0.524580395802744 -0.496123827150406 0 1 0,0.463296035119862 -0.469158276964826 0 -0.394432136579532 -0.355236126196821 0 0 1,33.0782,-22.3033,6.4481
-0.997719754796491 -0.743405240656178 0 0.986760664683291 0.993886004603610 1 0 0,0 -0.333815788068427 -1.00000000000000 -0.147809411129611 -0.108580095469369 0 1 0,0.0674928950988966 -0.579582321850127 0 -0.0667515439170305 -0.0200243032571777 0 0 1,34.7446,-12.4836,19.4647
-0.981958712696444 -0.350196097259944 0 0.980106176542274 0.988153410232430 1 0 0,0 -0.709789957458247 -1.00000000000000 -0.0613969505807154 -0.0120963230514869 0 1 0,0.189095442989892 -0.611196293963996 0 -0.188738700756030 -0.152991884799989 0 0 1,26.2265,3.1313,13.3246
-0.976821953852065 -0.818394501137428 0 0.896211813020203 0.921023365760458 1 0 0,0 -0.415685128492160 -1.00000000000000 -0.397788507397950 -0.355301703065430 0 1 0,0.214053429013960 -0.396782452306647 0 -0.196389127970854 -0.159614095624675 0 0 1,35.0049,-15.519,11.7017
-0.989626327559484 -0.383386550001702 0 0.976394145777593 0.986937649253779 1 0 0,0 -0.881355034307023 -1.00000000000000 -0.162981573647658 -0.118244472169357 0 1 0,0.143665346556254 -0.276094289653840 0 -0.141744413443977 -0.109418103103715 0 0 1,27.6747,4.187,5.6648
-0.946592999723209 -0.500657260997295 0 0.938233933865061 0.954457834898456 1 0 0,0 -0.571777317445062 -1.00000000000000 -0.132602381688062 -0.0835096103699017 0 1 0,0.322430911785791 -0.649933078298078 0 -0.319583625542275 -0.286419947588885 0 0 1,28.8396,-3.3666,11.0403
-0.822838933424634 -0.823764662212634 0 0.626344048521424 0.665812908213940 1 0 0,0 -0.493947033794088 -1.00000000000000 -0.648518552727435 -0.602139611678504 0 1 0,0.568274660389332 -0.278259068308164 0 -0.432570017049384 -0.440591714973576 0 0 1,30.9667,-19.8258,-3.1691
-0.923076016496914 -0.151253574114364 0 0.923064192691459 0.935759436492937 1 0 0,0 -0.756669160071157 -1.00000000000000 0.00506143321981206 0.0531809656758106 0 1 0,0.384617560400183 -0.636061426683651 0 -0.384612633781869 -0.348605883347097 0 0 1,21.3847,6.6528,7.5113
-0.928874213198540 -0.181062867688460 0 0.921303914597590 0.940222281804321 1 0 0,0 -0.490308832593857 -1.00000000000000 -0.127410837330209 -0.0820508720461859 0 1 0,0.370395324018531 -0.852533569207032 0 -0.367376612589821 -0.330529446789746 0 0 1,21.3048,-3.1101,13.8791
-0.998361849427182 -0.771440856034547 0 0.985851331340427 0.976405998642219 1 0 0,0 -0.526193589509526 -1.00000000000000 0.157813385185794 0.213503914550126 0 1 0,0.0572155364244382 -0.357769914889117 0 -0.0564985659155069 -0.0323636259906735 0 0 1,35.7716,-0.1393,12.5513
-0.910827805970328 -0.136346707940205 0 0.908814772791351 0.930008064447598 1 0 0,0 -0.700030880004804 -1.00000000000000 -0.0664480485987361 -0.0312547783713221 0 1 0,0.412786516096733 -0.700975279359813 0 -0.411874210886801 -0.366207781036109 0 0 1,20.7508,3.4107,8.2074
-0.998059468658570 -0.791454180657071 0 0.995131288968274 0.990389037814012 1 0 0,0 -0.489002095316414 -1.00000000000000 0.0765450084257802 0.132933004170959 0 1 0,0.0622679453729828 -0.366711372466959 0 -0.0620852591316081 -0.0381886132233140 0 0 1,35.8019,-2.2859,13.5885
-0.974566000575431 -0.653407916477868 0 0.932031817785321 0.939806528137271 1 0 0,0 -0.394483210205683 -1.00000000000000 -0.292204793604068 -0.304692242430357 0 1 0,0.224100670508613 -0.646096812830609 0 -0.214319969276299 -0.154681372741933 0 0 1,31.92,-13.9434,17.0527
-0.989626327559484 -0.601552216529848 0 0.895440673008419 0.919776697178051 1 0 0,0 -0.732149317118253 -1.00000000000000 -0.425779291565073 -0.380388174350065 0 1 0,0.143665346556254 -0.319518869914286 0 -0.129992292066005 -0.0965176882382777 0 0 1,30.7135,-6.7742,8.415
-0.946592999723209 -0.690978989776347 0 0.834859432075604 0.867078163361664 1 0 0,0 -0.672517894329820 -1.00000000000000 -0.471319772882119 -0.426969459290931 0 1 0,0.322430911785791 -0.265080586791724 0 -0.284371940185292 -0.256656461937302 0 0 1,31.6983,-9.2506,3.0196
-0.930737046320651 -0.710400969776982 0 0.892823176809774 0.914266059184934 1 0 0,0 -0.655183242048510 -1.00000000000000 -0.282508884415881 -0.272419405447556 0 1 0,0.365689144775054 -0.257031868605290 0 -0.350792681191323 -0.299842026003780 0 0 1,33.4273,-7.0143,3.8375
-0.845355082425935 -0.933978754041128 0 0.797651677396098 0.829828304523396 1 0 0,0 -0.266646429621014 -1.00000000000000 -0.331173209478893 -0.284766718263766 0 1 0,0.534204815231612 -0.237872588942374 0 -0.504059626304904 -0.479888425762814 0 0 1,36.8058,-18.402,-2.7468
-0.871556314255276 -0.729771685212136 0 0.848598259837978 0.874746393176334 1 0 0,0 -0.536701694521787 -1.00000000000000 -0.228011013057965 -0.179601137580333 0 1 0,0.490295412054569 -0.423538166591962 0 -0.477380321467315 -0.450069082480507 0 0 1,32.7338,-6.8782,2.659
-0.994132099387155 -0.626731815203490 0 0.923808766291695 0.941948710279139 1 0 0,0 -0.636106009617713 -1.00000000000000 -0.369422406302939 -0.329278984089095 0 1 0,0.108172866136050 -0.450084854599628 0 -0.100520888595172 -0.0656351875195090 0 0 1,31.2778,-8.2819,13.6689
-0.866548527612819 -0.674552377327757 0 0.860559772588968 0.880508566469678 1 0 0,0 -0.595512667731078 -1.00000000000000 -0.117364072525805 -0.0724077647305857 0 1 0,0.499092826327985 -0.436284027685276 0 -0.495643573832832 -0.468467480173633 0 0 1,31.8812,-2.5144,2.1285
-0.871556314255276 -0.769828224457141 0 0.694128700214692 0.731846051927806 1 0 0,0 -0.522358651076987 -1.00000000000000 -0.604738126349700 -0.556352148368182 0 1 0,0.490295412054569 -0.366750520755180 0 -0.390483221249412 -0.393539887792574 0 0 1,30.8751,-17.5687,0.9186
-0.965925826289068 -0.467795418998021 0 0.955315965030856 0.966079937665998 1 0 0,0 -0.649454827254546 -1.00000000000000 -0.147809411129611 -0.0888606451327150 0 1 0,0.258819045102521 -0.599479668813075 0 -0.255976141346576 -0.242473379540639 0 0 1,28.7702,-0.9591,12.1491
-0.908726847668595 -0.643239137583621 0 0.873041815897699 0.895523315265420 1 0 0,0 -0.578098468957311 -1.00000000000000 -0.277482336674028 -0.222486613825934 0 1 0,0.417391322773124 -0.502041404736593 0 -0.401000673974458 -0.385405887973057 0 0 1,30.8304,-6.5684,6.8443
-0.980989040697711 -0.447611984325287 0 0.961533621764026 0.976406661827374 1 0 0,0 -0.616379006311035 -1.00000000000000 -0.198170582048019 -0.149496254030316 0 1 0,0.194063139289730 -0.647858342593040 0 -0.190214391222390 -0.155823299830376 0 0 1,27.9496,-3.6976,15.4308
-0.845355082425935 -0.497410236124735 0 0.832614518137712 0.848173021715492 1 0 0,0 -0.771351453335243 -1.00000000000000 -0.172960609894204 -0.114206848527127 0 1 0,0.534204815231612 -0.396988655298795 0 -0.526153676801114 -0.517261366219741 0 0 1,27.7516,1.6862,-1.2913
-0.974566000575431 -0.666698447201948 0 0.934866744677515 0.944940127558097 1 0 0,0 -0.537891740809574 -1.00000000000000 -0.282508884415881 -0.285586910604774 0 1 0,0.224100670508613 -0.515931832384239 0 -0.214971858442357 -0.159775692211641 0 0 1,32.5876,-9.6459,13.1675
-0.974566000575431 -0.629446543688226 0 0.927548263642585 0.948658200216487 1 0 0,0 -0.632885823712289 -1.00000000000000 -0.306858322026056 -0.256686038829154 0 1 0,0.224100670508613 -0.450835427604092 0 -0.213288979595707 -0.184823961196092 0 0 1,31.7056,-5.6033,9.3339
-0.999999451688695 -0.720015139502829 0 0.840471583934734 0.865625709176483 1 0 0,0 -0.572508594536876 -1.00000000000000 -0.541854908579440 -0.499416077183871 0 1 0,0.00104719735980006 -0.392188867853401 0 -0.000880140106274195 0.0357171312255558 0 0 1,32.0772,-14.5444,13.5775
-0.925077206834458 -0.705308703430230 0 0.881872545946557 0.906876863229492 1 0 0,0 -0.419510829257497 -1.00000000000000 -0.302037146024729 -0.273423039583449 0 1 0,0.379779095521801 -0.571445795330803 0 -0.362041952164350 -0.320646528694738 0 0 1,31.974,-11.3775,10.4982
-0.811063818989327 -0.612639957600273 0 0.809533688416025 0.831883573297635 1 0 0,0 -0.625640058165533 -1.00000000000000 -0.0613969505807154 -0.0120963230514869 0 1 0,0.584957674987215 -0.482956312693150 0 -0.583854110012882 -0.554818348152070 0 0 1,29.5846,0.135,0.3112
-0.858781107925398 -0.429159488801130 0 0.853838678917761 0.865795251724168 1 0 0,0 -0.804483293232298 -1.00000000000000 -0.107131754313874 -0.0479495393149449 0 1 0,0.512342667235928 -0.410644327955556 0 -0.509394049436784 -0.498095797785294 0 0 1,26.2328,5.2696,-0.1165
-0.980989040697711 -0.604327183611343 0 0.939613370376993 0.956596134149910 1 0 0,0 -0.589762091438400 -1.00000000000000 -0.287360519849712 -0.252815841123346 0 1 0,0.194063139289730 -0.535695184457156 0 -0.185878040232003 -0.144941321252919 0 0 1,30.964,-7.0156,13.4127
-0.968539741803012 -0.241438533665462 0 0.962965633487447 0.974693002608096 1 0 0,0 -0.730337919795171 -1.00000000000000 -0.107131754313874 -0.0631837737940636 0 1 0,0.248858933028644 -0.638994489311710 0 -0.247426708218317 -0.214432650023158 0 0 1,25.3637,2.9398,10.8143
-0.831469612302545 -0.402006787749885 0 0.805491627531900 0.840356045888613 1 0 0,0 -0.513902116781798 -1.00000000000000 -0.248013628005925 -0.226647803882903 0 1 0,0.555570233019602 -0.757822642159896 0 -0.538212298539664 -0.492374338418964 0 0 1,24.3223,-6.1225,7.5897
-0.974566000575431 -0.671299354067133 0 0.933461238062579 0.945608241000172 1 0 0,0 -0.627481847823584 -1.00000000000000 -0.287360519849712 -0.283275660934811 0 1 0,0.224100670508613 -0.394491708253736 0 -0.214648663323068 -0.159937345465365 0 0 1,32.8464,-7.4856,10.0125
-0.871556314255276 -0.771241246026533 0 0.822374373163825 0.850516177249624 1 0 0,0 -0.538245605950520 -1.00000000000000 -0.331173209478893 -0.288111787060392 0 1 0,0.490295412054569 -0.339821435613468 0 -0.462628031669997 -0.440015716075635 0 0 1,33.1482,-9.7526,0.5853
-0.871556314255276 -0.748078465544214 0 0.840946454896302 0.872358174718902 1 0 0,0 -0.489478954872686 -1.00000000000000 -0.262694424132390 -0.231069558753867 0 1 0,0.490295412054569 -0.448094813767977 0 -0.473075786240528 -0.430810949278681 0 0 1,32.8909,-9.1376,4.0332
-0.831469612302545 -0.714228472106132 0 0.792636785839279 0.823863753930488 1 0 0,0 -0.561988403246081 -1.00000000000000 -0.302037146024729 -0.254491028248319 0 1 0,0.555570233019602 -0.417189074940680 0 -0.529622967926820 -0.506441340631545 0 0 1,31.5293,-8.4644,1.7501
-0.979994237456559 -0.809940937680815 0 0.937223143446898 0.956751796075311 1 0 0,0 -0.339769866714038 -1.00000000000000 -0.292204793604068 -0.247151273938672 0 1 0,0.199025864027610 -0.478071244838933 0 -0.190339533419409 -0.153434834692644 0 0 1,35.8257,-15.4224,13.3378
-0.944948912157531 -0.787123156582842 0 0.740755120063870 0.780252514178118 1 0 0,0 -0.525206731115013 -1.00000000000000 -0.620874181818246 -0.581073514543838 0 1 0,0.327217898979104 -0.323411542716929 0 -0.256509458793795 -0.231429438089449 0 0 1,31.8895,-18.252,6.1851
-0.990340803859696 -0.508982190229926 0 0.974535655537684 0.985345747863646 1 0 0,0 -0.680357508776687 -1.00000000000000 -0.177943545473842 -0.119233063587169 0 1 0,0.138654578757903 -0.527305215487130 0 -0.136441748412779 -0.121972266170016 0 0 1,29.7241,-1.1808,12.9132
-0.963209487490551 -0.389836275367015 0 0.961392323106200 0.972335434749451 1 0 0,0 -0.745598331090424 -1.00000000000000 -0.0613969505807154 -0.0120963230514869 0 1 0,0.268751712940010 -0.540472762572868 0 -0.268244693389922 -0.233275548009711 0 0 1,27.1401,3.2249,8.6683
-0.964603458301806 -0.770044480782645 0 0.753121554975845 0.791059095004128 1 0 0,0 -0.534951051146135 -1.00000000000000 -0.624833938241745 -0.585181151432523 0 1 0,0.263704698919445 -0.347647624030184 0 -0.205889468045543 -0.178293376824146 0 0 1,31.7731,-18.0364,7.8707
-0.934453296747047 -0.913042687745315 0 0.832973879933629 0.864366825500048 1 0 0,0 -0.219760255786100 -1.00000000000000 -0.453212777096287 -0.403196659379073 0 1 0,0.356085714679170 -0.343596391616151 0 -0.317415648676917 -0.300503651958718 0 0 1,36.1497,-23.1693,5.8187
-0.991029909341493 -0.862675062486631 0 0.883406406278553 0.910499798123569 1 0 0,0 -0.495223596891453 -1.00000000000000 -0.453212777096287 -0.400354449203924 0 1 0,0.133640258869072 -0.102690435998582 0 -0.119127242991192 -0.103471892896396 0 0 1,36.7798,-15.2319,4.3924
-0.949862968197320 -0.750360287225133 0 0.879011050250860 0.903161114212945 1 0 0,0 -0.546230563631081 -1.00000000000000 -0.378971668860393 -0.358024901710600 0 1 0,0.312666502278988 -0.372278942072591 0 -0.289344168315258 -0.236892742667957 0 0 1,33.5597,-12.0794,7.7298
-0.801984205922701 -0.617152724159392 0 0.800211729495262 0.823205026915513 1 0 0,0 -0.635860944363903 -1.00000000000000 -0.0664480485987361 -0.0171538352110065 0 1 0,0.597345238074712 -0.463468849541462 0 -0.596025037071112 -0.567485003853479 0 0 1,29.6185,-0.0325,-0.4023
-0.963209487490551 -0.828096165494849 0 0.775979088152855 0.812477619025132 1 0 0,0 -0.488999604824229 -1.00000000000000 -0.592435080689858 -0.551618345946163 0 1 0,0.268751712940010 -0.274109699161621 0 -0.216511269723922 -0.188672517868585 0 0 1,33.3591,-18.8454,5.1741
-0.998745710682166 -0.695434009006627 0 0.945742405148945 0.957944400551811 1 0 0,0 -0.489391544593640 -1.00000000000000 -0.321439465303162 -0.274170447233796 0 1 0,-0.0500700049328485 -0.526181960159432 0 0.0474127962548828 0.0846941043700923 0 0 1,32.7467,-12.2792,19.8377
-0.989626327559484 -0.347739485504099 0 0.982186519651986 0.990909845170201 1 0 0,0 -0.892872399333434 -1.00000000000000 -0.122389022625539 -0.0774521354330480 0 1 0,0.143665346556254 -0.286105100845652 0 -0.142585299924938 -0.109994751973122 0 0 1,27.0223,5.5996,5.1783
-0.910827805970328 -0.110679295942777 0 0.908496799902318 0.928444859586799 1 0 0,0 -0.774363037540997 -1.00000000000000 -0.0714974443326858 -0.0308879959441294 0 1 0,0.412786516096733 -0.622986339769895 0 -0.411730105798862 -0.370183838671281 0 0 1,20.3635,5.362,5.7856
-0.904455145454368 -0.670290439451077 0 0.860819892355632 0.884979860806948 1 0 0,0 -0.546421758886908 -1.00000000000000 -0.306858322026056 -0.252316080818501 0 1 0,0.426568739901458 -0.502129453622689 0 -0.405989018482263 -0.391340313955138 0 0 1,31.2302,-7.9489,6.8162
-0.981958712696444 -0.366392646697844 0 0.977807901355264 0.987333017273315 1 0 0,0 -0.666484511257993 -1.00000000000000 -0.0918492145756212 -0.0426064712945452 0 1 0,0.189095442989892 -0.649272534995084 0 -0.188296122713815 -0.152833902017186 0 0 1,26.6589,0.5327,14.7857
-0.965925826289068 -0.176378032590158 0 0.960878223859847 0.972729820371201 1 0 0,0 -0.728731145210625 -1.00000000000000 -0.102098078224237 -0.0581347294907853 0 1 0,0.258819045102521 -0.661696084029244 0 -0.257466544107897 -0.224537412890691 0 0 1,22.2551,3.4968,11.5133
-0.973419246649516 -0.872497473110633 0 0.858519173147179 0.887895665279273 1 0 0,0 -0.328645216144805 -1.00000000000000 -0.471319772882119 -0.426969459290931 0 1 0,0.229030500703048 -0.361580532275583 0 -0.201996289641745 -0.171284466344989 0 0 1,35.1879,-21.1219,10.8387
-0.900014703397015 -0.711808655080932 0 0.816352949490570 0.849448820696020 1 0 0,0 -0.511275114280647 -1.00000000000000 -0.421035813367491 -0.375544398146081 0 1 0,0.435859534333234 -0.481587163522022 0 -0.395343781688825 -0.370679249539597 0 0 1,31.603,-12.3712,6.3874
-0.999937615001086 -0.859503406676311 0 0.843151238218908 0.868459429600813 1 0 0,0 -0.370660813694976 -1.00000000000000 -0.537593974758933 -0.495028565090018 0 1 0,0.0111698749294222 -0.351943823788390 0 -0.00941848144944767 0.0269246890854545 0 0 1,34.8532,-22.4971,13.8257
-0.811063818989327 -0.668986242013481 0 0.758203283187032 0.783117380754157 1 0 0,0 -0.643161314718756 -1.00000000000000 -0.355106962408137 -0.298981758214665 0 1 0,0.584957674987215 -0.372559969999357 0 -0.546833454182964 -0.545286233290019 0 0 1,29.9867,-6.8241,-1.7275
-0.992353495298594 -0.810914176396891 0 0.977397480049697 0.988401395883243 1 0 0,0 -0.430645501527033 -1.00000000000000 -0.172960609894204 -0.119014830765317 0 1 0,0.123428280262926 -0.396185121544314 0 -0.121568060844641 -0.0943300094029472 0 0 1,36.0396,-10.5945,13.6248
-0.997719754796491 -0.486116406469840 0 0.993502320376915 0.990417214434058 1 0 0,0 -0.624560155367044 -1.00000000000000 0.0918492145756214 0.135913124728709 0 1 0,0.0674928950988966 -0.611240911334265 0 -0.0672075976919860 -0.0245227216915020 0 0 1,29.3617,3.067,17.8222
-0.839904154905075 -0.593700900872321 0 0.805690392106442 0.826836953783217 1 0 0,0 -0.699529377579751 -1.00000000000000 -0.282508884415881 -0.225070883069672 0 1 0,0.542734751580542 -0.397715841030102 0 -0.520626278911717 -0.515445195392030 0 0 1,29.2348,-3.0391,-0.5933
-0.999865423042539 -0.628920635760775 0 0.936485005997960 0.944218574795017 1 0 0,0 -0.761582964858981 -1.00000000000000 -0.350370856061816 -0.326779765967203 0 1 0,0.0164053590013620 -0.156365666151066 0 -0.0153654405570293 0.0408199407947400 0 0 1,31.9422,-3.9821,6.7234
-0.961836880762286 -0.576044783971741 0 0.961034838019340 0.968428611076955 1 0 0,0 -0.749650548261641 -1.00000000000000 0.0408293519785100 0.0870365010532648 0 1 0,0.273623490960619 -0.325877986906099 0 -0.273395325728432 -0.233603665921500 0 0 1,31.6098,4.7627,5.2693
-0.904455145454368 -0.788441924605025 0 0.739434703715199 0.779328070043947 1 0 0,0 -0.465633634806435 -1.00000000000000 -0.575861700985407 -0.534488402105366 0 1 0,0.426568739901458 -0.401926174392850 0 -0.348740046854114 -0.327062543340612 0 0 1,31.9125,-18.5758,5.8092
-0.989626327559484 -0.629231160856505 0 0.872813209092993 0.899412774790825 1 0 0,0 -0.705845720893802 -1.00000000000000 -0.471319772882119 -0.426969459290931 0 1 0,0.143665346556254 -0.325345915147376 0 -0.126707433574906 -0.0935614310273158 0 0 1,30.9041,-8.9911,9.0385
-0.990340803859696 -0.593814753164624 0 0.937783545643149 0.955365994940177 1 0 0,0 -0.598758560979441 -1.00000000000000 -0.321439465303162 -0.282187784405243 0 1 0,0.138654578757903 -0.537468347512545 0 -0.131296198218310 -0.0874406658507721 0 0 1,30.8704,-7.8099,14.6579
-0.972206707841360 -0.335855866932797 0 0.971584486727441 0.980039742524358 1 0 0,0 -0.807629718179211 -1.00000000000000 -0.0357716163253495 0.0135420950074945 0 1 0,0.234124149177877 -0.484701016050706 0 -0.233974307598178 -0.198339896983936 0 0 1,26.3873,5.2625,8.0982
-0.930737046320651 -0.682857992840462 0 0.888679539778254 0.915030062016430 1 0 0,0 -0.416874942820101 -1.00000000000000 -0.297208232354151 -0.265843019763234 0 1 0,0.365689144775054 -0.599933532703943 0 -0.349164634807755 -0.303393266980949 0 0 1,31.8546,-11.879,11.5888
-0.999769581002165 -0.554202684872010 0 0.967265902214710 0.972840117861355 1 0 0,0 -0.830233737646138 -1.00000000000000 -0.252913747716370 -0.228750568466334 0 1 0,0.0214659009304303 -0.0597605635413407 0 -0.0207680193765360 0.0354299662127188 0 0 1,31.4028,-0.8248,3.9053
-0.998361849427182 -0.838860302320274 0 0.997056720814106 0.993998664349381 1 0 0,0 -0.393006369971809 -1.00000000000000 0.0511158613502366 0.105531014432485 0 1 0,0.0572155364244382 -0.376642252479352 0 -0.0571407402633640 -0.0288072953346442 0 0 1,37.4264,-6.4093,13.507
-0.886203579231215 -0.552769232365959 0 0.876469398027781 0.889919675575619 1 0 0,0 -0.732222895716994 -1.00000000000000 -0.147809411129611 -0.0888606451327150 0 1 0,0.463296035119862 -0.397864055598603 0 -0.458207128166223 -0.447377644468276 0 0 1,29.5719,0.8294,0.263
-0.952979341517219 -0.706910647822627 0 0.885567089455424 0.911375974071789 1 0 0,0 -0.475620533681824 -1.00000000000000 -0.369422406302939 -0.317101617765751 0 1 0,0.303035269632774 -0.523509736237265 0 -0.281599033724895 -0.262374537436545 0 0 1,32.6679,-11.4789,9.3196
-0.972206707841360 -0.859729973926202 0 0.888016935891725 0.912956788055371 1 0 0,0 -0.431707352549868 -1.00000000000000 -0.407055505811561 -0.351262152786750 0 1 0,0.234124149177877 -0.272934302877517 0 -0.213849799527531 -0.207665122645181 0 0 1,36.3314,-14.4561,4.6881
-0.980989040697711 -0.315032274104518 0 0.979138333899921 0.987366394633755 1 0 0,0 -0.879222585050757 -1.00000000000000 -0.0613969505807154 -0.0120963230514869 0 1 0,0.194063139289730 -0.357382585206946 0 -0.193697025137396 -0.157991397603079 0 0 1,26.1872,6.8943,5.641
-0.997858923238603 -0.825557249454748 0 0.887113687543618 0.908953539261721 1 0 0,0 -0.447909365198284 -1.00000000000000 -0.457873915116956 -0.407859766536117 0 1 0,-0.0654031292301431 -0.343267284255842 0 0.0581445029924041 0.0863358228355716 0 0 1,35.0223,-16.6405,15.1186
-0.946592999723209 -0.665892900690733 0 0.879632507383808 0.901891161645542 1 0 0,0 -0.566928022870636 -1.00000000000000 -0.369422406302939 -0.318406962406901 0 1 0,0.322430911785791 -0.484952844814496 0 -0.299622658814417 -0.291906387111460 0 0 1,32.0728,-9.7668,7.829
-0.930737046320651 -0.694201400388654 0 0.885833828301841 0.912479489861993 1 0 0,0 -0.408115125589483 -1.00000000000000 -0.306858322026056 -0.275573545408559 0 1 0,0.365689144775054 -0.592896668875371 0 -0.348046546943734 -0.302391140168085 0 0 1,32.1521,-12.3419,11.1117
-0.886203579231215 -0.837045441826790 0 0.752116441750499 0.790020107086609 1 0 0,0 -0.291845235237805 -1.00000000000000 -0.528882782801013 -0.500504109919796 0 1 0,0.463296035119862 -0.462797241765747 0 -0.393196973672515 -0.354067601387442 0 0 1,33.2897,-22.5685,6.2532
-0.956049249417229 -0.817331231493903 0 0.922471920464115 0.938173882041319 1 0 0,0 -0.470103745204493 -1.00000000000000 -0.262694424132390 -0.209212313416884 0 1 0,0.293206126622130 -0.333124791586229 0 -0.282908457782726 -0.275789729631610 0 0 1,36.0989,-11.5137,5.6636
-0.876558805544014 -0.646105758899018 0 0.859174494329141 0.878739526055189 1 0 0,0 -0.565901809585029 -1.00000000000000 -0.198170582048019 -0.142222443831162 0 1 0,0.481294774980210 -0.512154752224280 0 -0.471749519029977 -0.455620041063816 0 0 1,30.8669,-4.732,4.1998
-0.997719754796491 -0.505356691867870 0 0.995837484296121 0.994097729245275 1 0 0,0 -0.607469298439282 -1.00000000000000 0.0613969505807155 0.105622287831032 0 1 0,0.0674928950988966 -0.612858601504499 0 -0.0673655648693221 -0.0247716980186411 0 0 1,29.8749,1.7673,17.9599
-0.991716060110563 -0.594111622349027 0 0.945399108663040 0.961688611530495 1 0 0,0 -0.702970479827489 -1.00000000000000 -0.302037146024729 -0.262784086650892 0 1 0,0.128449430200303 -0.390978112790110 0 -0.122450348143100 -0.0780995406875426 0 0 1,31.5033,-3.7828,8.8825
-0.999201384214954 -0.625782666760305 0 0.984142162667555 0.989338429143098 1 0 0,0 -0.627385059896635 -1.00000000000000 -0.172960609894204 -0.124099221260516 0 1 0,-0.0399573996015809 -0.463447991257764 0 0.0393551913354955 0.0762158507346120 0 0 1,32.2333,-4.819,17.2142
-0.981958712696444 -0.435099671920226 0 0.965359194280854 0.979322991008307 1 0 0,0 -0.599181347729392 -1.00000000000000 -0.183093507769269 -0.134303340639472 0 1 0,0.189095442989892 -0.672063976142228 0 -0.185898879582867 -0.151291414084284 0 0 1,27.3888,-3.0764,15.7541
-0.956049249417229 -0.430709514611096 0 0.955252032781300 0.966111693608601 1 0 0,0 -0.585734769256434 -1.00000000000000 -0.0408293519785098 0.00848434831958263 0 1 0,0.293206126622130 -0.686588737242016 0 -0.292961632102583 -0.257984905190812 0 0 1,27.363,-0.1277,13.148
-0.869063552886555 -0.770775879829244 0 0.828474944914057 0.861222266581240 1 0 0,0 -0.468912722808524 -1.00000000000000 -0.302037146024729 -0.270711750169293 0 1 0,0.494700455876278 -0.431306621166138 0 -0.471596043315555 -0.430129464074423 0 0 1,33.389,-11.5979,3.6785
-0.999991942880066 -0.676317102729502 0 0.874612660223519 0.896705765505624 1 0 0,0 -0.615646065610109 -1.00000000000000 -0.484809620246337 -0.440795688473780 0 1 0,-0.00401424649846385 -0.404444184597041 0 0.00351093909687180 0.0402235146636887 0 0 1,31.4834,-11.9824,14.7672
-0.988886498744505 -0.817889600147000 0 0.778295902982837 0.812334046105759 1 0 0,0 -0.500810324857889 -1.00000000000000 -0.616898519672127 -0.576950991556786 0 1 0,0.148672433896923 -0.283276579489226 0 -0.117011554243454 -0.0850937769704003 0 0 1,33.1344,-19.0164,7.6695
-0.961836880762286 -0.610241062926561 0 0.961824560463682 0.970742941506789 1 0 0,0 -0.718795143364729 -1.00000000000000 0.00506143321981206 0.0515844464495840 0 1 0,0.273623490960619 -0.333075647554034 0 -0.273619986080341 -0.234514789297469 0 0 1,32.4996,2.6168,5.7409
-0.973419246649516 -0.803525785151885 0 0.923331905314618 0.945166577078335 1 0 0,0 -0.564109827797454 -1.00000000000000 -0.316642524327338 -0.269302981560443 0 1 0,0.229030500703048 -0.190069499863534 0 -0.217245723584349 -0.184759426543493 0 0 1,35.7184,-9.6533,4.584
-0.946592999723209 -0.570388055304073 0 0.913347782956609 0.935686905138718 1 0 0,0 -0.512411698914168 -1.00000000000000 -0.262694424132390 -0.214651748676743 0 1 0,0.322430911785791 -0.641943702502279 0 -0.311106841612331 -0.280026145818464 0 0 1,29.9957,-8.1169,12.2573
-0.915030085854857 -0.377632944191604 0 0.913007765158767 0.921277198400179 1 0 0,0 -0.744372840038969 -1.00000000000000 -0.0664480485987361 -0.00713228843398520 0 1 0,0.403385599619585 -0.550729002753169 0 -0.402494071505673 -0.388841168306048 0 0 1,26.2013,3.8066,5.9622
-0.972206707841360 -0.662151606895715 0 0.931201454409961 0.939439174253420 1 0 0,0 -0.407890694101921 -1.00000000000000 -0.287360519849712 -0.297780199216729 0 1 0,0.234124149177877 -0.628633781426417 0 -0.224249376669091 -0.169649611943258 0 0 1,31.8783,-12.8829,16.2329
-0.996565502497761 -0.815051129229809 0 0.781217893323712 0.810653546119719 1 0 0,0 -0.513790072584699 -1.00000000000000 -0.620874181818246 -0.584553258586954 0 1 0,0.0828082075122044 -0.267789876684355 0 -0.0649142010840802 -0.0337389395046383 0 0 1,32.9917,-18.8706,9.0991
-0.965925826289068 -0.506575369561669 0 0.954581092621006 0.956278120786139 1 0 0,0 -0.758541965762685 -1.00000000000000 0.152813355564627 0.198511691350835 0 1 0,0.258819045102521 -0.409872518144776 0 -0.255779232877817 -0.214767930806163 0 0 1,29.9685,8.0522,6.9424
-0.886203579231215 -0.838842968246620 0 0.759226131608293 0.796741930762210 1 0 0,0 -0.336704020464551 -1.00000000000000 -0.515785898285047 -0.487173104436586 0 1 0,0.463296035119862 -0.427753290140715 0 -0.396913829707903 -0.357581685882996 0 0 1,33.3456,-21.0528,4.9668
-0.926987583925750 -0.587295510036999 0 0.904662721262241 0.923172900429859 1 0 0,0 -0.592659310156127 -1.00000000000000 -0.218143241396543 -0.162282795566800 0 1 0,0.375092014374474 -0.551215861505858 0 -0.366058584097419 -0.348448116905438 0 0 1,29.6814,-3.9051,9.4539
-0.989626327559484 -0.709396676169355 0 0.814891547762293 0.846286508288666 1 0 0,0 -0.624524801574810 -1.00000000000000 -0.567412674039288 -0.525765243612641 0 1 0,0.143665346556254 -0.326688120472440 0 -0.118298870346086 -0.0858490215291825 0 0 1,31.4433,-13.2518,9.3776
-0.999769581002165 -0.685460260428591 0 0.906835014118700 0.915718250882808 1 0 0,0 -0.704614648451833 -1.00000000000000 -0.421035813367491 -0.400537545612639 0 1 0,0.0214659009304303 -0.183473236632124 0 -0.0194705169503204 0.0320898668544019 0 0 1,32.491,-8.8663,8.9465
-0.936243631273849 -0.186012888547732 0 0.918634503793418 0.936855112496440 1 0 0,0 -0.569557696787663 -1.00000000000000 -0.193035743749306 -0.139540230432951 0 1 0,0.351351480570605 -0.800626776547014 0 -0.344743165378769 -0.320672765104867 0 0 1,21.7265,-3.3885,13.2419
-0.999769581002165 -0.775568725388042 0 0.799395614820988 0.828261079852878 1 0 0,0 -0.531140463928724 -1.00000000000000 -0.600559787482935 -0.560025280843642 0 1 0,0.0214659009304303 -0.341149468382332 0 -0.0171637019149622 0.0188485653815663 0 0 1,32.4322,-17.9173,12.1124
-0.959017781309192 -0.417123362992960 0 0.956563446633737 0.968514809260601 1 0 0,0 -0.697265682998887 -1.00000000000000 -0.0714974443326858 -0.0222109079189386 0 1 0,0.283345893093221 -0.582948254442484 0 -0.282620749447170 -0.247963182372542 0 0 1,27.8809,1.1471,9.3255
-0.910827805970328 -0.163235893878017 0 0.908814772791351 0.929254846148657 1 0 0,0 -0.629838797069198 -1.00000000000000 -0.0664480485987361 -0.0388641032892837 0 1 0,0.412786516096733 -0.759379439184569 0 -0.411874210886801 -0.367389456006504 0 0 1,20.9457,1.965,9.652
-0.915030085854857 -0.352997899111223 0 0.912345503825881 0.921164259193452 1 0 0,0 -0.808961443147309 -1.00000000000000 -0.0765450084257800 -0.0172531340961528 0 1 0,0.403385599619585 -0.470078575053242 0 -0.402202117515306 -0.388791379724961 0 0 1,25.8608,5.5959,2.918
-0.886203579231215 -0.817424307518687 0 0.775091114933089 0.811691340379671 1 0 0,0 -0.324646592823574 -1.00000000000000 -0.484809620246337 -0.455677698598412 0 1 0,0.463296035119862 -0.475838303676407 0 -0.405207842555377 -0.365397048363433 0 0 1,33.0639,-20.3266,6.0983
-0.928874213198540 -0.163795251564719 0 0.921303914597590 0.939033168012237 1 0 0,0 -0.619624751558585 -1.00000000000000 -0.127410837330209 -0.0784787993307863 0 1 0,0.370395324018531 -0.767617276265205 0 -0.367376612589821 -0.334750335964730 0 0 1,21.255,0.0913,11.4734
-0.990340803859696 -0.698498049491924 0 0.990134329539592 0.993267995637500 1 0 0,0 -0.622900994683095 -1.00000000000000 -0.0204189330948005 0.0341911503045719 0 1 0,0.138654578757903 -0.352270954917927 0 -0.138625670921563 -0.110678155401661 0 0 1,34.3462,-0.4205,9.995
-0.999769581002165 -0.641487566128594 0 0.898050828598033 0.918793804007747 1 0 0,0 -0.622794678265781 -1.00000000000000 -0.439468903432369 -0.394375677635588 0 1 0,0.0214659009304303 -0.447906788546720 0 -0.0192819130362544 0.0169047510021346 0 0 1,30.9862,-10.4885,15.3173
-0.999769581002165 -0.742319811444660 0 0.826104557807754 0.853080906880151 1 0 0,0 -0.553859797961051 -1.00000000000000 -0.563237651907776 -0.521457095855932 0 1 0,0.0214659009304303 -0.377094977080455 0 -0.0177371655759947 0.0183156626425734 0 0 1,32.2489,-15.8982,12.9298
-0.946592999723209 -0.614558180270782 0 0.886589465536205 0.913068822859258 1 0 0,0 -0.490895726093732 -1.00000000000000 -0.350370856061816 -0.303555757881170 0 1 0,0.322430911785791 -0.617527027072639 0 -0.301992355570033 -0.272321917185519 0 0 1,30.4066,-10.997,11.9482
-0.956049249417229 -0.518964977851211 0 0.933024487745232 0.952279688923667 1 0 0,0 -0.530235453182902 -1.00000000000000 -0.218143241396543 -0.169640702699738 0 1 0,0.293206126622130 -0.670466789596484 0 -0.286144773673672 -0.253742834482048 0 0 1,29.0394,-5.4045,13.4498
-0.998986343599654 -0.839556751000665 0 0.850497927999413 0.861043253984170 1 0 0,0 -0.471680368916904 -1.00000000000000 -0.524580395802744 -0.499852087547252 0 1 0,-0.0450142788611964 -0.269559068531596 0 0.0383233976591555 0.0935542908850606 0 0 1,34.5116,-19.9061,13.0007
-0.979994237456559 -0.756327413509579 0 0.758792098453925 0.795210708949739 1 0 0,0 -0.542415747678595 -1.00000000000000 -0.632840475938601 -0.593491681009159 0 1 0,0.199025864027610 -0.365723939938557 0 -0.154102184727193 -0.124127164410442 0 0 1,31.2716,-18.2001,10.0089
-0.946592999723209 -0.637472678624249 0 0.872308763326609 0.900585233563409 1 0 0,0 -0.518026131917351 -1.00000000000000 -0.388319916157409 -0.342176649508586 0 1 0,0.322430911785791 -0.570331053563080 0 -0.297128026512320 -0.268069725292914 0 0 1,30.7147,-11.556,11.1018
-0.948212837213545 -0.795101462696106 0 0.746283994468515 0.782119487672017 1 0 0,0 -0.565634836870622 -1.00000000000000 -0.616898519672127 -0.580442653215272 0 1 0,0.317635664470223 -0.218794184878982 0 -0.249992831950148 -0.226661495036271 0 0 1,32.2323,-16.5266,2.3565
-0.959017781309192 -0.315001058683383 0 0.953498473469930 0.962202381734086 1 0 0,0 -0.801490815172084 -1.00000000000000 -0.107131754313874 -0.0478706405377785 0 1 0,0.283345893093221 -0.508317623364699 0 -0.281715190055747 -0.268095092009822 0 0 1,25.6855,4.2526,7.7367
-0.999769581002165 -0.534289162885653 0 0.972227277695045 0.978495222619800 1 0 0,0 -0.837243861352482 -1.00000000000000 -0.233105928507328 -0.203665665133354 0 1 0,0.0214659009304303 -0.116437996592755 0 -0.0208745443164455 0.0326710293075813 0 0 1,31.207,0.0444,4.7069
-0.978938711712464 -0.871959721529867 0 0.853702370078726 0.880348808964566 1 0 0,0 -0.419874445990971 -1.00000000000000 -0.489382451748846 -0.454749353337838 0 1 0,0.204154350212632 -0.251777071301840 0 -0.178036735653782 -0.134866601475263 0 0 1,35.3482,-19.1066,7.9659
-0.949862968197320 -0.754800262651432 0 0.875322119813085 0.899305617134583 1 0 0,0 -0.455740131669569 -1.00000000000000 -0.388319916157409 -0.338865717992455 0 1 0,0.312666502278988 -0.471781194927409 0 -0.288129882659593 -0.276440648529924 0 0 1,33.5644,-13.6257,8.6471
-0.985615113141945 -0.701227126486163 0 0.961878309735379 0.976366238988420 1 0 0,0 -0.424500658285369 -1.00000000000000 -0.218143241396543 -0.163130561734632 0 1 0,0.169005469574779 -0.572782426576834 0 -0.164935270617355 -0.141765253823887 0 0 1,33.462,-10.2223,15.5092
-0.883847285787029 -0.258860526605586 0 0.877738978283864 0.904989567149568 1 0 0,0 -0.548944045910756 -1.00000000000000 -0.117364072525805 -0.0931229810175678 0 1 0,0.467775560933768 -0.794765161682751 0 -0.464542743438487 -0.415116843499321 0 0 1,22.361,-2.0472,10.2194
-0.994666875152874 -0.481998492626657 0 0.980534205364577 0.990228197797569 1 0 0,0 -0.611325288476264 -1.00000000000000 -0.167973243362908 -0.109177707685168 0 1 0,0.103139747302467 -0.627661409340293 0 -0.101674291854934 -0.0867660327039972 0 0 1,28.9305,-2.4889,16.5959
-0.951433341895538 -0.766329094245382 0 0.925222636772137 0.942983281708715 1 0 0,0 -0.434508525822834 -1.00000000000000 -0.233105928507328 -0.176959905271135 0 1 0,0.307854829309998 -0.473225168709696 0 -0.299373844046455 -0.281900199262599 0 0 1,34.7144,-11.1559,8.6648
-0.999396902908720 -0.824334321711023 0 0.861374982544432 0.883451229839671 1 0 0,0 -0.394982491415397 -1.00000000000000 -0.507087145435631 -0.463658241021220 0 1 0,-0.0347250695673794 -0.405538848354277 0 0.0299293565003049 0.0673421118460181 0 0 1,34.502,-20.8451,16.0193
-0.989626327559484 -0.405604263475468 0 0.971013163658678 0.983856509775884 1 0 0,0 -0.870651224649809 -1.00000000000000 -0.193035743749306 -0.144320633768752 0 1 0,0.143665346556254 -0.278301323148689 0 -0.140963249241491 -0.105820238329918 0 0 1,28.1244,2.7883,5.6224
-0.948212837213545 -0.727215358320581 0 0.807271349122418 0.841892775464064 1 0 0,0 -0.642277566816850 -1.00000000000000 -0.524580395802744 -0.481637574828538 0 1 0,0.317635664470223 -0.242151501722571 0 -0.270422590079874 -0.243396386856296 0 0 1,31.9827,-11.8826,2.4165
-0.946592999723209 -0.747697227462959 0 0.782165017139648 0.818770760374016 1 0 0,0 -0.562357268943839 -1.00000000000000 -0.563237651907776 -0.521457095855932 0 1 0,0.322430911785791 -0.353133343243358 0 -0.266423034733015 -0.240201871637284 0 0 1,31.9266,-15.1297,6.108
-0.998889874961970 -0.849164284676875 0 0.885703920866976 0.910824995318050 1 0 0,0 -0.467626324495502 -1.00000000000000 -0.462367751040992 -0.412473879645760 0 1 0,0.0471064507096427 -0.245449869154659 0 -0.0417687366119773 -0.0162211748603269 0 0 1,35.737,-16.2044,10.6698
-0.946592999723209 -0.505808179239405 0 0.925873308015968 0.945641368469910 1 0 0,0 -0.766650438329966 -1.00000000000000 -0.208082406612249 -0.159490706558725 0 1 0,0.322430911785791 -0.395480961897016 0 -0.315373317771215 -0.283416860401344 0 0 1,29.3454,-0.4123,4.8525
-0.908726847668595 -0.819026447680569 0 0.787930424975005 0.824039049432851 1 0 0,0 -0.490990422602605 -1.00000000000000 -0.498185105339491 -0.454517937880022 0 1 0,0.417391322773124 -0.296857007517532 0 -0.361907786896867 -0.338190906375521 0 0 1,33.7539,-15.6511,1.713
-0.825704677813596 -0.657712176181297 0 0.773364127146049 0.797995949435428 1 0 0,0 -0.641458971900413 -1.00000000000000 -0.350370856061816 -0.294148675686077 0 1 0,0.564102636970211 -0.394898823334950 0 -0.528344764397395 -0.526002871928260 0 0 1,29.9414,-6.4368,-0.8002
-0.961836880762286 -0.467199825944551 0 0.945577511800464 0.962492800901364 1 0 0,0 -0.730371310279924 -1.00000000000000 -0.183093507769269 -0.134303340639472 0 1 0,0.273623490960619 -0.498279110295994 0 -0.268998023394201 -0.235733368249224 0 0 1,28.7708,-0.0535,7.3733
-0.998059468658570 -0.858704342987041 0 0.998046684379942 0.997565316121691 1 0 0,0 -0.349395323602826 -1.00000000000000 0.00506143321981206 0.0602014680493000 0 1 0,0.0622679453729828 -0.374899665483540 0 -0.0622671477744546 -0.0352026038204629 0 0 1,37.6405,-8.5918,13.8245
-0.853459850940365 -0.603445169014511 0 0.839032541187444 0.854968604397551 1 0 0,0 -0.714620604712640 -1.00000000000000 -0.183093507769269 -0.124429380496576 0 1 0,0.521158596621844 -0.353795589731119 0 -0.512348672528079 -0.503533528936994 0 0 1,30.0117,-0.5633,-1.7194
-0.871556314255276 -0.689265371840693 0 0.861983020611712 0.884661376465254 1 0 0,0 -0.573444053631981 -1.00000000000000 -0.147809411129611 -0.0987940678661011 0 1 0,0.490295412054569 -0.442803753976220 0 -0.484909940255536 -0.455646772341328 0 0 1,32.1325,-3.7997,2.3856
-0.997719754796491 -0.527114680570475 0 0.997395851384781 0.997287046547531 1 0 0,0 -0.587046995020579 -1.00000000000000 0.0254790495169005 0.0694029333215843 0 1 0,0.0674928950988966 -0.614431395002236 0 -0.0674709839571320 -0.0245311971754679 0 0 1,30.2637,0.2502,18.2269
-0.904455145454368 -0.767905406619115 0 0.765091303178008 0.799922062832435 1 0 0,0 -0.467874326290288 -1.00000000000000 -0.533319268710663 -0.494341283870714 0 1 0,0.426568739901458 -0.437509887069471 0 -0.360840484734324 -0.340222557240046 0 0 1,31.8154,-17.147,6.3629
-0.989626327559484 -0.488022450994450 0 0.947886358027632 0.965373230562128 1 0 0,0 -0.823337971780576 -1.00000000000000 -0.287360519849712 -0.239619042769463 0 1 0,0.143665346556254 -0.289738971402912 0 -0.137605900661328 -0.103136996544820 0 0 1,29.3162,-1.4104,6.4784
-0.989626327559484 -0.673657470526530 0 0.845145969311788 0.874184601250823 1 0 0,0 -0.660336012332737 -1.00000000000000 -0.520264569962094 -0.477199589687216 0 1 0,0.143665346556254 -0.331876427635795 0 -0.122690944238750 -0.0898990241231423 0 0 1,31.08,-11.1134,9.2185
-0.900014703397015 -0.776718837596310 0 0.820147016563988 0.853326047883924 1 0 0,0 -0.360937720724189 -1.00000000000000 -0.411832473287575 -0.381656139793830 0 1 0,0.435859534333234 -0.516170329524533 0 -0.397181174235422 -0.355208737167987 0 0 1,33.0454,-16.3411,7.3619
-0.801984205922701 -0.697014028063184 0 0.782669829370100 0.811691213094962 1 0 0,0 -0.583967926517598 -1.00000000000000 -0.218143241396543 -0.169640702699738 0 1 0,0.597345238074712 -0.416116456634285 0 -0.582959230501403 -0.558909121925889 0 0 1,31.1159,-5.6237,-0.8765
-0.949862968197320 -0.745652881583557 0 0.882671163457527 0.906195565077714 1 0 0,0 -0.551403187866274 -1.00000000000000 -0.369422406302939 -0.350056430689521 0 1 0,0.312666502278988 -0.374107343682331 0 -0.290548968199651 -0.237213180844562 0 0 1,33.6308,-11.2878,6.9659
-0.949862968197320 -0.738852852529757 0 0.877177820921237 0.904348639316896 1 0 0,0 -0.407676847338612 -1.00000000000000 -0.383650706742656 -0.348591757138152 0 1 0,0.312666502278988 -0.536559456586771 0 -0.288740724006384 -0.246246472910811 0 0 1,32.9741,-13.2207,10.5362
-0.938070461122187 -0.903204402893754 0 0.852859367860206 0.882142607918267 1 0 0,0 -0.284157051441979 -1.00000000000000 -0.416439477557085 -0.365513206938050 0 1 0,0.346444526540696 -0.321677752897426 0 -0.314974697690263 -0.297026118126033 0 0 1,36.6261,-20.5574,6.1115
-0.938070461122187 -0.828773148903869 0 0.777878717391660 0.814935116580010 1 0 0,0 -0.488571956091492 -1.00000000000000 -0.558903480703367 -0.516986334873159 0 1 0,0.346444526540696 -0.272823223675878 0 -0.287283136098809 -0.261927251959670 0 0 1,33.699,-17.2342,3.2
-0.910827805970328 -0.0955358531569263 0 0.908155552896687 0.927342962613100 1 0 0,0 -0.814088181089314 -1.00000000000000 -0.0765450084257800 -0.0329779966310913 0 1 0,0.412786516096733 -0.572829236485247 0 -0.411575452897776 -0.372756598104123 0 0 1,20.2053,6.2489,4.173
-0.989626327559484 -0.524390711957696 0 0.930416246961592 0.950537639782204 1 0 0,0 -0.795509828747395 -1.00000000000000 -0.340707751943952 -0.293735543641703 0 1 0,0.143665346556254 -0.303609113135279 0 -0.135069741819568 -0.100983294454031 0 0 1,29.871,-3.2212,7.4235
-0.946592999723209 -0.702555709708521 0 0.827908892198115 0.860769983415329 1 0 0,0 -0.582265433488497 -1.00000000000000 -0.484809620246337 -0.440795688473780 0 1 0,0.322430911785791 -0.409123990643923 0 -0.282004429638777 -0.254507753662045 0 0 1,31.7067,-12.3632,7.1096
-0.897797101060790 -0.874621650647730 0 0.866265641134592 0.892580098196320 1 0 0,0 -0.396924918648988 -1.00000000000000 -0.262694424132390 -0.215200077859896 0 1 0,0.440409315667643 -0.278365905192671 0 -0.424941735440785 -0.396219250911591 0 0 1,36.4506,-13.2081,1.1216
-0.948212837213545 -0.638359016884751 0 0.927457689366837 0.946570011440570 1 0 0,0 -0.421555015623776 -1.00000000000000 -0.208082406612249 -0.169991003054753 0 1 0,0.317635664470223 -0.644041252067266 0 -0.310683032193233 -0.274058884770843 0 0 1,31.1053,-9.9106,14.1679
-0.998745710682166 -0.770601823939945 0 0.887902056781800 0.906927923960877 1 0 0,0 -0.404000972434755 -1.00000000000000 -0.457873915116956 -0.413201326131728 0 1 0,-0.0500700049328485 -0.492905714322936 0 0.0445130926595777 0.0821365011611435 0 0 1,33.2322,-18.1349,19.4636
-0.979994237456559 -0.486557197429236 0 0.966070043036917 0.964559130724716 1 0 0,0 -0.731265565430679 -1.00000000000000 0.167973243362908 0.213528343900021 0 1 0,0.199025864027610 -0.478030089476758 0 -0.196198015945104 -0.155020417000131 0 0 1,30.3124,7.3259,10.6442
-0.949862968197320 -0.747338043606677 0 0.880883796928863 0.904929598083906 1 0 0,0 -0.530473812922134 -1.00000000000000 -0.374121069756828 -0.353140349428813 0 1 0,0.312666502278988 -0.400104214401696 0 -0.289960620554234 -0.237474874706771 0 0 1,33.6074,-11.6192,7.2841
-0.994666875152874 -0.752046498172398 0 0.994654134330435 0.996673221277909 1 0 0,0 -0.370697623105300 -1.00000000000000 0.00506143321981206 0.0554110206810631 0 1 0,0.103139747302467 -0.544985629912123 0 -0.103138426171504 -0.0597671211838042 0 0 1,35.2288,-7.3118,16.3953
-0.998745710682166 -0.656209109748345 0 0.967541442386661 0.975503345286239 1 0 0,0 -0.557793947562697 -1.00000000000000 -0.248013628005925 -0.203948021056950 0 1 0,-0.0500700049328485 -0.508188465380421 0 0.0485056449052948 0.0824525805679310 0 0 1,32.3914,-8.0254,18.8023
-0.876558805544014 -0.839280712386013 0 0.868818189686698 0.891405144823886 1 0 0,0 -0.338013773831664 -1.00000000000000 -0.132602381688062 -0.0852334496306754 0 1 0,0.481294774980210 -0.425857457979666 0 -0.477044611792421 -0.445120350967649 0 0 1,35.5379,-11.2217,3.5036
-0.915030085854857 -0.176040455499645 0 0.914444458297777 0.929671649896648 1 0 0,0 -0.795501360080564 -1.00000000000000 -0.0357716163253495 0.0123947636893828 0 1 0,0.403385599619585 -0.579816646999248 0 -0.403127429175883 -0.368180652956574 0 0 1,21.9232,6.7636,5.2772
-0.930737046320651 -0.695912072821655 0 0.887268049176409 0.913766235806901 1 0 0,0 -0.408064584829423 -1.00000000000000 -0.302037146024729 -0.270711750169293 0 1 0,0.365689144775054 -0.590922737343096 0 -0.348610056269072 -0.302896706188044 0 0 1,32.052,-12.0247,11.082
-0.946592999723209 -0.653944761196141 0 0.862591935101847 0.889608257295031 1 0 0,0 -0.692584190249143 -1.00000000000000 -0.411832473287575 -0.370100343928984 0 1 0,0.322430911785791 -0.304439466431443 0 -0.293818255802953 -0.267624520506149 0 0 1,31.4146,-7.4219,3.7586
-0.946592999723209 -0.774748484069957 0 0.762592543280256 0.800597154264423 1 0 0,0 -0.549541020127374 -1.00000000000000 -0.592435080689858 -0.551618345946163 0 1 0,0.322430911785791 -0.312681073345780 0 -0.259756208975554 -0.234011531765697 0 0 1,32.1212,-16.5467,5.0582
-0.956049249417229 -0.716118239154717 0 0.811394104539399 0.845518321908327 1 0 0,0 -0.546259055316242 -1.00000000000000 -0.528882782801013 -0.486063221248276 0 1 0,0.293206126622130 -0.434483270143921 0 -0.248842538918416 -0.221000706485470 0 0 1,31.3784,-14.0099,8.9068
-0.831469612302545 -0.381227514166567 0 0.814135104595642 0.848178150065585 1 0 0,0 -0.517880709388746 -1.00000000000000 -0.203129096238182 -0.181623700940477 0 1 0,0.555570233019602 -0.765810128743013 0 -0.543987685271002 -0.497600901333596 0 0 1,24.0978,-5.4108,7.6835
-0.949862968197320 -0.613274992926280 0 0.884435917477728 0.911289561841039 1 0 0,0 -0.716245597445661 -1.00000000000000 -0.364714278885987 -0.318142732970097 0 1 0,0.312666502278988 -0.332995536292876 0 -0.291129872483062 -0.261412578002445 0 0 1,30.991,-5.4579,4.0216
-0.972206707841360 -0.571921378156457 0 0.951938108219168 0.968877721735317 1 0 0,0 -0.588307777846379 -1.00000000000000 -0.203129096238182 -0.168083955499943 0 1 0,0.234124149177877 -0.571664145922301 0 -0.229243120685378 -0.181724363332147 0 0 1,30.7763,-5.1355,13.3604
-0.853459850940365 -0.712002821724251 0 0.808166847169833 0.829326395734138 1 0 0,0 -0.597421671578742 -1.00000000000000 -0.321439465303162 -0.269540881434837 0 1 0,0.521158596621844 -0.368970633228129 0 -0.493500777386611 -0.489454229294176 0 0 1,31.7442,-7.7884,-0.2294
-0.999991942880066 -0.708018140929298 0 0.848688043565095 0.871056859943137 1 0 0,0 -0.582044606547651 -1.00000000000000 -0.528882782801013 -0.489786434537194 0 1 0,-0.00401424649846385 -0.399917976719990 0 0.00340687045673319 0.0370026389510941 0 0 1,31.7933,-13.663,14.2721
