-0.493790103568344 -0.717672255295550 0.421699285977971 0.877936008108638,-0.332870895456321 -1.00000000000000 -0.520264569962094 0.222433115051625,0.869581125380470 -0.611672707366535 -0.742626749752409 0.423971549746797,30.5193,-7.3327,3.8224
-0.965107956966894 -0.0204975533538968 0.659678897202646 0.925696897314847,-0.976772906261532 -1.00000000000000 -0.729923724600702 -0.00708893071163147,-0.261852308370936 -0.213294491020993 0.178983543518781 0.378199684509429,16.4708,7.0428,4.8519
-0.948212837213545 -0.0618575791229332 0.814815563235943 0.954382694370499,-0.904310078172983 -1.00000000000000 -0.511443073003786 -0.237746683020414,0.317635664470223 -0.422370598432020 -0.272949777404079 -0.180638277778818,18.2235,5.0622,-1.0893
-0.881468349704162 -0.424977975612281 0.710126940320184 0.917181801311704,-0.793441415723952 -1.00000000000000 -0.592435080689858 -0.302897638090701,0.472243103146908 -0.435711418324627 -0.380447636080835 -0.258902615246917,25.0904,-1.6137,-1.319
-0.926987583925750 -0.0436249273549787 0.832673831714435 0.953574864911058,-0.729501364024323 -1.00000000000000 -0.439468903432369 -0.243642188964519,0.375092014374474 -0.682586716542246 -0.336929329227884 -0.177012600586612,19.3215,0.8323,5.9898
-0.910827805970328 -0.142114638961084 0.687201842549256 0.989650429948225,-0.825409648296931 -1.00000000000000 -0.656322432357180 -0.143026676773317,0.412786516096733 -0.546353678390928 -0.311439387974069 -0.0116359887621937,20.2938,1.0312,5.245
-0.571573160039537 -0.887522148855003 0.302803023944216 0.929356581853495,-0.345061239787359 -1.00000000000000 -0.848140571598751 0.265103198704522,0.820551109147028 -0.305347631541835 -0.434704381733589 0.256937030811478,32.1191,-15.0794,-5.4311
-0.961836880762286 -0.334201951270578 0.620825009024442 0.851500160190601,-0.773715908460729 -1.00000000000000 -0.763796028634642 -0.524353829588911,0.273623490960619 -0.538212549799545 -0.176612385782396 -0.000733887474019063,25.1536,-6.4802,5.377
-0.961836880762286 -0.150503587205878 0.811024552745175 0.956601089569267,-0.801829618601673 -1.00000000000000 -0.537593974758933 -0.283977642074347,0.273623490960619 -0.578288797203661 -0.230720378699800 -0.0653533031818976,22.4634,1.0038,5.9101
-0.563237651907776 -0.666724868949463 0.439752120495724 0.864545203159731,-0.571401836315899 -1.00000000000000 -0.624833938241745 0.419813913304536,0.826294951862478 -0.478516343063787 -0.645136126829699 0.276256891116639,31.7642,-0.3731,-3.936
-0.881468349704162 -0.401901242212962 0.710126940320184 0.917371580630384,-0.799330309862187 -1.00000000000000 -0.592435080689858 -0.303736381401497,0.472243103146908 -0.446706220287225 -0.380447636080835 -0.257242285919004,24.5589,-1.3057,-1.239
-0.944948912157531 -0.0619106131645928 0.812010816423307 0.953222462915142,-0.895064718609340 -1.00000000000000 -0.511443073003786 -0.240714066888902,0.327217898979104 -0.441617736824924 -0.281183955957659 -0.182821427069686,18.2235,5.0622,-1.0893
-0.616898519672127 -0.676096223263188 0.528507769165027 0.808526855189795,-0.528604396306754 -1.00000000000000 -0.515785898285047 0.450407554350782,0.787042703051326 -0.513294544189225 -0.674273271798974 0.378704844728250,29.1681,0.7792,-0.4357
-0.965925826289068 -0.325896507293301 0.623464250349388 0.851411000798273,-0.773715908460729 -1.00000000000000 -0.763796028634642 -0.524353829588911,0.258819045102521 -0.543281841707245 -0.167056742390794 0.0123437885240667,23.7524,-6.2899,6.1198
-0.926987583925750 -0.0674649858116743 0.819769098728190 0.946486146586908,-0.764472959421420 -1.00000000000000 -0.466849741902997 -0.264194113145846,0.375092014374474 -0.641115878763650 -0.331707617120073 -0.185379192193045,19.4995,2.4269,4.6805
-0.969786918517233 -0.401476129859983 0.902987495832672 0.841370580848794,-0.806363823889877 -1.00000000000000 -0.364714278885987 -0.467493131887935,0.243953546137066 -0.434274453167977 -0.227149900168400 -0.271193136564649,26.7374,-0.7456,0.9069
-0.981958712696444 -0.395934801625239 0.943397919703278 0.894317887923697,-0.829781610849578 -1.00000000000000 -0.277482336674028 -0.387780365454179,0.189095442989892 -0.393316807621875 -0.181669804682695 -0.223208206632107,27.6718,2.3394,0.7281
-0.981958712696444 -0.372906369509774 0.951278928244443 0.905148481121551,-0.819960119661792 -1.00000000000000 -0.248013628005925 -0.357407772564403,0.189095442989892 -0.434288201248042 -0.183187447718018 -0.230143240686972,27.6584,2.3314,3.1735
-0.656322432357181 -0.734952669082012 0.608660212663727 0.975437283611078,-0.489661560076440 -1.00000000000000 -0.374121069756828 0.213632916468584,0.754480526445020 -0.469122724660332 -0.699690053297996 -0.0536943455362744,31.9065,-2.4985,-7.3975
-0.374121069756828 -0.743099142503884 0.302516708491717 0.929809620040038,-0.326905402965066 -1.00000000000000 -0.588349909417155 0.155506267307731,0.927379871015113 -0.583897698164875 -0.749885341350371 0.333574386470269,29.8579,-9.7267,0.5739
-0.484809620246337 -0.836737991304222 0.378518832712842 0.931304111526446,-0.266530863247207 -1.00000000000000 -0.624833938241745 0.151184004582958,0.874619707139396 -0.478362658288535 -0.682866050483562 0.331385045848779,32.1961,-13.3783,-1.9319
-0.897797101060790 -0.188443948703850 0.674379331854775 0.965402499261013,-0.828118782877827 -1.00000000000000 -0.660132778234689 -0.240073243454586,0.440409315667643 -0.527928176593982 -0.330812986243373 -0.101798095256174,20.2948,-0.1289,3.2728
-0.897797101060790 -0.209682493550924 0.754573365321681 0.974871816629940,-0.833625392046893 -1.00000000000000 -0.541854908579440 -0.136030411092044,0.440409315667643 -0.510981367207191 -0.370151718077168 -0.176410511021225,22.3009,3.576,0.3582
-0.421035813367491 -0.398661172458266 0.271760802545154 0.939412252383196,-0.731984079505991 -1.00000000000000 -0.763796028634642 0.320926575446607,0.907044014291465 -0.552511155474682 -0.585458532128419 0.120460587930007,23.222,4.1116,-1.6182
-0.992353495298594 -0.00341800483594011 0.648161960168902 0.982610943224359,-0.940658545323735 -1.00000000000000 -0.757223096347149 -0.0507471509868053,0.123428280262926 -0.339337322368725 -0.0806179616986411 0.178607001325418,19.2414,-0.1799,4.0703
-0.421035813367491 -0.736051984562585 0.342985022558643 0.911412635772023,-0.312820705349126 -1.00000000000000 -0.579992284871487 0.160103165194364,0.907044014291465 -0.600308822462535 -0.738897979284014 0.379069893093398,29.8689,-9.4721,2.8247
-0.628777687500513 -0.741804486861411 0.546773209110825 0.936384327654662,-0.396783575083635 -1.00000000000000 -0.493790103568344 0.230092977196138,0.777585120550482 -0.540637492055562 -0.676173344207396 0.265031342991247,32.0889,-5.4066,1.2266
-0.584108010358434 -0.716794706215209 0.475827216471511 0.843213400536293,-0.528060807419499 -1.00000000000000 -0.579992284871487 0.433680884535653,0.811675940406706 -0.455364834840502 -0.661209051325317 0.317666572910015,29.9027,-0.7327,-3.4288
-0.959017781309192 -0.137368556342715 0.838775851030119 0.966423214264041,-0.870378542181469 -1.00000000000000 -0.484809620246337 -0.220243395166950,0.283345893093221 -0.472833028709267 -0.247819902036344 -0.132359426626493,19.9184,4.7051,0.5524
-0.959017781309192 -0.137925006621247 0.841118375094208 0.967617438796917,-0.863060727841268 -1.00000000000000 -0.480376581013968 -0.217366894613448,0.283345893093221 -0.485904180478651 -0.248512010760465 -0.128328193559327,20.1511,4.7078,1.8206
-0.905272431289101 -0.219082982612028 0.734787851990847 0.872658386901006,-0.923809222122574 -1.00000000000000 -0.584108010358434 -0.105138010396592,-0.424831525605056 -0.313973196071103 0.344825528059899 0.476878746162145,21.5147,-3.5604,10.5088
-0.507087145435631 -0.833242650923809 0.402299280650105 0.928899063323165,-0.258431516255329 -1.00000000000000 -0.608761429008721 0.145794972678761,0.861894788784538 -0.488794267649933 -0.683787109661822 0.340426726475679,32.3939,-12.7741,-0.17
-0.893214491985374 -0.619721529660366 0.429899467929163 0.717786244282690,-0.645373046676262 -1.00000000000000 -0.876558805544014 -0.690710209950073,0.449630816678874 -0.446585777090154 -0.216404962737627 -0.0877628246427696,26.6731,-16.2242,0.521
-0.620874181818246 -0.602338832232026 0.543028795072286 0.946046033614779,-0.459024988386493 -1.00000000000000 -0.484809620246337 0.219945841032961,0.783910231054248 -0.653057418013255 -0.685623336708242 0.237951106940160,29.1235,-2.9698,3.5686
-0.636751347470152 -0.751861396511529 0.555291284308468 0.921376962619443,-0.389274587977544 -1.00000000000000 -0.489382451748846 0.248923199212877,0.771069206683126 -0.532136951912425 -0.672425762066966 0.298499135087184,32.7038,-5.9523,0.8273
-0.934453296747047 -0.380713549234739 0.603150064204372 0.848539809754406,-0.775700632770968 -1.00000000000000 -0.763796028634642 -0.523597344592941,0.356085714679170 -0.503334602176135 -0.229838262028347 -0.0763283171383839,24.4312,-6.0499,2.5206
-0.897797101060790 -0.286039928962580 0.715027502667275 0.931922924045998,-0.811100881009694 -1.00000000000000 -0.604738126349700 -0.303944422072912,0.440409315667643 -0.510192630154906 -0.350752717692186 -0.197831877937609,23.7508,-0.9149,1.1105
-0.961836880762286 -0.369039863984867 0.794760959089029 0.986047007607749,-0.804668265849328 -1.00000000000000 -0.563237651907776 0.128597221352182,0.273623490960619 -0.465100592049792 -0.226093709291747 0.105707395428617,27.3521,2.699,5.5035
-0.959017781309192 -0.122210857687363 0.838775851030119 0.970179532458223,-0.816541190742962 -1.00000000000000 -0.484809620246337 -0.224161970168876,0.283345893093221 -0.564202968871474 -0.247819902036344 -0.0922121788548120,21.8062,2.6672,4.7675
-0.943280616635189 -0.321008993796077 0.838592637419919 0.985156169304502,-0.764844487165369 -1.00000000000000 -0.457873915116956 -0.139581772751971,0.331996503415830 -0.558539288103151 -0.295150582450001 -0.0999212229543681,28.2331,0.6463,5.0195
-0.866548527612819 -0.326991712337061 0.627008326780883 0.924468914528157,-0.838012222874488 -1.00000000000000 -0.690251240234437 -0.314852116748423,0.499092826327985 -0.436820254081512 -0.361128486140679 -0.215000861975407,23.4026,-1.256,-3.4735
-0.567412674039288 -0.690711137432770 0.446578004721462 0.860717038865283,-0.555245242925623 -1.00000000000000 -0.616898519672127 0.422410899888850,0.823433577976745 -0.463271890831717 -0.648077388994043 0.284139421168678,29.1784,-0.9953,-3.4703
-0.980989040697711 -0.410181702056476 0.938174529266475 0.887270754327661,-0.827075917448465 -1.00000000000000 -0.292204793604068 -0.402111191299320,0.194063139289730 -0.384312890851755 -0.185593402981981 -0.225958399593079,27.124,1.5962,-0.1619
-0.546248162194184 -0.631941247468828 0.421195137075186 0.873511164417390,-0.596888227011428 -1.00000000000000 -0.636751347470152 0.415791595592649,0.837623391089024 -0.494342699149785 -0.645865603666244 0.253171077875601,27.707,0.4629,-2.4031
-0.959017781309192 -0.203392936266344 0.717151665617152 0.998866626357961,-0.910536984290128 -1.00000000000000 -0.663926212652242 0.0469790965059591,0.283345893093221 -0.359935707754586 -0.211885517805712 0.00764377130406149,24.3967,3.3741,1.4143
-0.462367751040992 -0.397204269823276 0.331251224173804 0.917867197545877,-0.684681534971446 -1.00000000000000 -0.697665430940846 0.347152192348118,0.886688255700557 -0.611097343885000 -0.635244498562151 0.192367260772650,20.9383,3.3854,2.0499
-0.895478827032412 -0.317332629800253 0.778691486165228 0.927927856283006,-0.674353066615427 -1.00000000000000 -0.493790103568344 -0.299498256207576,0.445104111794820 -0.666744286522521 -0.387054134446014 -0.221924960431778,25.0749,-3.327,4.5997
-0.828646980262559 -0.402366972447481 0.760264661954244 0.980699521938758,-0.638135926299995 -1.00000000000000 -0.397788507397950 -0.0298948643323696,0.559771544562371 -0.656417061820224 -0.513577596051182 -0.193222008983555,26.951,0.3062,1.8443
-0.636751347470152 -0.669782861778534 0.580245762596590 0.769571389484398,-0.480896368085556 -1.00000000000000 -0.411832473287575 0.437945314838871,0.771069206683126 -0.565799965738668 -0.702644197965472 0.464719030918398,31.5252,1.1055,2.763
-0.969786918517233 -0.464927922207948 0.911763844545673 0.857259675806897,-0.687037065889089 -1.00000000000000 -0.340707751943952 -0.426914695884338,0.243953546137066 -0.558410330532945 -0.229357623689713 -0.287836221962137,25.0955,-8.4168,0.6994
-0.926987583925750 -0.0674649858116743 0.819769098728190 0.946486146586908,-0.764472959421420 -1.00000000000000 -0.466849741902997 -0.264194113145846,0.375092014374474 -0.641115878763650 -0.331707617120073 -0.185379192193045,19.8063,1.8906,5.2772
-0.828646980262559 -0.397759968016468 0.760264661954244 0.980699521938758,-0.639113263932992 -1.00000000000000 -0.397788507397950 -0.0298948643323696,0.559771544562371 -0.658271405811050 -0.513577596051182 -0.193222008983555,27.5246,0.3654,1.6072
-0.985615113141945 -0.0667392807008559 0.670046179831132 0.991173272806489,-0.932901474721659 -1.00000000000000 -0.733374009306027 -0.0411431144659674,0.169005469574779 -0.353893637797696 -0.114894209462917 0.126026931273095,19.2414,-0.1799,4.0703
-0.866548527612819 -0.453422254174547 0.510445026764107 0.863292097918887,-0.802992253211678 -1.00000000000000 -0.808092705754885 -0.476705611712366,0.499092826327985 -0.386796717542051 -0.293993288286551 -0.165766442420494,24.0981,-7.0674,-3.8361
-0.444166124675779 -0.729461680566695 0.372043935557796 0.898972960807598,-0.298742412472883 -1.00000000000000 -0.546248162194184 0.165778743612363,0.895944447881955 -0.615336190691475 -0.750464026662266 0.405419565269273,30.1004,-9.5715,2.8583
-0.949862968197320 -0.240435189441397 0.716653112296143 0.998131940953294,-0.904570260841245 -1.00000000000000 -0.656322432357180 0.0566516472375215,0.312666502278988 -0.352056192787291 -0.235900787241174 -0.0228739877171683,24.3967,3.3741,1.4143
-0.828646980262559 -0.397759968016468 0.760264661954244 0.980699521938758,-0.639113263932992 -1.00000000000000 -0.397788507397950 -0.0298948643323696,0.559771544562371 -0.658271405811050 -0.513577596051182 -0.193222008983555,27.7163,0.4037,1.6268
-0.881468349704162 -0.380756404220473 0.712760989284705 0.918213629597455,-0.783973633571370 -1.00000000000000 -0.588349909417155 -0.311126300239366,0.472243103146908 -0.490316125076465 -0.381858817159842 -0.245120696231124,25.4543,-1.7954,-0.861
-0.900925590851270 -0.419834472840396 0.824754141625393 0.882938373795701,-0.825080356003665 -1.00000000000000 -0.402427161348656 -0.113312787409064,-0.433973593377857 -0.378128842528169 0.397281997680017 0.455609526117038,26.5921,5.339,12.8329
-0.902209248913282 -0.432306954116467 0.575211139307528 0.834554073122682,-0.771598498780419 -1.00000000000000 -0.770401979567243 -0.532014370360680,0.431298587031457 -0.466633104378961 -0.274978062934862 -0.143109079949770,25.154,-6.772,0.005
-0.828646980262559 -0.402366972447481 0.760264661954244 0.980699521938758,-0.638135926299995 -1.00000000000000 -0.397788507397950 -0.0298948643323696,0.559771544562371 -0.656417061820224 -0.513577596051182 -0.193222008983555,27.3394,0.3769,1.6368
-0.921117476594327 -0.298351963162012 0.784203418101455 0.964720287191001,-0.787444354350766 -1.00000000000000 -0.524580395802744 -0.212843170507769,0.389284721396178 -0.539367680602461 -0.331421796774793 -0.154959840766286,25.2222,-0.1038,2.778
-0.616898519672127 -0.555445148773447 0.548433358545697 0.942979360065187,-0.467023524661157 -1.00000000000000 -0.457873915116956 0.232084413158252,0.787042703051326 -0.688018687331320 -0.699694454093897 0.238593276644670,28.8986,-2.7165,3.5837
-0.421035813367491 -0.382995328452732 0.278270576083273 0.936628085387627,-0.727270546164603 -1.00000000000000 -0.750457228874008 0.326704854095737,0.907044014291465 -0.569554326701873 -0.599482638711938 0.126458562277893,23.222,4.1116,-1.6182
-0.533319268710662 -0.846615680573132 0.291714396765957 0.935118005873425,-0.422867637454630 -1.00000000000000 -0.837146380758040 0.273290247354562,0.845914036780289 -0.323148341479934 -0.462697144904946 0.225536595239424,31.7301,-10.6273,-5.2283
-0.936243631273849 -0.319096517756827 0.825731678259022 0.980801396392909,-0.769769961510589 -1.00000000000000 -0.471319772882119 -0.154179345395818,0.351351480570605 -0.552839595824551 -0.309878794385622 -0.119404146858626,26.6985,0.53,4.2939
-0.866548527612819 -0.426163298155356 0.538728670332607 0.879490706192188,-0.819337137548986 -1.00000000000000 -0.783259623423437 -0.437737247691925,0.499092826327985 -0.383499019996640 -0.310283389945766 -0.186767769448223,23.2219,-5.1725,-3.5045
-0.466849741902997 -0.540707220090282 0.327741950228993 0.913012984502319,-0.679585092669684 -1.00000000000000 -0.712148583971874 0.383350906219861,0.884336654495959 -0.495782012545208 -0.620829774098304 0.139461008280380,25.6284,2.2105,-3.1426
-0.421035813367491 -0.342140569205924 0.286230836517573 0.932509495251171,-0.726548249582093 -1.00000000000000 -0.733374009306027 0.336933628940909,0.907044014291465 -0.595875382888606 -0.616631551820739 0.130006811187401,19.9291,4.48,0.1607
-0.959017781309192 -0.107844484256685 0.826572428062102 0.959000505011368,-0.916928618968338 -1.00000000000000 -0.507087145435631 -0.232708721251569,0.283345893093221 -0.384202387983503 -0.244214348680548 -0.161755007469324,20.932,5.3997,-2.335
-0.969786918517233 -0.440680442007634 0.906581712062879 0.845473173548811,-0.737261042371692 -1.00000000000000 -0.355106962408137 -0.452318889132427,0.243953546137066 -0.512100481773804 -0.228054038776789 -0.283870983623388,27.2637,-1.4108,2.5794
-0.866548527612819 -0.639666630179503 0.420904503563580 0.717227829186385,-0.675135886085642 -1.00000000000000 -0.874111536221195 -0.680792535945051,0.499092826327985 -0.367448142673432 -0.242421989771801 -0.148680072780759,26.7128,-16.152,-3.1424
-0.926987583925750 -0.410759364418010 0.746798063604806 0.994030025066311,-0.823962453948564 -1.00000000000000 -0.592435080689858 0.106006753012150,0.375092014374474 -0.390336545849825 -0.302180951358805 -0.0258239730190927,26.8608,1.7446,0.8873
-0.904455145454368 -0.302083716520522 0.742151672776318 0.945420768829637,-0.799174838555575 -1.00000000000000 -0.571573160039537 -0.265809356069170,0.426568739901458 -0.519677790205450 -0.350021452653592 -0.188480651770074,24.4426,-0.6511,1.6634
-0.895478827032412 -0.517306553288526 0.527486573764607 0.795714769043730,-0.739459854589376 -1.00000000000000 -0.808092705754885 -0.587804435465392,0.445104111794820 -0.430805122271550 -0.262190948363640 -0.146027230244552,26.4763,-10.0687,-1.8936
-0.866548527612819 -0.487543419849429 0.488822309489044 0.842108522523628,-0.787802312676586 -1.00000000000000 -0.825704677813596 -0.514848553475346,0.499092826327985 -0.376389332876141 -0.281539579424531 -0.160574603463361,24.188,-7.8991,-3.9179
-0.421035813367491 -0.315322973813373 0.294057847769732 0.929442949766013,-0.717059907479449 -1.00000000000000 -0.715692733703736 0.340572338060310,0.907044014291465 -0.621608004510122 -0.633493404139859 0.141937611922937,20.0609,4.6263,0.5808
-0.908726847668595 -0.299294490012062 0.750876406850463 0.949681840708188,-0.797177101007551 -1.00000000000000 -0.563237651907776 -0.256326011570591,0.417391322773124 -0.524339086734544 -0.344888342958635 -0.180003825574405,24.429,-0.3806,2.3161
-0.636751347470152 -0.680236726095595 0.578911045805537 0.772633318620858,-0.465934634794678 -1.00000000000000 -0.416439477557085 0.424807010594433,0.771069206683126 -0.565847075250458 -0.701027932807475 0.471780413653155,30.6761,-0.2612,2.7319
-0.946592999723209 -0.405042700318916 0.773884385319722 0.991749571036892,-0.814538624999214 -1.00000000000000 -0.575861700985407 0.123547070015764,0.322430911785791 -0.415291752028318 -0.263602464890810 0.0341893234601058,28.312,2.145,3.0632
-0.968539741803012 -0.402982851376948 0.901826225293205 0.840159161528773,-0.816067283963225 -1.00000000000000 -0.364714278885987 -0.468568944037764,0.248858933028644 -0.414293385828196 -0.231717401483110 -0.273085568975376,26.4073,0.127,-0.3351
-0.628777687500513 -0.801886295525908 0.519555829025436 0.870374344888750,-0.241138794443033 -1.00000000000000 -0.563237651907776 0.177248742061573,0.777585120550482 -0.546653867508772 -0.642514659754239 0.459381522481117,33.839,-13.912,2.0555
-0.632840475938601 -0.744004351294736 0.584414434776937 0.981826181989834,-0.455577557139883 -1.00000000000000 -0.383650706742656 0.184677273605727,0.774282204376289 -0.488780742956344 -0.715032798996112 -0.0437224538746497,31.9615,-2.8632,-6.8924
-0.881468349704162 -0.334165442672667 0.725830637070155 0.926446908969849,-0.757439974039316 -1.00000000000000 -0.567412674039288 -0.300715995349742,0.472243103146908 -0.560908319291754 -0.388860828099100 -0.226419996910665,24.1152,-1.8329,2.2326
-0.968539741803012 -0.421904860891925 0.901826225293205 0.841829240609961,-0.860032334163616 -1.00000000000000 -0.364714278885987 -0.474467370635240,0.248858933028644 -0.286950644796013 -0.231717401483110 -0.257301853581623,26.8068,0.4896,-4.043
-0.969786918517233 -0.470569966733750 0.915061822367216 0.866601635896995,-0.661697997512454 -1.00000000000000 -0.331173209478893 -0.408191162557308,0.243953546137066 -0.583711972205647 -0.230187242412428 -0.287021914617621,29.5093,-3.9134,5.6049
-0.828646980262559 -0.402366972447481 0.760264661954244 0.980699521938758,-0.638135926299995 -1.00000000000000 -0.397788507397950 -0.0298948643323696,0.559771544562371 -0.656417061820224 -0.513577596051182 -0.193222008983555,27.8085,0.3977,1.5619
-0.546248162194184 -0.651741847261223 0.424754443050244 0.871164717687075,-0.585080574542377 -1.00000000000000 -0.628777687500513 0.418499270951240,0.837623391089024 -0.482610905203862 -0.651323485535862 0.256769147037723,28.1383,0.1802,-2.3839
-0.926987583925750 -0.0674649858116743 0.819769098728190 0.946486146586908,-0.764472959421420 -1.00000000000000 -0.466849741902997 -0.264194113145846,0.375092014374474 -0.641115878763650 -0.331707617120073 -0.185379192193045,20.0431,2.1547,4.6909
-0.828646980262559 -0.397759968016468 0.760264661954244 0.980699521938758,-0.639113263932992 -1.00000000000000 -0.397788507397950 -0.0298948643323696,0.559771544562371 -0.658271405811050 -0.513577596051182 -0.193222008983555,27.0375,0.3005,1.8311
-0.392979177487582 -0.731582259305382 0.317765495957224 0.923272076467077,-0.330746749763867 -1.00000000000000 -0.588349909417155 0.159683772013751,0.919547370210575 -0.596149297903026 -0.743551930713575 0.349384839069517,29.69,-9.4617,1.6753
-0.374121069756828 -0.744230013322474 0.301398740709063 0.930515827120625,-0.332061982889988 -1.00000000000000 -0.592435080689858 0.159471420047594,0.927379871015113 -0.579531299231714 -0.747114097221430 0.329710724220524,29.5379,-9.4444,0.9155
-0.828646980262559 -0.397759968016468 0.760264661954244 0.980699521938758,-0.639113263932992 -1.00000000000000 -0.397788507397950 -0.0298948643323696,0.559771544562371 -0.658271405811050 -0.513577596051182 -0.193222008983555,27.4323,0.3716,1.6715
-0.507087145435631 -0.741070467666610 0.327303296367421 0.923441611475465,-0.526007500448455 -1.00000000000000 -0.763796028634642 0.308970686810471,0.861894788784538 -0.417289673277881 -0.556316617430191 0.227580106528366,28.5991,-3.6921,-2.2382
-0.546248162194184 -0.649647233101811 0.422950231160210 0.872359729559522,-0.587209979248123 -1.00000000000000 -0.632840475938601 0.417128014365101,0.837623391089024 -0.482848747326303 -0.648556885689552 0.254936701701944,27.9553,0.1912,-2.4325
-0.616898519672127 -0.747119724097536 0.573260093640272 0.986193234589378,-0.415076745522487 -1.00000000000000 -0.369422406302939 0.164068895152244,0.787042703051326 -0.519156443849908 -0.731368546466754 -0.0224566625673005,33.8045,-4.8284,-5.8407
-0.921117476594327 -0.208309943144855 0.818889226014443 0.993325489975602,-0.784716214938097 -1.00000000000000 -0.457873915116956 -0.0585270366796492,0.389284721396178 -0.583804273365838 -0.346080790239701 -0.0993934451673203,24.7962,3.9024,3.176
-0.541854908579440 -0.599035525707791 0.417807634495707 0.874824785149397,-0.612784088972583 -1.00000000000000 -0.636751347470152 0.415791595592649,0.840472044775058 -0.515414492658125 -0.648062112804049 0.248593934605876,27.707,0.4629,-2.4031
-0.881468349704162 -0.383678548136958 0.710126940320184 0.915938146087311,-0.798315478265064 -1.00000000000000 -0.592435080689858 -0.310533143661460,0.472243103146908 -0.464201646767800 -0.380447636080835 -0.254217385774204,25.4543,-1.7954,-0.861
-0.866548527612819 -0.600433519149475 0.432488153796635 0.753897526493213,-0.709187483250202 -1.00000000000000 -0.866548527612819 -0.640661854901500,0.499092826327985 -0.369503318906639 -0.249093649292056 -0.145570969707507,25.8411,-12.5696,-3.7206
-0.520264569962094 -0.783246456607318 0.327554217499433 0.923117752523359,-0.486506224157310 -1.00000000000000 -0.776926239857518 0.303301377843650,0.854005138885099 -0.387087434655632 -0.537674485557194 0.236351198800357,30.5044,-7.2623,-3.738
-0.915872927176610 -0.151861193830414 0.717962157959346 0.877920977971550,-0.944621552411832 -1.00000000000000 -0.620874181818246 -0.0811983696812046,-0.401468281767002 -0.290909436985914 0.314715093520922 0.471870301246636,21.0745,6.0276,10.2344
-0.926987583925750 -0.0674649858116743 0.819769098728190 0.946486146586908,-0.764472959421420 -1.00000000000000 -0.466849741902997 -0.264194113145846,0.375092014374474 -0.641115878763650 -0.331707617120073 -0.185379192193045,19.5372,2.143,4.7738
-0.853459850940365 -0.341630029339382 0.789798807869926 0.984276022165324,-0.640332857026336 -1.00000000000000 -0.378971668860393 -0.0367038279232152,0.521158596621844 -0.687940953328163 -0.482284477552837 -0.172781773362206,25.4953,0.4656,4.3484
-0.949862968197320 -0.0596538645481286 0.818681942348684 0.955868179009687,-0.911067335431567 -1.00000000000000 -0.507087145435631 -0.230603929934328,0.312666502278988 -0.407918774701652 -0.269485628941749 -0.182038050570610,18.5082,5.2585,-1.2236
-0.567412674039288 -0.712511181276892 0.450158740272651 0.858241324555481,-0.540991560168491 -1.00000000000000 -0.608761429008721 0.425008249199769,0.823433577976745 -0.446828768525337 -0.653273779595814 0.287732196560274,29.1784,-0.9953,-3.4703
-0.928874213198540 -0.0327716790588412 0.838457977161329 0.956658521870995,-0.721324472287575 -1.00000000000000 -0.430353559402116 -0.235787682853646,0.370395324018531 -0.691821525200478 -0.334341194656689 -0.170905357277387,19.1261,1.3356,6.8861
-0.923076016496914 -0.140435720180891 0.696442878875364 0.994511266295266,-0.823050803887099 -1.00000000000000 -0.656322432357180 -0.0939528485652512,0.384617560400183 -0.550331884155439 -0.290186459450729 0.0460456670954070,21.793,2.0073,6.7438
-0.828646980262559 -0.397759968016468 0.760264661954244 0.980699521938758,-0.639113263932992 -1.00000000000000 -0.397788507397950 -0.0298948643323696,0.559771544562371 -0.658271405811050 -0.513577596051182 -0.193222008983555,27.648,0.4073,1.5875
-0.981958712696444 -0.375847631756094 0.950034086075943 0.903581773894086,-0.830571023788582 -1.00000000000000 -0.252913747716370 -0.363446434378735,0.189095442989892 -0.410962689481809 -0.182947728900657 -0.226818577774837,27.8676,2.6919,1.2495
-0.828646980262559 -0.397759968016468 0.760264661954244 0.980699521938758,-0.639113263932992 -1.00000000000000 -0.397788507397950 -0.0298948643323696,0.559771544562371 -0.658271405811050 -0.513577596051182 -0.193222008983555,27.4076,0.3731,1.6754
-0.934453296747047 -0.417417708922158 0.755604958990662 0.994008696153507,-0.816064860234242 -1.00000000000000 -0.588349909417155 0.109283695318464,0.356085714679170 -0.399750672506056 -0.287933204124752 -0.00194574118177968,27.9008,1.9925,1.4974
-0.930737046320651 -0.385876332058855 0.600751381797147 0.847708849133748,-0.775700632770968 -1.00000000000000 -0.763796028634642 -0.523597344592941,0.365689144775054 -0.499387609653587 -0.236036869812256 -0.0850619059012756,24.9765,-6.2214,2.3548
-0.550480740084996 -0.723741662112919 0.474456481205513 0.848916399185489,-0.343197645560908 -1.00000000000000 -0.507087145435631 0.261817038362483,0.834847863263407 -0.598676358814576 -0.719551022774637 0.459121754676296,31.2951,-6.7581,4.0598
-0.462367751040992 -0.295649175094902 0.342578356702909 0.912050313625183,-0.686039539216292 -1.00000000000000 -0.671591284299566 0.356009649337742,0.886688255700557 -0.664786669464425 -0.656966678281018 0.203522369764660,18.7338,4.7639,2.915
-0.938070461122187 -0.0571947692852365 0.806100045407989 0.950893262805046,-0.871364459557023 -1.00000000000000 -0.511443073003786 -0.248516886686859,0.346444526540696 -0.487291223999885 -0.297705726968231 -0.184503007518696,19.5258,4.9113,-0.5919
-0.893214491985374 -0.518251944332763 0.515005079689088 0.787176572483571,-0.746998517890480 -1.00000000000000 -0.817044279471490 -0.598359037186877,0.449630816678874 -0.416423025858005 -0.259245854889427 -0.149397143044339,26.4763,-10.0687,-1.8936
-0.949862968197320 -0.392765301767337 0.782149062490331 0.990089799680449,-0.817064685302444 -1.00000000000000 -0.567412674039288 0.133093901189808,0.312666502278988 -0.422067195786680 -0.257460096685061 0.0448129672617879,27.4386,2.5146,4.5472
-0.866548527612819 -0.449776530192138 0.514104521469073 0.865445145796638,-0.804027731483635 -1.00000000000000 -0.804997356230302 -0.472348947614315,0.499092826327985 -0.388896489947648 -0.296100992006578 -0.167006500785704,23.5399,-5.752,-3.6725
-0.563237651907776 -0.718680223788229 0.491182249305591 0.839448118609491,-0.354093405484026 -1.00000000000000 -0.489382451748846 0.280549522570422,0.826294951862478 -0.598428438602667 -0.720586437485045 0.465423271386911,31.2951,-6.7581,4.0598
-0.959017781309192 -0.370355961216088 0.795248920628170 0.986611521425398,-0.810418463680206 -1.00000000000000 -0.558903480703367 0.136501601765344,0.283345893093221 -0.453936532698043 -0.234959684834208 0.0892469523634094,27.3521,2.699,5.5035
-0.941529364693846 -0.370356619405800 0.607717366659490 0.849921442061837,-0.775700632770968 -1.00000000000000 -0.763796028634642 -0.523597344592941,0.336930935681487 -0.511003427367201 -0.217474662667640 -0.0589861259852524,24.2757,-5.8667,3.1498
-0.902209248913282 -0.224500403320894 0.768105692073566 0.979591546114928,-0.820574919054401 -1.00000000000000 -0.524580395802744 -0.120127554042816,0.431298587031457 -0.525600961878513 -0.367190759883232 -0.161151399434985,22.3009,3.576,0.3582
-0.998059468658570 0.0517978758106385 0.632421335687035 0.969185668104378,-0.946135031930833 -1.00000000000000 -0.773619070953025 -0.0542957640293943,0.0622679453729828 -0.319602067287976 -0.0394561430654996 0.240272992135059,16.9651,4.716,5.3418
-0.928874213198540 -0.0614560917831739 0.800591843792160 0.948550336976353,-0.840068831532215 -1.00000000000000 -0.507087145435631 -0.253917809235419,0.370395324018531 -0.538987483222790 -0.319241799561732 -0.189150745108583,19.164,3.6307,2.1718
-0.928874213198540 -0.0604808535486853 0.810042659285010 0.949098265571906,-0.814918516209151 -1.00000000000000 -0.489382451748846 -0.254328741755708,0.370395324018531 -0.576411205905557 -0.323010380729100 -0.185820809936236,18.9685,3.193,2.6902
-0.493790103568344 -0.542139554032152 0.372555017293585 0.892631096841182,-0.652708183936720 -1.00000000000000 -0.656322432357180 0.408854215608963,0.869581125380470 -0.529203864853469 -0.656082025263710 0.189862990945809,25.1229,2.4709,-1.8303
-0.876558805544014 -0.652406828685938 0.425766748352998 0.717544263849192,-0.631637626880637 -1.00000000000000 -0.874111536221195 -0.686657484242572,0.481294774980210 -0.418806922331227 -0.233777026762550 -0.116754994543201,27.1224,-17.1486,-1.4945
-0.888617232654949 -0.226816265797316 0.729155855862181 0.966200463690875,-0.837720613576690 -1.00000000000000 -0.571573160039537 -0.170031193996381,0.458649554484315 -0.496768110045780 -0.376345400641895 -0.193768049563656,22.1869,3.1514,-0.4948
-0.828646980262559 -0.402366972447481 0.760264661954244 0.980699521938758,-0.638135926299995 -1.00000000000000 -0.397788507397950 -0.0298948643323696,0.559771544562371 -0.656417061820224 -0.513577596051182 -0.193222008983555,26.951,0.3062,1.8443
-0.881468349704162 -0.194745836014336 0.653099136017609 0.938131476053172,-0.846303838302640 -1.00000000000000 -0.671591284299566 -0.299084872607462,0.472243103146908 -0.495826454144286 -0.349895220581695 -0.174520980445544,23.0782,-0.5124,0.5129
-0.926987583925750 -0.0497001815832474 0.813025895369453 0.950828791443504,-0.795636498130033 -1.00000000000000 -0.480376581013968 -0.250279091445709,0.375092014374474 -0.603732105154240 -0.328979078167638 -0.182441732471484,18.7195,2.8541,3.6568
-0.979364144219022 0.0292156304929808 0.650992102961351 0.933041716504393,-0.974013107764598 -1.00000000000000 -0.747102418695393 -0.00695214400418298,-0.202103619507773 -0.224599449771470 0.134340082854863 0.359701018842429,14.4572,5.6421,5.7301
-0.888617232654949 -0.632679996958287 0.431623830922704 0.719959912084982,-0.636909447710197 -1.00000000000000 -0.874111536221195 -0.687256561496119,0.458649554484315 -0.440525114909870 -0.222777671288287 -0.0966237220930526,26.6142,-16.0127,0.2688
-0.374121069756828 -0.744230013322474 0.301398740709063 0.930515827120625,-0.332061982889988 -1.00000000000000 -0.592435080689858 0.159471420047594,0.927379871015113 -0.579531299231714 -0.747114097221430 0.329710724220524,30.0977,-9.8718,0.0094
-0.462367751040992 -0.449442276854990 0.329614274145735 0.918678114934714,-0.673358889689626 -1.00000000000000 -0.701282625265534 0.345863040496538,0.886688255700557 -0.587017414947254 -0.632105299598146 0.190812154640342,20.9383,3.3854,2.0499
-0.374121069756828 -0.743602465703410 0.302516708491717 0.930213650835035,-0.330746749763867 -1.00000000000000 -0.588349909417155 0.159683772013751,0.927379871015113 -0.581086878633864 -0.749885341350371 0.330459765713795,29.5379,-9.4444,0.9155
-0.941529364693846 -0.283788406514987 0.710365570737658 0.997216651479861,-0.896550188880136 -1.00000000000000 -0.656322432357180 0.0566516472375215,0.336930935681487 -0.340091015974660 -0.254207829728581 -0.0484720628462221,25.7064,2.9437,-0.4843
-0.921117476594327 -0.414176309662902 0.733600418373180 0.994336379459543,-0.829738379704758 -1.00000000000000 -0.604738126349700 0.0945280735054410,0.389284721396178 -0.374155323039702 -0.310035844220874 -0.0485757944107665,26.8608,1.7446,0.8873
-0.968539741803012 -0.164296072977852 0.717612230527122 0.998373370759541,-0.915930426687993 -1.00000000000000 -0.671591284299566 0.0371348442260936,0.248858933028644 -0.366166975396755 -0.184385014170752 0.0432621763499691,22.5564,3.6384,3.0231
-0.636751347470152 -0.661394668217180 0.584204805501030 0.765278650322516,-0.481896746168014 -1.00000000000000 -0.397788507397950 0.439916272913073,0.771069206683126 -0.574745699319766 -0.707438370892910 0.469917290793624,31.5252,1.1055,2.763
-0.952979341517219 -0.0545714802961057 0.821367928273012 0.956906216299581,-0.919834336828087 -1.00000000000000 -0.507087145435631 -0.227901350586673,0.303035269632774 -0.388492916705473 -0.261184519714405 -0.179976297350487,18.7813,5.3254,-1.3499
-0.831469612302545 -0.398178764042991 0.766219726390720 0.978707509320501,-0.636534602288401 -1.00000000000000 -0.388319916157409 -0.0350877046261069,0.555570233019602 -0.660512961231454 -0.511971653126649 -0.202238631778728,26.6492,0.0494,2.6052
-0.881468349704162 -0.365647074135367 0.720641914940277 0.923163216775087,-0.768687411771182 -1.00000000000000 -0.575861700985407 -0.303396667121811,0.472243103146908 -0.524806516880999 -0.386080991204442 -0.236051133386074,24.0839,-1.5524,1.3382
-0.588349909417155 -0.791094857193404 0.482771170738800 0.893056981158104,-0.268363919059070 -1.00000000000000 -0.571573160039537 0.171164095799513,0.808606445737867 -0.549681484015429 -0.663502915913643 0.416115465602890,33.8797,-13.1411,1.1336
-0.866548527612819 -0.382406265202590 0.579271950248536 0.901323375544499,-0.828691054032349 -1.00000000000000 -0.743728469045065 -0.384550100468134,0.499092826327985 -0.408701095301395 -0.333634488605631 -0.199342401227180,22.9448,-3.316,-3.3135
-0.961836880762286 -0.143643270708704 0.818870327310074 0.960689648330356,-0.800640097259961 -1.00000000000000 -0.524580395802744 -0.269538431149773,0.273623490960619 -0.581671767786323 -0.232952345750218 -0.0665164169526238,22.2413,1.6816,5.5694
-0.444166124675779 -0.527433933011857 0.283181870418977 0.937080935237731,-0.690114767557551 -1.00000000000000 -0.770401979567243 0.320971891503818,0.895944447881955 -0.495535118741983 -0.571216962409978 0.137318482654160,25.6763,0.6098,-3.0668
-0.926987583925750 -0.0588255561393881 0.824107852054439 0.948859433021453,-0.745465768870650 -1.00000000000000 -0.457873915116956 -0.259684098915629,0.375092014374474 -0.663943025708518 -0.333463230413322 -0.179527003920255,19.2882,0.8338,5.8348
-0.925077206834458 -0.307266196464696 0.797319223793976 0.970102194419439,-0.781399626295362 -1.00000000000000 -0.507087145435631 -0.193422366792609,0.379779095521801 -0.543140965620886 -0.327329623319545 -0.146593043514806,25.4712,0.2387,3.5081
-0.900925590851270 -0.496118670908935 0.862926797099153 0.883737778302003,-0.740612603852337 -1.00000000000000 -0.287360519849712 -0.114078637898741,-0.433973593377857 -0.453165792387966 0.415669669906166 0.453865182159866,30.6653,3.4399,15.2857
-0.878983618946409 -0.355185360402836 0.721250983448544 0.923597148408754,-0.763907059295357 -1.00000000000000 -0.571573160039537 -0.301447564611257,0.476851966152888 -0.538785081933630 -0.391281409725693 -0.236849473803847,24.0839,-1.5524,1.3382
-0.886203579231215 -0.665810818706940 0.430451458500711 0.719778676796562,-0.610529194110433 -1.00000000000000 -0.874111536221195 -0.686657484242572,0.463296035119862 -0.428893992533888 -0.225034584274580 -0.102079164194523,27.5275,-17.3624,-0.3507
-0.636751347470152 -0.671332810198478 0.578911045805537 0.770981758102260,-0.480939738346497 -1.00000000000000 -0.416439477557085 0.437273139261415,0.771069206683126 -0.563923067474826 -0.701027932807475 0.463011155755469,29.8848,0.878,2.7548
-0.421035813367491 -0.440072257453789 0.266789745324320 0.940977663842303,-0.728394218700912 -1.00000000000000 -0.773619070953025 0.319483819156485,0.907044014291465 -0.525145951505497 -0.574749306087065 0.111763703620935,22.8266,2.4826,-2.0284
-0.951433341895538 -0.341118580599270 0.865008410519024 0.992527307484764,-0.752032481527108 -1.00000000000000 -0.416439477557085 -0.0951027041742761,0.307854829309998 -0.563990479261946 -0.279890355788356 -0.0764527275889089,28.1857,0.7498,5.5134
-0.828646980262559 -0.397759968016468 0.760264661954244 0.980699521938758,-0.639113263932992 -1.00000000000000 -0.397788507397950 -0.0298948643323696,0.559771544562371 -0.658271405811050 -0.513577596051182 -0.193222008983555,27.648,0.4073,1.5875
-0.462367751040992 -0.298870858971780 0.339417470280728 0.913710875802744,-0.690587558318719 -1.00000000000000 -0.679057031084054 0.353549381943504,0.886688255700557 -0.658608407138006 -0.650905007972393 0.200337889494597,18.47,4.7655,3.1109
-0.636751347470152 -0.695939315053743 0.577561498314826 0.777678833679798,-0.424407267629500 -1.00000000000000 -0.421035813367491 0.386433896538380,0.771069206683126 -0.579264137458715 -0.699393708526398 0.495867396843748,30.9886,-2.5194,4.2198
-0.828646980262559 -0.402366972447481 0.760264661954244 0.980699521938758,-0.638135926299995 -1.00000000000000 -0.397788507397950 -0.0298948643323696,0.559771544562371 -0.656417061820224 -0.513577596051182 -0.193222008983555,27.7657,0.4007,1.6191
-0.965925826289068 -0.160697823375627 0.778167420111128 0.947342508807291,-0.800685009666496 -1.00000000000000 -0.592435080689858 -0.319432711600188,0.258819045102521 -0.577130596015927 -0.208509331794987 -0.0224702863012272,22.2414,-0.247,6.608
-0.893214491985374 -0.545289181440809 0.484778545415822 0.764781067141630,-0.735120050220275 -1.00000000000000 -0.839904154905075 -0.629310571836806,0.449630816678874 -0.402812885056763 -0.244030269593165 -0.138123580594125,25.4385,-10.9622,-2.0167
-0.956049249417229 -0.379617741475992 0.789978668525367 0.988254812156791,-0.813783068123379 -1.00000000000000 -0.563237651907776 0.134757311727019,0.293206126622130 -0.440053960773410 -0.242274742283017 0.0720617317655638,27.4386,2.5146,4.5472
-0.828646980262559 -0.402366972447481 0.760264661954244 0.980699521938758,-0.638135926299995 -1.00000000000000 -0.397788507397950 -0.0298948643323696,0.559771544562371 -0.656417061820224 -0.513577596051182 -0.193222008983555,26.8772,0.2163,1.9522
-0.959017781309192 -0.114714310713327 0.831536220068975 0.961864978191023,-0.906537734262842 -1.00000000000000 -0.498185105339491 -0.225430184751331,0.283345893093221 -0.406238800799676 -0.245680922196418 -0.154909636667844,20.932,5.3997,-2.335
-0.636751347470152 -0.696859603383826 0.577561498314826 0.778772842484845,-0.407420198059843 -1.00000000000000 -0.421035813367491 0.369258660331952,0.771069206683126 -0.590250349753912 -0.699393708526398 0.507110344577911,30.9886,-2.5194,4.2198
-0.533319268710662 -0.859537814514857 0.282537212352896 0.938401227643669,-0.410422121239627 -1.00000000000000 -0.848140571598751 0.269470527543021,0.845914036780289 -0.304546265477330 -0.448140931453486 0.216307121340331,31.1205,-12.3485,-5.732
-0.636751347470152 -0.616147598863918 0.591708563785035 0.755150667651542,-0.498335828318851 -1.00000000000000 -0.369422406302939 0.452033706050389,0.771069206683126 -0.609937323524305 -0.716524989979273 0.474776787279855,28.664,2.7547,4.6588
-0.636751347470152 -0.622013068303466 0.586782049540463 0.760304726773084,-0.503846322437517 -1.00000000000000 -0.388319916157409 0.453716706556560,0.771069206683126 -0.599365186030935 -0.710559264982588 0.464841771614788,28.6381,2.2528,2.6734
-0.866548527612819 -0.397046106123026 0.565991650052080 0.894360066263681,-0.825917036264106 -1.00000000000000 -0.757223096347149 -0.402449425953998,0.499092826327985 -0.400269207935432 -0.325985635311988 -0.195331849482163,23.1779,-4.4395,-3.4566
-0.636751347470152 -0.651414194220636 0.589254965640598 0.759542366122543,-0.482442240688808 -1.00000000000000 -0.378971668860393 0.442375971906685,0.771069206683126 -0.585584350855658 -0.713553823946776 0.476863600565805,30.5393,1.6268,3.4063
-0.912976655836507 -0.296066310546423 0.759643092063270 0.953849388309046,-0.795260903672991 -1.00000000000000 -0.554699215611405 -0.246652217320536,0.408011796272593 -0.529060331955295 -0.339486601916254 -0.171271796024103,24.429,-0.3806,2.3161
-0.968539741803012 -0.422985141744014 0.898204260826288 0.836821075464773,-0.852863099720319 -1.00000000000000 -0.374121069756828 -0.482562567201295,0.248858933028644 -0.306117792686484 -0.230786765213062 -0.258580464061144,26.8763,0.2893,-3.8062
-0.388319916157409 -0.784356318809194 0.304407955197920 0.928914025453486,-0.320921107014068 -1.00000000000000 -0.620874181818246 0.169714428894085,0.921524629467657 -0.530843487496037 -0.722392585208171 0.329113576050815,30.7092,-11.6821,-1.8297
-0.888617232654949 -0.643906997059911 0.431623830922704 0.719959912084982,-0.626518476237771 -1.00000000000000 -0.874111536221195 -0.687256561496119,0.458649554484315 -0.439156439176280 -0.222777671288287 -0.0966237220930526,27.4066,-16.2677,-0.1232
-0.392979177487582 -0.806366912316248 0.308060397823798 0.927236340481270,-0.301106301104051 -1.00000000000000 -0.620874181818246 0.169714428894085,0.919547370210575 -0.509025930731429 -0.720842591447097 0.333810996697317,30.7092,-11.6821,-1.8297
-0.600559787482935 -0.696269722401962 0.504753712595457 0.824405111132243,-0.527952745433435 -1.00000000000000 -0.541854908579440 0.444030300849206,0.799579853209454 -0.486286306876509 -0.672024514187890 0.350989037815709,29.9737,0.0674,-2.0493
-0.968539741803012 -0.416792564926174 0.900026771624308 0.838679930832380,-0.842541132542392 -1.00000000000000 -0.369422406302939 -0.476654305262370,0.248858933028644 -0.341186749151319 -0.231255045525220 -0.263470390924372,26.8085,-0.1221,-1.9558
-0.973419246649516 -0.421771238295040 0.921760013282854 0.866824481206262,-0.847194150898104 -1.00000000000000 -0.321439465303162 -0.432250374246440,0.229030500703048 -0.323065153229359 -0.216875881689066 -0.248545635136299,28.4163,0.6803,-3.1339
-0.869063552886555 -0.642051363422824 0.422126114853150 0.717152214582902,-0.662047790319468 -1.00000000000000 -0.874111536221195 -0.683093090913486,0.494700455876278 -0.386604151633170 -0.240288504519064 -0.138117812989847,26.7128,-16.152,-3.1424
-0.969786918517233 -0.451055265278876 0.910079797643965 0.849871006607965,-0.711946630326007 -1.00000000000000 -0.345461991671052 -0.440756911625764,0.243953546137066 -0.538220348214045 -0.228933995358902 -0.288881666052524,25.0955,-8.4168,0.6994
-0.462367751040992 -0.715060480853253 0.392409143726106 0.889910744152559,-0.302092519866302 -1.00000000000000 -0.528882782801013 0.175091594271889,0.886688255700557 -0.630419398625028 -0.752527784189262 0.421190931831594,30.5404,-8.5133,3.8856
-0.656322432357181 -0.740644025959694 0.577224090405976 0.883963266895724,-0.377871461285723 -1.00000000000000 -0.475931235364496 0.274329153633548,0.754480526445020 -0.555571404552113 -0.663552415909563 0.378619146697231,32.7206,-5.9129,1.9901
-0.897797101060790 -0.478947912781273 0.561707836342822 0.822814136279761,-0.751753096537124 -1.00000000000000 -0.780102924084268 -0.548212679724981,0.440409315667643 -0.453294803289546 -0.275542618166846 -0.149799048484783,24.9906,-8.0989,-0.8393
-0.866548527612819 -0.476048568634499 0.496040215592269 0.849361298476906,-0.792536692083276 -1.00000000000000 -0.819952109325452 -0.502471989454329,0.499092826327985 -0.381134296544857 -0.285696767443940 -0.161577487489544,24.0981,-7.0674,-3.8361
-0.866548527612819 -0.583800856308233 0.436283276345861 0.770408868855024,-0.729122684727544 -1.00000000000000 -0.864011302864663 -0.619836589679825,0.499092826327985 -0.357150767589084 -0.251279468526637 -0.149240667660011,25.8411,-12.5696,-3.7206
-0.928874213198540 -0.0598562785178986 0.823621855866241 0.948602015947376,-0.755062641938550 -1.00000000000000 -0.462367751040992 -0.261914262134836,0.370395324018531 -0.652914720825595 -0.328425183773634 -0.177637649812587,19.8063,1.8906,5.2772
-0.979994237456559 -0.358505430428894 0.959563283143186 0.912137225731060,-0.722845058829230 -1.00000000000000 -0.203129096238182 -0.309752152872197,0.199025864027610 -0.590735877765319 -0.194876565817774 -0.268438606066049,27.8906,0.9598,5.9474
-0.925804625050731 -0.110385236098231 0.701673495564005 0.887773767620647,-0.959005575916392 -1.00000000000000 -0.652363002903693 -0.0558640027206502,-0.378002375964325 -0.261004607263562 0.286490520027218 0.456877391347689,24.9047,8.9551,8.1355
-0.893214491985374 -0.624451484085722 0.433856835878071 0.720901120570868,-0.640300950349235 -1.00000000000000 -0.874111536221195 -0.687256561496119,0.449630816678874 -0.447297481554508 -0.218397042578171 -0.0893308067812974,26.6142,-16.0127,0.2688
-0.906602609356838 -0.408574751054904 0.710695060975302 0.985264388712956,-0.865396037392150 -1.00000000000000 -0.620874181818246 0.100590270321231,0.421985436605783 -0.290097175557412 -0.330798701111167 -0.138331781781293,27.427,2.4946,-2.5171
-0.462367751040992 -0.581394668209497 0.322924704817386 0.922305539256738,-0.630028444992388 -1.00000000000000 -0.715692733703736 0.337377123932813,0.886688255700557 -0.514824628663046 -0.619276631193425 0.188491826091109,24.8248,0.1493,-0.5709
-0.881468349704162 -0.228553180065067 0.710126940320184 0.958990828679591,-0.842408102811890 -1.00000000000000 -0.592435080689858 -0.194280771288453,0.472243103146908 -0.487967245006277 -0.380447636080835 -0.206377257506720,22.4294,1.7888,-2.1699
-0.980989040697711 -0.0990158572122098 0.695839786006268 0.995050661977091,-0.926336687559104 -1.00000000000000 -0.704881853942361 -0.00678041681575081,0.194063139289730 -0.363450411063956 -0.137653783796634 0.0991373090554585,22.0397,3.9103,3.8736
-0.959017781309192 -0.131785804381259 0.843439351160399 0.968853055202435,-0.834498061542063 -1.00000000000000 -0.475931235364496 -0.221094645890987,0.283345893093221 -0.535019146429474 -0.249197753036719 -0.111538849658967,21.7973,3.5237,3.1925
-0.893214491985374 -0.619721529660366 0.429899467929163 0.717786244282690,-0.645373046676262 -1.00000000000000 -0.876558805544014 -0.690710209950073,0.449630816678874 -0.446585777090154 -0.216404962737627 -0.0877628246427696,26.6731,-16.2242,0.521
-0.921117476594327 -0.398474981381305 0.594542356564694 0.845266349301868,-0.775700632770968 -1.00000000000000 -0.763796028634642 -0.523597344592941,0.389284721396178 -0.489393724450864 -0.251266816138639 -0.106633106834203,24.4135,-6.088,1.7284
-0.906602609356838 -0.352166602898082 0.801741918515933 0.912578187726997,-0.640156740887710 -1.00000000000000 -0.466849741902997 -0.327376114503160,0.421985436605783 -0.682772312633759 -0.373177189253974 -0.245001899865540,26.8848,-5.1153,5.5928
-0.900014703397015 -0.338565474108763 0.789368997776826 0.918786475609843,-0.653357419364528 -1.00000000000000 -0.480376581013968 -0.316475585383422,0.435859534333234 -0.677124436350389 -0.382275981147310 -0.235954690762153,25.7112,-4.297,5.3032
-0.925077206834458 -0.393414440239923 0.597098194889500 0.846319563696962,-0.775700632770968 -1.00000000000000 -0.763796028634642 -0.523597344592941,0.379779095521801 -0.493470978406459 -0.245131336841395 -0.0979235254624973,24.4135,-6.088,1.7284
-0.926987583925750 -0.0562656578881721 0.817568192542818 0.948555345964465,-0.774555707487840 -1.00000000000000 -0.471319772882119 -0.258521551553101,0.375092014374474 -0.629998120426104 -0.330817052511835 -0.182782283126157,19.2947,2.1068,4.6579
-0.928874213198540 -0.334915594672619 0.703999956879207 0.994556808655375,-0.885549657448858 -1.00000000000000 -0.652363002903693 0.0616524753676463,0.370395324018531 -0.321921339207726 -0.280725084658551 -0.0839983728311350,25.7064,2.9437,-0.4843
-0.930737046320651 -0.309484389530040 0.814040962876754 0.976542539989696,-0.775993838486739 -1.00000000000000 -0.484809620246337 -0.168908530231044,0.365689144775054 -0.549593463632744 -0.319838932707214 -0.133546156835988,25.4712,0.2387,3.5081
-0.421035813367491 -0.372160503108000 0.279866269542383 0.935930354571025,-0.727558584038940 -1.00000000000000 -0.747102418695393 0.328116101547788,0.907044014291465 -0.576328957035522 -0.602920265998684 0.127961694649753,19.2819,3.7872,0.0363
-0.871556314255276 -0.640949727519800 0.423336912001803 0.717111027345889,-0.653807273889138 -1.00000000000000 -0.874111536221195 -0.684859872037960,0.490295412054569 -0.402143625340435 -0.238148863490465 -0.129300928577770,26.6877,-16.2782,-2.0102
-0.915030085854857 -0.141573732348325 0.690372380888804 0.993120291427538,-0.824639570311915 -1.00000000000000 -0.656322432357180 -0.116333175298380,0.403385599619585 -0.547655418474742 -0.304346579561325 0.0133670894318262,19.6901,-0.8025,5.351
-0.968539741803012 -0.324819941654715 0.625151422212924 0.851238753317903,-0.771511649921016 -1.00000000000000 -0.763796028634642 -0.524353829588911,0.248858933028644 -0.547048242424359 -0.160627911482118 0.0211103350334896,23.7524,-6.2899,6.1198
-0.893214491985374 -0.598618051224670 0.433856835878071 0.722305577787023,-0.673631867394259 -1.00000000000000 -0.874111536221195 -0.684859872037960,0.449630816678874 -0.433447270125101 -0.218397042578171 -0.0961332823214975,26.2318,-14.4367,-0.6108
-0.956049249417229 -0.337625573251020 0.624449612417420 0.856342128867838,-0.775439446155744 -1.00000000000000 -0.757223096347149 -0.516034366428163,0.293206126622130 -0.533575334542923 -0.191509435564338 -0.0196644601040279,25.1536,-6.4802,5.377
-0.866548527612819 -0.628820093216941 0.420904503563580 0.727920521975834,-0.686450489566146 -1.00000000000000 -0.874111536221195 -0.669930841593057,0.499092826327985 -0.365199966786740 -0.242421989771801 -0.146028699812217,25.948,-14.1166,-3.8644
-0.866548527612819 -0.535993560647987 0.455346685538951 0.809007423633840,-0.765655060707978 -1.00000000000000 -0.850811109424051 -0.567273256122373,0.499092826327985 -0.355644810107157 -0.262259131488891 -0.153974158200840,26.6289,-11.9271,-4.7133
-0.612769136252897 -0.795761118353231 0.504574682338443 0.880121206119751,-0.255557345037173 -1.00000000000000 -0.567412674039288 0.176284476774988,0.790261972801348 -0.549048892098660 -0.650728243802775 0.440806585461792,33.839,-13.912,2.0555
-0.915030085854857 -0.298233712189954 0.771556883471414 0.959133021335232,-0.791426547424042 -1.00000000000000 -0.537593974758933 -0.227392230443916,0.403385599619585 -0.533573493481320 -0.340136287200837 -0.168394242532489,25.2222,-0.1038,2.778
-0.941529364693846 -0.410646211326490 0.766990503269330 0.992735261395048,-0.815035485612138 -1.00000000000000 -0.579992284871487 0.118849694697512,0.336930935681487 -0.408762579398097 -0.274471341644645 0.0187470225159695,28.312,2.145,3.0632
-0.828646980262559 -0.397759968016468 0.760264661954244 0.980699521938758,-0.639113263932992 -1.00000000000000 -0.397788507397950 -0.0298948643323696,0.559771544562371 -0.658271405811050 -0.513577596051182 -0.193222008983555,27.8085,0.3977,1.5619
-0.893214491985374 -0.561930515639035 0.465506411125391 0.750242960168610,-0.727086258424672 -1.00000000000000 -0.853459850940365 -0.648093720300480,0.449630816678874 -0.394435886303034 -0.234328965418296 -0.130805314970474,25.3874,-11.7994,-1.8326
-0.541854908579440 -0.880117372982376 0.272808997172230 0.940138346545128,-0.374575819563717 -1.00000000000000 -0.864011302864663 0.257192779931408,0.840472044775058 -0.291695672187248 -0.423154486664139 0.223588379184938,31.1205,-12.3485,-5.732
-0.915030085854857 -0.371646072650276 0.815659983782844 0.907481636526187,-0.623654985791623 -1.00000000000000 -0.453212777096287 -0.337682859285392,0.403385599619585 -0.687701719774551 -0.359578878039355 -0.249894709653078,26.8848,-5.1153,5.5928
-0.828646980262559 -0.402366972447481 0.760264661954244 0.980699521938758,-0.638135926299995 -1.00000000000000 -0.397788507397950 -0.0298948643323696,0.559771544562371 -0.656417061820224 -0.513577596051182 -0.193222008983555,27.5369,0.3647,1.6052
-0.886203579231215 -0.314286345865879 0.759226131608293 0.930007729694052,-0.703040874334397 -1.00000000000000 -0.515785898285047 -0.291361011866504,0.463296035119862 -0.637932301907812 -0.396913829707903 -0.224041030781064,25.0749,-3.327,4.5997
-0.900925590851270 -0.350035810507634 0.796721522963207 0.880054638367682,-0.869338363984822 -1.00000000000000 -0.466849741902997 -0.113526044654510,-0.433973593377857 -0.348892161371472 0.383778755707364 0.461102668255813,26.5921,5.339,12.8329
-0.457873915116957 -0.305467369753278 0.332899139980580 0.916374156573774,-0.695141381967940 -1.00000000000000 -0.686580098595773 0.351009526243204,0.889017141485736 -0.650744300852275 -0.646363621201262 0.192485629723953,18.7338,4.7639,2.915
-0.881468349704162 -0.244238328462053 0.665050704529419 0.915239347660392,-0.835609831239411 -1.00000000000000 -0.656322432357180 -0.343582768398766,0.472243103146908 -0.492040495128304 -0.356298225072309 -0.210446710009020,21.2967,-0.941,0.2036
-0.869063552886555 -0.287285600150843 0.658669058806839 0.938053049119872,-0.844458283830190 -1.00000000000000 -0.652363002903693 -0.265875902166113,0.494700455876278 -0.452058835569598 -0.374936772553706 -0.222185691898166,22.0257,0.7213,-2.643
-0.883847285787029 -0.182816174036281 0.657960750048096 0.948873431737890,-0.842583934788757 -1.00000000000000 -0.667702638428611 -0.274847250119126,0.467775560933768 -0.506587168557033 -0.348225269088299 -0.155235948297792,21.2634,0.127,1.6518
-0.421035813367491 -0.356398495781955 0.281454793311748 0.934674598738475,-0.730671990648787 -1.00000000000000 -0.743728469045065 0.332674996685175,0.907044014291465 -0.582321693126487 -0.606342447511079 0.125342495003052,19.2819,3.7872,0.0363
-0.881468349704162 -0.205832657562073 0.656189803194980 0.932263326512725,-0.845523251658416 -1.00000000000000 -0.667702638428611 -0.310492541582974,0.472243103146908 -0.492669613418478 -0.351551033021388 -0.185686487555702,23.0782,-0.5124,0.5129
-0.915030085854857 -0.381550357407883 0.705551522391298 0.989581439735158,-0.873450361912825 -1.00000000000000 -0.636751347470152 0.0811382892160913,0.403385599619585 -0.302495933916923 -0.311038214286071 -0.118933393774744,27.427,2.4946,-2.5171
-0.878983618946409 -0.657610918067619 0.426944541458458 0.718126020335696,-0.624746311832690 -1.00000000000000 -0.874111536221195 -0.686657484242572,0.476851966152888 -0.420998724807706 -0.231619042317012 -0.113121696638964,27.3443,-18.0723,-1.2492
-0.528882782801013 -0.735566708487618 0.454478051383678 0.860513073800239,-0.333240131561611 -1.00000000000000 -0.511443073003786 0.248672332607801,0.848694881601543 -0.589824238296030 -0.729298076157437 0.444611426769780,32.659,-7.5154,3.6979
-0.866548527612819 -0.411633811349712 0.552475344753797 0.887081498149453,-0.822798630669247 -1.00000000000000 -0.770401979567243 -0.420180939568885,0.499092826327985 -0.391867348375087 -0.318200853735570 -0.191139722883370,23.1779,-4.4395,-3.4566
-0.893214491985374 -0.535172389210451 0.496243383448800 0.773335597908835,-0.739732110226543 -1.00000000000000 -0.831469612302545 -0.617791068321572,0.449630816678874 -0.407905526962511 -0.249801497595076 -0.142429803443929,25.4385,-10.9622,-2.0167
-0.466849741902997 -0.550629665554906 0.310319197453107 0.927830150868704,-0.662694266293837 -1.00000000000000 -0.747102418695393 0.331254342313859,0.884336654495959 -0.507585737419961 -0.587826480920648 0.171469448699092,24.8807,0.2117,-2.0384
-0.828646980262559 -0.402366972447481 0.760264661954244 0.980699521938758,-0.638135926299995 -1.00000000000000 -0.397788507397950 -0.0298948643323696,0.559771544562371 -0.656417061820224 -0.513577596051182 -0.193222008983555,27.3211,0.2808,1.6889
-0.411832473287575 -0.728986793022078 0.334274510045712 0.915536681737478,-0.322828562477546 -1.00000000000000 -0.584108010358434 0.159899141548264,0.911259575502962 -0.603622377689949 -0.739647472900983 0.369086506018923,29.7678,-9.4494,2.446
-0.828646980262559 -0.397759968016468 0.760264661954244 0.980699521938758,-0.639113263932992 -1.00000000000000 -0.397788507397950 -0.0298948643323696,0.559771544562371 -0.658271405811050 -0.513577596051182 -0.193222008983555,27.2041,0.289,1.7565
-0.900925590851270 -0.495973044754601 0.875032126832397 0.882480805529991,-0.697637353812147 -1.00000000000000 -0.238024940184262 -0.120226881833008,-0.433973593377857 -0.517023076315590 0.421500776821883 0.454723129778825,32.6207,1.3415,18.7812
-0.624833938241744 -0.664476924309100 0.544898477913375 0.795998952259350,-0.527222725801159 -1.00000000000000 -0.489382451748846 0.456327235724497,0.780757676632969 -0.529628751541601 -0.680874779007106 0.397682187101782,29.5566,1.9525,1.3378
-0.842640412160432 -0.379326759497315 0.779786409699353 0.980542792810040,-0.635915688392811 -1.00000000000000 -0.378971668860393 -0.0367038279232152,0.538476680826660 -0.672103003106789 -0.498310775971543 -0.192843616653677,26.6492,0.0494,2.6052
-0.383650706742656 -0.738222970776366 0.309075989650990 0.927071375601888,-0.332061982889988 -1.00000000000000 -0.592435080689858 0.159471420047594,0.923478280857682 -0.587164103924351 -0.743970905203465 0.339275007519898,29.69,-9.4617,1.6753
-0.466849741902997 -0.551716457379387 0.313894270515017 0.925866829623396,-0.661273400048283 -1.00000000000000 -0.740218127486832 0.337196709900593,0.884336654495959 -0.508258242476521 -0.594598613080903 0.170496312673724,26.0535,1.169,-2.6038
-0.968539741803012 -0.162684274866339 0.768394239364230 0.941543511964236,-0.794265835394306 -1.00000000000000 -0.608761429008721 -0.336872196130026,0.248858933028644 -0.585385009576261 -0.197433065779587 -0.00359701995910736,22.2414,-0.247,6.608
-0.484809620246337 -0.541480091007541 0.359206027331752 0.898558344396250,-0.660982736389953 -1.00000000000000 -0.671591284299566 0.403140064023308,0.874619707139396 -0.519520098973000 -0.648024827287813 0.173409891572404,25.1229,2.4709,-1.8303
-0.883847285787029 -0.277295958881908 0.681507425480839 0.913758013144018,-0.823387433761244 -1.00000000000000 -0.636751347470152 -0.341409320578611,0.467775560933768 -0.495116233940916 -0.360687330674955 -0.220195297945140,22.1119,-1.0614,0.3588
-0.620874181818246 -0.560556638507479 0.547587682324667 0.943919371612177,-0.468742944917438 -1.00000000000000 -0.471319772882119 0.226076167709491,0.783910231054248 -0.682683167080691 -0.691379347288193 0.240636211508290,29.1235,-2.9698,3.5686
-0.402427161348656 -0.728173534194831 0.326640444632872 0.919288721573832,-0.327227666411835 -1.00000000000000 -0.584108010358434 0.159899141548264,0.915452008468419 -0.602233641067048 -0.743050369870812 0.359639417916444,29.7678,-9.4494,2.446
-0.908726847668595 -0.144631595687670 0.685616710423725 0.985859254417952,-0.825445154066247 -1.00000000000000 -0.656322432357180 -0.165068827910484,0.417391322773124 -0.545639074074968 -0.314913624939450 -0.0288758122091524,20.2938,1.0312,5.245
-0.881468349704162 -0.236860672270991 0.659160348743664 0.920283732649259,-0.838812335682626 -1.00000000000000 -0.663926212652242 -0.335834893636637,0.472243103146908 -0.490194744400623 -0.353142490784359 -0.200730604635207,21.2967,-0.941,0.2036
-0.828646980262559 -0.402366972447481 0.760264661954244 0.980699521938758,-0.638135926299995 -1.00000000000000 -0.397788507397950 -0.0298948643323696,0.559771544562371 -0.656417061820224 -0.513577596051182 -0.193222008983555,27.3088,0.3793,1.691
-0.951433341895538 -0.343262063011695 0.625073239094847 0.858806250270928,-0.778291583989103 -1.00000000000000 -0.753907489862878 -0.511084761626349,0.307854829309998 -0.525769309097334 -0.202254647650260 -0.0352730907197840,24.5866,-5.8431,4.2486
-0.981958712696444 -0.383632867687270 0.947471419563079 0.900011658072402,-0.832171494193965 -1.00000000000000 -0.262694424132390 -0.373344489028624,0.189095442989892 -0.400395338485634 -0.182454237114068 -0.224928672795893,27.6718,2.3394,0.7281
-0.636751347470152 -0.635284687300656 0.592891586534568 0.755207480608972,-0.484842603604409 -1.00000000000000 -0.364714278885987 0.444104509706760,0.771069206683126 -0.601116474413575 -0.717957562390144 0.482112897245414,30.5393,1.6268,3.4063
-0.969786918517233 -0.416883467229584 0.904827052846404 0.843329901548017,-0.764026136533911 -1.00000000000000 -0.359833971528305 -0.458744824691524,0.243953546137066 -0.492414700677900 -0.227612647652669 -0.279906882683786,27.2637,-1.4108,2.5794
-0.981958712696444 -0.366793943908049 0.953736279175380 0.908270976233319,-0.794403168545859 -1.00000000000000 -0.238024940184262 -0.344620567354219,0.189095442989892 -0.484134081135256 -0.183660658920138 -0.237235111837668,27.3877,1.9367,4.2611
-0.462367751040992 -0.548324541674616 0.298438819465042 0.932546294745127,-0.673195318088239 -1.00000000000000 -0.763796028634642 0.323973926706771,0.886688255700557 -0.496133309405243 -0.572319751256464 0.159368450363711,24.8807,0.2117,-2.0384
-0.828646980262559 -0.402363664443782 0.760264661954244 0.979902722602641,-0.638067757431818 -1.00000000000000 -0.397788507397950 -0.0335466737351928,0.559771544562371 -0.656485352815508 -0.513577596051182 -0.196634877163836,27.1739,0.1954,1.908
-0.874111536221195 -0.263800633922239 0.676809007136091 0.945950150363004,-0.844847501499265 -1.00000000000000 -0.632840475938601 -0.242217820921786,0.485725253867887 -0.465448090287923 -0.376088420286060 -0.215659083407380,22.0257,0.7213,-2.643
-0.866548527612819 -0.308334889318443 0.642044714244368 0.930742189549031,-0.843512459358960 -1.00000000000000 -0.671591284299566 -0.289521582316263,0.499092826327985 -0.439791231080364 -0.369788766410945 -0.223374640383733,23.4026,-1.256,-3.4735
-0.926987583925750 -0.0402047502317498 0.834725103769085 0.954706721879182,-0.728400809864453 -1.00000000000000 -0.434916802325345 -0.238828944811522,0.375092014374474 -0.683970641363803 -0.337759346566142 -0.177470590011194,19.3215,0.8323,5.9898
-0.961836880762286 -0.358761447958317 0.794760959089029 0.985710002342618,-0.803329401053468 -1.00000000000000 -0.563237651907776 0.125409122243964,0.273623490960619 -0.475344187785996 -0.226093709291747 0.112464853797599,27.4853,2.5102,5.9341
-0.912976655836507 -0.218061995845751 0.791615309122972 0.986546983369936,-0.812711204188858 -1.00000000000000 -0.498185105339491 -0.0920549536453148,0.408011796272593 -0.540323481401340 -0.353775074277460 -0.135096021825358,22.9287,3.5722,1.9406
-0.968539741803012 -0.397079555856358 0.901826225293205 0.840405530165928,-0.829495515374124 -1.00000000000000 -0.364714278885987 -0.469848886204576,0.248858933028644 -0.392765854288701 -0.231717401483110 -0.270112141524301,26.4073,0.127,-0.3351
-0.554699215611405 -0.656632154238612 0.433085670810891 0.867344055735909,-0.579155835899304 -1.00000000000000 -0.624833938241745 0.419813913304536,0.832050948079558 -0.483128069732796 -0.649630165062855 0.267339797216044,30.6413,0.0069,-3.3744
-0.596505074800521 -0.894223638597127 0.336490085661087 0.932872398270014,-0.323115354696959 -1.00000000000000 -0.825704677813596 0.248256117836116,0.802609304541895 -0.309775001788674 -0.452754025148910 0.260994230784692,33.1259,-15.2338,-5.1631
-0.926987583925750 -0.0660829451885834 0.817568192542818 0.946938434450726,-0.768428805219919 -1.00000000000000 -0.471319772882119 -0.264132374300406,0.375092014374474 -0.636514112697818 -0.330817052511835 -0.183143905731091,19.2947,2.1068,4.6579
-0.906602609356838 -0.427544306111986 0.713534968261591 0.985068072179776,-0.858128230985682 -1.00000000000000 -0.616898519672127 0.100462064457317,0.421985436605783 -0.284291761218301 -0.332120558674509 -0.139815116410902,27.5859,2.4,-3.2146
-0.466849741902997 -0.540729560633980 0.324301080959539 0.916823029047549,-0.675497265732635 -1.00000000000000 -0.719339800338651 0.370863027467723,0.884336654495959 -0.501313261588317 -0.614311859349324 0.147973471492537,25.5318,2.0216,-3.2042
-0.828646980262559 -0.402366972447481 0.760264661954244 0.980699521938758,-0.638135926299995 -1.00000000000000 -0.397788507397950 -0.0298948643323696,0.559771544562371 -0.656417061820224 -0.513577596051182 -0.193222008983555,27.7657,0.4007,1.6191
-0.968539741803012 -0.400478113936387 0.901826225293205 0.840689054878871,-0.838885911916515 -1.00000000000000 -0.364714278885987 -0.471066677937653,0.248858933028644 -0.368629498339390 -0.231717401483110 -0.267091927889357,26.8085,-0.1221,-1.9558
-0.926987583925750 -0.159897243728026 0.699394080328297 0.994714909430800,-0.818603350332196 -1.00000000000000 -0.656322432357180 -0.0805245659808347,0.375092014374474 -0.551653356985240 -0.282999620470576 0.0637027725430587,21.793,2.0073,6.7438
-0.904455145454368 -0.161767121152229 0.685492582689400 0.981054783832458,-0.824741089497980 -1.00000000000000 -0.652363002903693 -0.185270923341712,0.426568739901458 -0.541879630368041 -0.323299290936884 -0.0566232821687136,21.09,0.6359,4.127
-0.959017781309192 -0.129256637885831 0.841118375094208 0.968946491448680,-0.822775781309137 -1.00000000000000 -0.480376581013968 -0.225368221023211,0.283345893093221 -0.553473337436945 -0.248512010760465 -0.101744098905670,22.7389,3.4506,4.0099
-0.969786918517233 -0.401970702146129 0.902987495832672 0.841201602482971,-0.793702704589048 -1.00000000000000 -0.364714278885987 -0.466079021385812,0.243953546137066 -0.456569349983306 -0.227149900168400 -0.274135385902888,26.7374,-0.7456,0.9069
-0.883847285787029 -0.447701748522932 0.717397576867102 0.921193590979628,-0.783087321930839 -1.00000000000000 -0.584108010358434 -0.293297592106384,0.467775560933768 -0.431668148698390 -0.379682168320190 -0.255692961191063,25.0904,-1.6137,-1.319
-0.959017781309192 -0.132990379360189 0.843439351160399 0.968835849576942,-0.849066585501399 -1.00000000000000 -0.475931235364496 -0.216677827945154,0.283345893093221 -0.511272424821277 -0.249197753036719 -0.120032559963936,20.1511,4.7078,1.8206
-0.528882782801013 -0.565461952191254 0.404315830911197 0.880796568065618,-0.632120790652194 -1.00000000000000 -0.644657488627591 0.413039831195584,0.848694881601543 -0.529788718876971 -0.648803075848871 0.231507026955454,27.3465,1.84,-1.7044
-0.592435080689858 -0.707259548038948 0.487830938211392 0.835935228622718,-0.528752261655823 -1.00000000000000 -0.567412674039288 0.437234100884110,0.805618194412217 -0.469260031860370 -0.663373072308018 0.331720717730365,29.9737,0.0674,-2.0493
-0.895478827032412 -0.276493262351685 0.707662864452471 0.928076759963562,-0.815639551660526 -1.00000000000000 -0.612769136252897 -0.313280280937229,0.445104111794820 -0.508216093449566 -0.351748853488966 -0.201318139250858,23.2244,-0.7356,0.4742
-0.866548527612819 -0.562742621025123 0.447730691677977 0.788326563376390,-0.745763281554683 -1.00000000000000 -0.856176919486242 -0.595747054480318,0.499092826327985 -0.356592022297984 -0.257872662895099 -0.153709715220592,26.6289,-11.9271,-4.7133
-0.636751347470152 -0.693269746075076 0.578911045805537 0.774953029207081,-0.441120543594828 -1.00000000000000 -0.416439477557085 0.403918039452248,0.771069206683126 -0.569903259506035 -0.701027932807475 0.486104947442239,31.0968,-1.2467,3.4255
-0.828646980262559 -0.402366972447481 0.760264661954244 0.980699521938758,-0.638135926299995 -1.00000000000000 -0.397788507397950 -0.0298948643323696,0.559771544562371 -0.656417061820224 -0.513577596051182 -0.193222008983555,27.5122,0.3662,1.6091
-0.883847285787029 -0.307730862991896 0.747658825417408 0.934705271956753,-0.727869446025221 -1.00000000000000 -0.533319268710663 -0.281207446142548,0.467775560933768 -0.612786900565931 -0.395697913056647 -0.217367032482478,23.7688,-2.0423,3.0365
-0.969786918517233 -0.406811039080859 0.902987495832672 0.841069232899941,-0.778854589082349 -1.00000000000000 -0.364714278885987 -0.464606551770830,0.243953546137066 -0.477378578852589 -0.227149900168400 -0.277025806597010,27.6987,-1.4364,1.7778
-0.944948912157531 -0.357646561123821 0.617199356948105 0.855452524847644,-0.777447843076917 -1.00000000000000 -0.757223096347149 -0.515268858529166,0.327217898979104 -0.517362337836216 -0.213724439737907 -0.0519517195272715,24.5866,-5.8431,4.2486
-0.932639023143094 -0.383256267099566 0.601979027359065 0.848142610013321,-0.775700632770968 -1.00000000000000 -0.763796028634642 -0.523597344592941,0.360810826487642 -0.501401198689857 -0.232888121770481 -0.0806221670200776,24.9765,-6.2214,2.3548
-0.648518552727436 -0.725567824280368 0.600144434751445 0.974700651656956,-0.493330713138632 -1.00000000000000 -0.378971668860393 0.218801056753574,0.761198848375582 -0.479766755666942 -0.704419712698358 -0.0456589227098688,31.9065,-2.4985,-7.3975
-0.511443073003786 -0.731380870993611 0.436775012592420 0.870269598124849,-0.335828423736806 -1.00000000000000 -0.520264569962094 0.239356667852107,0.859317160934450 -0.593549737894879 -0.733861271370175 0.430510408857148,30.5193,-7.3327,3.8224
-0.908726847668595 -0.420567764954782 0.579366489532665 0.836653552449685,-0.773841743779812 -1.00000000000000 -0.770401979567243 -0.532014370360680,0.417391322773124 -0.473594458017363 -0.266111368951929 -0.130274874411957,25.154,-6.772,0.005
-0.652363002903693 -0.804530192969546 0.542799255058045 0.854657522340376,-0.224688455565792 -1.00000000000000 -0.554699215611405 0.179196480425722,0.757906664730213 -0.549769284823956 -0.630616958944590 0.487287534121328,34.7925,-14.5325,2.49
-0.828646980262559 -0.402366972447481 0.760264661954244 0.980699521938758,-0.638135926299995 -1.00000000000000 -0.397788507397950 -0.0298948643323696,0.559771544562371 -0.656417061820224 -0.513577596051182 -0.193222008983555,27.4076,0.3731,1.6754
-0.828646980262559 -0.402366972447481 0.760264661954244 0.980699521938758,-0.638135926299995 -1.00000000000000 -0.397788507397950 -0.0298948643323696,0.559771544562371 -0.656417061820224 -0.513577596051182 -0.193222008983555,27.5122,0.3662,1.6091
-0.959017781309192 -0.143912023525529 0.824100437120270 0.962683215261277,-0.804578929086768 -1.00000000000000 -0.511443073003786 -0.257620821564476,0.283345893093221 -0.576144145465678 -0.243483988415303 -0.0829007801570878,22.2413,1.6816,5.5694
-0.979994237456559 -0.363833549884359 0.956392802937237 0.909721298260552,-0.749041976916764 -1.00000000000000 -0.218143241396543 -0.323891673944785,0.199025864027610 -0.553679749309266 -0.194232676763886 -0.259810205804893,27.8906,0.9598,5.9474
-0.926987583925750 -0.0505559501763366 0.815269353246753 0.950505077790761,-0.786671689319407 -1.00000000000000 -0.475931235364496 -0.252035991439358,0.375092014374474 -0.615298097774663 -0.329886860697795 -0.181708437099545,19.2993,2.453,4.1263
-0.893214491985374 -0.574128824714380 0.453743530781564 0.740828310108073,-0.715834665117996 -1.00000000000000 -0.861363295877993 -0.660373632215856,0.449630816678874 -0.397437825134311 -0.228407707374514 -0.122800980519103,25.4093,-12.5892,-1.6694
-0.444166124675779 -0.835586509310759 0.343909926123235 0.930742676383604,-0.275449571030942 -1.00000000000000 -0.632840475938601 0.159949437728145,0.895944447881955 -0.475313285398937 -0.693713842104737 0.328837722484413,31.7195,-13.1742,-2.3839
-0.466849741902997 -0.646468827648473 0.317376308405088 0.925645461783847,-0.600394215050713 -1.00000000000000 -0.733374009306027 0.327496351495170,0.884336654495959 -0.470749234107128 -0.601194512065406 0.189543184621134,24.8248,0.1493,-0.5709
-0.923076016496914 -0.193313250491444 0.833224174555389 0.995876835585289,-0.764588618122640 -1.00000000000000 -0.430353559402116 -0.0375555258862723,0.384617560400183 -0.614844884683726 -0.347179044365325 -0.0825766965919415,24.7962,3.9024,3.176
-0.934453296747047 -0.468712634060317 0.837218243025505 0.978662286613017,-0.741175929533919 -1.00000000000000 -0.444166124675779 -0.138285450262737,0.356085714679170 -0.480589958438345 -0.319033019036880 -0.151977837223109,28.781,-0.5875,2.1386
-0.906602609356838 -0.483319463798565 0.769428994207751 0.948857080912233,-0.754844908703854 -1.00000000000000 -0.528882782801013 -0.230600091983666,0.421985436605783 -0.443408908026596 -0.358136880157720 -0.215624297285444,28.2853,-1.3441,0.1297
-0.620874181818246 -0.561524048204107 0.563160210246351 0.944196776232042,-0.452007674604746 -1.00000000000000 -0.421035813367491 0.235222358797801,0.783910231054248 -0.693094369755578 -0.711041082819595 0.230570791026568,28.8986,-2.7165,3.5837
-0.828646980262559 -0.402366972447481 0.760264661954244 0.980699521938758,-0.638135926299995 -1.00000000000000 -0.397788507397950 -0.0298948643323696,0.559771544562371 -0.656417061820224 -0.513577596051182 -0.193222008983555,27.3329,0.3769,1.5883
-0.957521046482715 -0.128137512464344 0.832642229175924 0.962864709389099,-0.891533905187314 -1.00000000000000 -0.493790103568344 -0.224551925245729,0.288363391474449 -0.434451463112864 -0.250755362476881 -0.149893242948050,22.0189,5.439,-1.9396
-0.620874181818246 -0.751438012597247 0.574562105173393 0.985376852444783,-0.428224778012292 -1.00000000000000 -0.378971668860393 0.166377660388959,0.783910231054248 -0.501960608733616 -0.725437014150703 -0.0367550376072190,33.8045,-4.8284,-5.8407
-0.866548527612819 -0.367720393055046 0.592310707772778 0.907968522456996,-0.831119527274323 -1.00000000000000 -0.729923724600702 -0.366490426705736,0.499092826327985 -0.417159494575814 -0.341144224225985 -0.203169705813409,22.9448,-3.316,-3.3135
-0.928874213198540 -0.0562081889852469 0.812411692317044 0.950448984461842,-0.806525303397978 -1.00000000000000 -0.484809620246337 -0.251777597750377,0.370395324018531 -0.588521515723765 -0.323955049818889 -0.182358902186056,18.8243,3.1737,3.1206
-0.928874213198540 -0.0476264886860010 0.816928610666934 0.951399327361659,-0.789378263601758 -1.00000000000000 -0.475931235364496 -0.251172644037624,0.370395324018531 -0.612056920987350 -0.325756203744792 -0.178189850392583,18.7195,2.8541,3.6568
-0.943280616635189 -0.0495045966864200 0.810577221451449 0.953036719485373,-0.883671969258271 -1.00000000000000 -0.511443073003786 -0.244501960997905,0.331996503415830 -0.465481627622535 -0.285290292755455 -0.178717101534064,19.5258,4.9113,-0.5919
-0.421035813367491 -0.832308232579498 0.327391183693431 0.928804468359229,-0.282333034301208 -1.00000000000000 -0.628777687500513 0.168783473702516,0.907044014291465 -0.477023127031242 -0.705303929197422 0.329900588906479,31.7195,-13.1742,-2.3839
-0.981958712696444 -0.365711419935254 0.953736279175380 0.908498385035743,-0.810270627059280 -1.00000000000000 -0.238024940184262 -0.346395130789439,0.189095442989892 -0.457948324872906 -0.183660658920138 -0.233754353441416,27.6584,2.3314,3.1735
-0.667702638428611 -0.811778863342115 0.561185401821796 0.842677002091540,-0.209347921427805 -1.00000000000000 -0.541854908579440 0.182066213222883,0.744428093663499 -0.545150002132294 -0.625671002069359 0.506702441427603,34.7925,-14.5325,2.49
-0.546248162194184 -0.653415618216874 0.422950231160210 0.872359729559522,-0.585325102723224 -1.00000000000000 -0.632840475938601 0.417128014365101,0.837623391089024 -0.480044325028750 -0.648556885689552 0.254936701701944,28.1383,0.1802,-2.3839
-0.881468349704162 -0.390356971526328 0.704804333665233 0.914619372881068,-0.804245761502038 -1.00000000000000 -0.600559787482935 -0.313136127489549,0.472243103146908 -0.448118499826554 -0.377596071093382 -0.255767801748950,25.0059,-1.4259,-1.574
-0.969786918517233 -0.426937713022059 0.910079797643965 0.852331330172443,-0.855656263838826 -1.00000000000000 -0.345461991671052 -0.456060686736703,0.243953546137066 -0.292534694272107 -0.228933995358902 -0.256007721797059,28.4163,0.6803,-3.1339
-0.968539741803012 -0.416976835318494 0.900026771624308 0.839492397345977,-0.862047878538443 -1.00000000000000 -0.369422406302939 -0.478912200775876,0.248858933028644 -0.288103755468656 -0.231255045525220 -0.256701419447400,26.8763,0.2893,-3.8062
-0.828646980262559 -0.397759968016468 0.760264661954244 0.980699521938758,-0.639113263932992 -1.00000000000000 -0.397788507397950 -0.0298948643323696,0.559771544562371 -0.658271405811050 -0.513577596051182 -0.193222008983555,27.3329,0.3769,1.5883
-0.900925590851270 -0.279898411451208 0.764610937659319 0.876144956446896,-0.904429592644074 -1.00000000000000 -0.528882782801013 -0.113887213086968,-0.433973593377857 -0.321968928961733 0.368311167450017 0.468401236108479,21.5147,-3.5604,10.5088
-0.828646980262559 -0.402366972447481 0.760264661954244 0.980699521938758,-0.638135926299995 -1.00000000000000 -0.397788507397950 -0.0298948643323696,0.559771544562371 -0.656417061820224 -0.513577596051182 -0.193222008983555,27.1739,0.1954,1.908
-0.620874181818246 -0.652881748966113 0.539900469745189 0.945815379388100,-0.441890253592981 -1.00000000000000 -0.493790103568344 0.218655747277823,0.783910231054248 -0.615206002609272 -0.681673540917417 0.240047770860971,30.1299,-3.9659,2.5136
-0.550480740084996 -0.651437467135883 0.429792063659958 0.868686068339279,-0.582974576566142 -1.00000000000000 -0.624833938241745 0.419813913304536,0.834847863263407 -0.485561396209700 -0.651813878063536 0.262946368807741,30.6413,0.0069,-3.3744
-0.528882782801013 -0.821828924403473 0.426077592535861 0.921371112998991,-0.263592329293741 -1.00000000000000 -0.592435080689858 0.154409204153858,0.848694881601543 -0.505090390872099 -0.683724038122726 0.356697448552093,32.3939,-12.7741,-0.17
-0.554699215611405 -0.887501634112201 0.279275751399757 0.936593525446736,-0.354818456514278 -1.00000000000000 -0.864011302864663 0.257192779931408,0.832050948079558 -0.294014816573924 -0.418914696808562 0.238000928658710,32.1191,-15.0794,-5.4311
-0.866548527612819 -0.432922001332206 0.531711022753828 0.875615717880610,-0.813997213422097 -1.00000000000000 -0.789619849270123 -0.448285441434400,0.499092826327985 -0.387281651132064 -0.306241541794555 -0.179825686703509,23.2219,-5.1725,-3.5045
-0.828646980262559 -0.397759968016468 0.760264661954244 0.980699521938758,-0.639113263932992 -1.00000000000000 -0.397788507397950 -0.0298948643323696,0.559771544562371 -0.658271405811050 -0.513577596051182 -0.193222008983555,27.7163,0.4037,1.6268
-0.900925590851270 -0.474698620031207 0.847022541425980 0.884538285645445,-0.779469877847304 -1.00000000000000 -0.340707751943952 -0.113307936996593,-0.433973593377857 -0.408763904557602 0.408008629910659 0.452496776387405,30.6653,3.4399,15.2857
-0.900014703397015 -0.297998253561400 0.727757690425680 0.938324644817589,-0.804445108671390 -1.00000000000000 -0.588349909417155 -0.285017946868614,0.435859534333234 -0.513872657386081 -0.352438828898158 -0.195733571189884,23.7508,-0.9149,1.1105
-0.926987583925750 -0.0674649858116743 0.819769098728190 0.946486146586908,-0.764472959421420 -1.00000000000000 -0.466849741902997 -0.264194113145846,0.375092014374474 -0.641115878763650 -0.331707617120073 -0.185379192193045,19.5372,2.143,4.7738
-0.881468349704162 -0.261454288445310 0.670972692674333 0.912161686694410,-0.830150547438385 -1.00000000000000 -0.648518552727435 -0.346904933049129,0.472243103146908 -0.492434486649043 -0.359470906268738 -0.218215546542835,21.8299,-1.1044,0.042
-0.828646980262559 -0.402366972447481 0.760264661954244 0.980699521938758,-0.638135926299995 -1.00000000000000 -0.397788507397950 -0.0298948643323696,0.559771544562371 -0.656417061820224 -0.513577596051182 -0.193222008983555,27.3211,0.2808,1.6889
-0.928874213198540 -0.0564296984461244 0.812411692317044 0.950369172391726,-0.811607166553900 -1.00000000000000 -0.484809620246337 -0.250143741738269,0.370395324018531 -0.581471836232530 -0.323955049818889 -0.185004174646529,18.8243,3.1737,3.1206
-0.912976655836507 -0.420603579733489 0.727116870220432 0.991556737949307,-0.837831554400249 -1.00000000000000 -0.604738126349700 0.0999888188555531,0.408011796272593 -0.348038669068017 -0.324950543282972 -0.0825679812712003,27.6237,1.9416,-1.8943
-0.893214491985374 -0.188144273907756 0.667944091512279 0.957591812083059,-0.834627553821996 -1.00000000000000 -0.663926212652242 -0.259542723122394,0.449630816678874 -0.517685791380094 -0.336233066141757 -0.125121925759218,21.2634,0.127,1.6518
-0.897797101060790 -0.490246842521884 0.554466120530656 0.817707688843109,-0.746831695788045 -1.00000000000000 -0.786504057920079 -0.556469748444488,0.440409315667643 -0.449333341255326 -0.271990235227173 -0.147294109430723,24.9906,-8.0989,-0.8393
-0.828646980262559 -0.402366972447481 0.760264661954244 0.980699521938758,-0.638135926299995 -1.00000000000000 -0.397788507397950 -0.0298948643323696,0.559771544562371 -0.656417061820224 -0.513577596051182 -0.193222008983555,27.0375,0.3005,1.8311
-0.923076016496914 -0.182483699893610 0.839226966996387 0.997083613370329,-0.742343992460547 -1.00000000000000 -0.416439477557085 -0.0331413719041119,0.384617560400183 -0.644689922467286 -0.349680224488071 -0.0687453083248737,23.3585,3.4888,5.6261
-0.636751347470152 -0.631161976013263 0.577561498314826 0.767898290074389,-0.521756167163194 -1.00000000000000 -0.421035813367491 0.465181319581812,0.771069206683126 -0.573938204044832 -0.699393708526398 0.440384554693911,28.6381,2.2528,2.6734
-0.620874181818246 -0.712459111071458 0.539900469745189 0.945815379388100,-0.414269853900411 -1.00000000000000 -0.493790103568344 0.218655747277823,0.783910231054248 -0.566376644293000 -0.681673540917417 0.240047770860971,30.1299,-3.9659,2.5136
-0.996315419359773 0.0729337515802494 0.623345940705679 0.938256702251123,-0.957384737711041 -1.00000000000000 -0.780102924084268 -0.0591816185044577,-0.0857647080445138 -0.279455062359570 0.0536587927643529 0.340839986961683,14.2475,4.9616,5.6704
-0.430353559402116 -0.497402441104200 0.272693943999706 0.939776914924468,-0.706918375001382 -1.00000000000000 -0.773619070953025 0.319483819156485,0.902660408963376 -0.502849105268160 -0.571971630383592 0.121447270336702,25.6763,0.6098,-3.0668
-0.959017781309192 -0.127338081271537 0.838775851030119 0.966192105319956,-0.880136553437809 -1.00000000000000 -0.484809620246337 -0.217670115004753,0.283345893093221 -0.457323365203112 -0.247819902036344 -0.138175745524345,19.9184,4.7051,0.5524
-0.374121069756828 -0.747285905646117 0.296810200364910 0.932134702082100,-0.340922430922263 -1.00000000000000 -0.608761429008721 0.162532162374832,0.927379871015113 -0.570382039791505 -0.735739918388694 0.323586454240712,30.0977,-9.8718,0.0094
-0.881468349704162 -0.670118286072931 0.428151437936561 0.718708477554043,-0.610529194110433 -1.00000000000000 -0.874111536221195 -0.686657484242572,0.472243103146908 -0.422132189970799 -0.229380401163391 -0.109360064125857,27.3443,-18.0723,-1.2492
-0.946592999723209 -0.477538737515381 0.856502953824519 0.985595394263916,-0.706281550747534 -1.00000000000000 -0.425779291565073 -0.130594694835805,0.322430911785791 -0.522611830373055 -0.291744211535068 -0.107455779214055,29.8003,-0.9303,4.1036
-0.926987583925750 -0.0622421767435393 0.819769098728190 0.946486146586908,-0.764829553137636 -1.00000000000000 -0.466849741902997 -0.264194113145846,0.375092014374474 -0.641218890926889 -0.331707617120073 -0.185379192193045,19.4995,2.4269,4.6805
-0.616898519672127 -0.591246311686049 0.565990289821605 0.954053332508380,-0.436885758393631 -1.00000000000000 -0.397788507397950 0.225614263042087,0.787042703051326 -0.677907540178206 -0.722093688664959 0.197181244142616,29.8885,-3.1394,2.5939
-0.507087145435631 -0.540589687032335 0.384324727124684 0.888522382507823,-0.648870935866810 -1.00000000000000 -0.652363002903693 0.410292015194325,0.861894788784538 -0.535471099931277 -0.653235804716041 0.205398242568922,25.8075,2.3034,-1.3315
