34.6253 -13.5296 3.4628 61.23 18.16 58.30 3.52 -5.57 -63.28 
31.9740 -11.3775 10.4982 67.68 17.58 58.30 3.22 -2.05 -70.02 
31.8546 -11.8790 11.5888 68.55 17.29 58.30 3.52 -1.17 -70.61 
32.0520 -12.0247 11.0820 68.55 17.58 58.30 3.52 -1.17 -69.73 
32.1521 -12.3419 11.1117 68.55 17.87 58.30 3.52 -1.17 -70.02 
32.6906 -13.3066 8.8616 65.92 19.92 58.30 3.52 -1.17 -70.02 
33.0847 -14.6259 7.7246 64.45 21.68 58.30 3.52 -1.46 -70.02 
33.0454 -16.3411 7.3619 64.16 24.32 58.30 3.52 -1.46 -70.02 
33.1648 -18.3127 6.2863 62.70 26.95 58.30 3.52 -1.76 -70.02 
33.0639 -20.3266 6.0983 62.40 29.00 58.30 3.52 -1.76 -70.02 
33.0782 -22.3033 6.4481 62.40 31.64 58.30 3.52 -1.76 -70.02 
33.2897 -22.5685 6.2532 62.40 31.93 58.30 3.52 -1.76 -69.43 
33.3456 -21.0528 4.9668 62.40 31.05 58.30 3.52 -4.98 -69.43 
33.5990 -17.3224 3.2046 60.35 26.37 58.30 3.52 -6.45 -69.43 
33.5861 -14.7859 3.1158 60.35 23.44 58.30 3.52 -5.86 -69.43 
33.4629 -12.9410 3.4697 60.64 21.09 58.30 3.52 -5.57 -69.43 
33.3890 -11.5979 3.6785 60.35 17.58 58.30 3.52 -6.15 -69.43 
32.8909 -9.1376 4.0332 60.64 15.23 58.30 3.52 -6.15 -69.73 
32.4719 -6.6553 5.2036 62.40 10.55 58.30 3.52 -6.15 -69.43 
31.4358 -4.3455 7.9019 66.21 7.62 58.01 3.52 -6.74 -69.43 
30.4597 -4.1809 12.5588 75.29 8.50 57.13 3.22 -7.62 -69.43 
30.7763 -5.1355 13.3604 76.46 11.72 54.79 3.52 -8.79 -69.43 
30.9599 -5.7500 12.6151 77.05 14.36 52.15 3.52 -8.79 -69.43 
30.9640 -7.0156 13.4127 78.81 16.70 50.68 3.22 -8.50 -69.43 
30.8704 -7.8099 14.6579 82.03 18.75 48.34 3.52 -8.50 -69.43 
31.2778 -8.2819 13.6689 83.79 21.68 40.72 3.22 -8.20 -69.43 
31.0196 -8.7730 14.5100 85.25 22.56 39.26 3.52 -6.15 -69.43 
30.9733 -9.0983 15.2360 87.89 24.02 36.62 3.52 -6.45 -69.43 
30.9862 -10.4885 15.3173 88.77 26.07 36.62 3.52 -7.91 -69.43 
31.1720 -10.9353 14.9762 90.23 27.83 36.62 3.52 -11.13 -69.43 
31.4834 -11.9824 14.7672 90.23 29.00 36.62 3.52 -12.01 -69.43 
31.6329 -12.7183 14.6708 90.23 30.76 36.62 3.52 -12.01 -69.43 
31.7933 -13.6630 14.2721 90.23 31.93 36.62 3.22 -12.30 -69.73 
32.0772 -14.5444 13.5775 89.94 32.81 36.62 3.52 -12.60 -69.43 
32.2613 -15.3239 12.9004 88.77 33.69 36.62 3.52 -12.60 -69.43 
32.2489 -15.8982 12.9298 88.77 34.28 36.62 3.52 -12.60 -69.43 
32.2837 -16.8489 12.4111 88.77 35.45 36.62 3.52 -14.06 -69.43 
32.4322 -17.9173 12.1124 88.77 36.91 36.62 3.52 -14.94 -69.43 
32.6528 -18.4094 11.2636 88.48 38.09 36.62 3.52 -16.99 -69.43 
32.9917 -18.8706 9.0991 85.25 38.38 36.62 3.22 -16.41 -69.43 
33.1344 -19.0164 7.6695 81.45 38.09 36.62 3.52 -12.01 -69.43 
33.2780 -19.0255 6.4261 76.46 37.21 36.62 3.52 -7.91 -69.43 
33.3591 -18.8454 5.1741 74.41 36.33 36.62 3.52 -6.15 -69.43 
33.7516 -18.1113 3.7140 71.78 35.16 36.62 3.52 -4.39 -69.43 
33.6990 -17.2342 3.2000 69.73 33.98 36.62 3.52 -2.05 -69.43 
33.7960 -16.2473 2.6176 67.38 31.64 36.62 3.22 1.17 -69.43 
33.7539 -15.6511 1.7130 65.33 29.88 36.62 3.52 3.22 -69.43 
33.6971 -14.4935 0.3732 62.40 28.12 36.62 3.52 5.27 -69.43 
33.5928 -12.7633 -0.4688 60.94 24.61 36.62 3.52 5.86 -69.43 
33.4691 -11.4522 -0.2114 60.64 22.56 36.62 3.52 6.74 -69.73 
33.1482 -9.7526 0.5853 60.64 19.34 36.62 3.22 8.50 -69.43 
32.9293 -8.0278 1.7676 60.64 15.53 36.62 3.22 11.43 -69.43 
32.7338 -6.8782 2.6590 60.64 13.18 36.62 3.52 13.18 -69.43 
32.3841 -5.1174 2.7069 60.64 10.55 36.62 3.52 12.89 -69.43 
32.1325 -3.7997 2.3856 60.64 8.50 36.62 3.52 12.89 -69.43 
31.8812 -2.5144 2.1285 60.06 6.74 36.62 3.22 12.01 -69.73 
31.4681 -1.5281 2.0093 60.06 5.86 36.62 3.52 12.01 -69.43 
29.7577 -0.6174 2.3823 57.71 5.27 36.62 3.52 13.18 -76.46 
29.6803 -0.1841 1.9100 57.42 4.39 36.62 3.52 12.30 -76.46 
29.5846 0.1350 0.3112 54.20 3.52 36.62 3.52 13.18 -76.46 
29.6185 -0.0325 -0.4023 53.32 3.81 36.62 3.52 12.30 -76.46 
30.4028 -2.7667 -1.0031 53.32 7.91 36.62 3.52 12.30 -76.46 
31.1159 -5.6237 -0.8765 53.32 12.60 36.62 3.52 13.18 -76.46 
31.3426 -7.0535 -0.5472 53.61 15.53 36.62 3.52 12.89 -76.46 
31.5293 -8.4644 1.7501 56.25 17.58 36.62 3.52 12.60 -76.46 
31.5513 -9.4315 3.6172 59.77 19.34 36.62 3.52 12.89 -76.46 
31.6552 -11.4953 4.3640 60.94 23.44 36.62 3.52 12.60 -76.46 
31.6030 -12.3712 6.3874 64.16 24.90 36.62 3.52 12.60 -76.46 
31.7646 -13.5888 6.2185 64.16 27.54 36.62 3.52 11.72 -76.46 
31.7153 -15.6329 6.3493 64.45 29.88 36.62 3.52 11.43 -76.46 
31.8154 -17.1470 6.3629 64.75 32.23 36.62 3.22 10.84 -76.46 
31.9125 -18.5758 5.8092 64.75 35.16 36.62 3.52 8.79 -76.46 
31.7843 -19.5787 5.1761 65.04 37.21 36.62 3.52 7.03 -76.46 
31.8895 -18.2520 6.1851 70.90 38.38 36.62 3.52 -1.76 -76.46 
31.7731 -18.0364 7.8707 74.71 38.67 36.62 3.52 -3.52 -76.46 
31.2716 -18.2001 10.0089 78.52 39.26 36.62 3.52 -5.57 -76.46 
31.2253 -17.9004 10.7377 81.74 39.26 36.62 3.52 -8.20 -75.88 
31.2945 -15.6373 9.6081 81.74 37.21 36.62 3.52 -9.96 -75.88 
31.4433 -13.2518 9.3776 81.74 34.57 36.62 3.52 -11.13 -75.88 
31.0800 -11.1134 9.2185 81.74 31.35 36.62 3.52 -11.13 -75.88 
30.9041 -8.9911 9.0385 81.74 28.12 36.62 3.52 -12.01 -76.46 
30.7135 -6.7742 8.4150 81.74 25.20 36.62 3.52 -12.60 -75.88 
30.3120 -4.7653 8.1288 81.74 22.56 36.62 3.52 -12.89 -76.46 
29.8710 -3.2212 7.4235 81.74 19.92 36.62 3.52 -14.36 -76.46 
29.3162 -1.4104 6.4784 81.74 16.70 36.62 3.52 -15.53 -75.88 
28.7299 1.3324 6.7032 81.74 13.77 36.62 3.52 -15.53 -76.46 
28.1244 2.7883 5.6224 81.74 11.13 36.62 3.52 -16.99 -75.88 
27.6747 4.1870 5.6648 81.74 9.38 36.62 3.22 -17.29 -75.88 
27.0223 5.5996 5.1783 81.74 7.03 36.62 3.22 -16.99 -75.88 
26.6956 6.2547 4.8502 79.98 5.57 36.62 3.22 -16.11 -75.88 
26.1872 6.8943 5.6410 78.81 3.52 36.62 3.52 -12.01 -75.88 
26.0072 6.7609 7.0978 77.05 1.17 36.62 3.52 -6.15 -75.88 
26.3873 5.2625 8.0982 76.46 2.05 36.62 3.52 -2.64 -75.88 
27.1401 3.2249 8.6683 74.41 3.52 36.62 3.52 2.93 -75.88 
27.8809 1.1471 9.3255 73.54 4.10 36.62 3.52 7.03 -75.88 
28.8396 -3.3666 11.0403 71.19 7.62 36.62 3.52 15.82 -75.88 
29.2696 -5.1023 12.0368 71.48 9.96 36.62 3.52 17.29 -75.88 
29.7076 -6.6292 12.1366 71.19 12.89 36.62 3.52 17.58 -75.88 
29.9957 -8.1169 12.2573 71.19 15.23 36.62 3.52 17.29 -75.88 
30.2326 -9.7575 12.1473 71.19 17.87 36.62 3.52 16.99 -75.88 
30.4066 -10.9970 11.9482 71.19 20.51 36.62 3.52 16.41 -75.88 
30.7147 -11.5560 11.1018 71.19 22.85 36.62 3.52 12.89 -75.88 
31.7067 -12.3632 7.1096 71.19 29.00 36.62 3.52 2.05 -75.88 
31.9765 -13.9123 6.1046 71.19 31.93 36.62 3.52 0.00 -75.88 
31.9266 -15.1297 6.1080 71.19 34.28 36.62 3.52 -0.88 -76.46 
32.1212 -16.5467 5.0582 71.19 36.33 36.62 3.52 -2.93 -75.88 
32.2519 -17.3943 3.7277 71.19 38.09 36.62 3.52 -5.57 -75.88 
32.2323 -16.5266 2.3565 71.48 38.09 36.62 3.22 -8.79 -75.88 
32.2804 -13.9360 1.9758 71.19 35.16 36.62 3.52 -9.96 -75.88 
31.9827 -11.8826 2.4165 71.48 31.64 36.62 3.52 -8.79 -75.88 
31.6983 -9.2506 3.0196 71.19 28.12 36.62 3.52 -7.91 -75.88 
31.4146 -7.4219 3.7586 71.19 24.32 36.62 3.22 -6.15 -75.88 
30.9910 -5.4579 4.0216 71.78 21.39 36.62 3.52 -5.57 -75.88 
30.3815 -3.2662 4.6101 71.19 17.58 36.62 3.52 -4.39 -75.88 
29.3454 -0.4123 4.8525 71.19 12.01 36.62 3.52 -3.52 -75.88 
28.6965 1.4864 5.0694 71.19 9.08 36.62 3.52 -3.22 -75.88 
28.5218 1.6913 5.1217 71.19 8.20 36.62 3.22 -2.93 -75.88 
28.7708 -0.0535 7.3733 74.12 10.55 36.62 3.52 1.46 -76.46 
28.3466 -2.1997 12.4120 75.88 10.55 36.62 3.52 8.20 -75.88 
27.9496 -3.6976 15.4308 78.81 11.43 36.62 3.52 10.84 -75.88 
28.1407 -5.6306 16.1425 79.10 13.77 36.62 3.52 13.18 -75.88 
28.0533 -5.6059 16.1580 79.10 14.06 36.62 3.52 13.18 -75.88 
27.3888 -3.0764 15.7541 79.10 10.55 36.62 3.52 12.60 -75.88 
26.6589 0.5327 14.7857 79.10 5.27 36.62 3.52 9.38 -76.46 
26.2265 3.1313 13.3246 79.10 3.52 36.62 3.52 6.15 -75.88 
26.1318 4.2755 11.9148 77.64 1.17 36.62 3.52 5.86 -76.46 
25.7624 5.7704 10.5701 75.29 -1.46 36.62 3.52 5.86 -75.88 
25.1723 6.9487 10.0386 72.95 -4.69 36.62 3.52 7.32 -76.46 
25.2936 6.0130 11.7724 72.95 -5.27 36.62 3.52 11.43 -76.46 
25.9825 4.2598 12.0573 72.95 -2.93 36.62 3.52 13.18 -76.46 
26.4113 2.5319 12.8092 72.95 -0.59 36.62 3.52 15.23 -76.46 
27.3630 -0.1277 13.1480 72.95 2.34 36.62 3.52 16.41 -75.88 
28.0627 -2.1652 13.1048 72.95 5.86 36.62 3.52 16.70 -75.88 
29.0394 -5.4045 13.4498 72.95 12.60 36.62 3.52 17.29 -76.46 
29.7369 -8.1023 12.9781 72.95 16.70 36.62 3.52 15.23 -75.88 
30.6098 -9.0128 10.1402 72.95 21.97 36.62 3.52 6.74 -76.46 
31.1396 -11.0048 8.6387 72.95 26.07 36.62 3.52 3.52 -75.88 
31.3784 -14.0099 8.9068 72.95 31.93 36.62 3.52 2.93 -75.88 
31.6495 -17.1313 8.1526 72.95 35.45 36.62 3.52 1.76 -75.88 
31.9282 -17.5988 6.4326 72.95 38.09 36.62 3.52 -2.64 -75.88 
31.2701 -18.8000 9.7207 75.29 38.38 36.62 3.52 -0.59 -75.88 
35.1879 -21.1219 10.8387 76.76 28.12 36.62 3.52 3.81 -55.08 
35.7184 -9.6533 4.5840 76.76 18.46 36.62 3.52 -11.43 -55.08 
34.8999 -3.6949 3.3942 76.76 11.13 36.62 3.52 -15.23 -55.08 
34.1044 -0.2150 1.8223 76.76 7.03 36.62 3.52 -18.75 -54.79 
33.2775 2.3975 1.4342 76.76 3.52 36.62 3.52 -20.51 -54.79 
32.2618 3.5454 5.6785 79.10 0.88 36.62 3.22 -15.53 -55.08 
31.9740 1.9034 10.4929 83.50 0.88 36.62 3.52 -7.91 -55.08 
31.6976 0.4376 15.1015 88.77 3.81 36.62 3.52 -7.32 -55.37 
31.9301 -2.2589 16.5755 92.29 7.62 36.62 3.52 -7.32 -54.79 
32.2333 -4.8190 17.2142 92.29 9.96 36.62 3.52 -5.86 -54.79 
32.3914 -8.0254 18.8023 92.87 14.36 36.62 3.22 -2.93 -55.37 
32.7467 -12.2792 19.8377 92.87 18.75 36.62 3.52 -1.46 -54.79 
33.2322 -18.1349 19.4636 92.87 27.25 36.62 3.52 -4.69 -55.08 
34.5020 -20.8451 16.0193 91.99 30.47 36.62 3.52 -10.84 -55.08 
34.8532 -22.4971 13.8257 89.36 32.52 36.62 3.52 -12.01 -55.08 
36.0238 -12.7959 0.7648 63.28 16.41 39.26 3.52 9.67 -56.84 
35.5379 -11.2217 3.5036 61.23 7.62 39.26 3.52 24.02 -58.01 
34.8111 -8.2318 5.5841 63.87 3.81 39.26 3.52 23.44 -58.01 
33.8099 -7.6518 12.6558 74.71 6.74 29.00 3.52 28.12 -58.01 
33.4620 -10.2223 15.5092 80.27 12.60 24.32 3.52 28.12 -57.71 
33.8500 -12.3318 15.6127 80.27 14.94 24.32 3.52 28.12 -57.71 
34.4057 -13.9721 14.3040 79.10 16.99 24.61 3.52 27.25 -56.84 
35.0049 -15.5190 11.7017 77.64 23.44 42.19 3.52 -2.05 -57.13 
35.3482 -19.1066 7.9659 78.22 29.30 50.98 3.52 -22.56 -57.13 
34.5116 -19.9061 13.0007 92.58 31.64 62.99 3.52 -49.22 -59.18 
33.1743 -12.5696 15.4747 92.58 24.90 69.73 3.52 -49.51 -61.23 
33.1061 -3.7708 11.9114 87.60 10.55 70.02 3.52 -49.51 -56.54 
36.0951 -3.5081 9.8165 87.30 1.76 70.02 3.52 -51.56 -38.09 
38.2484 -5.3965 10.4960 87.60 -3.81 44.53 3.52 -7.91 -24.61 
37.4264 -6.4093 13.5070 86.72 -2.93 27.25 3.52 25.49 -30.18 
37.6405 -8.5918 13.8245 86.43 -0.29 26.07 3.52 27.54 -30.18 
36.9029 -16.1639 11.3557 76.76 16.99 26.07 3.52 27.54 -48.34 
36.1497 -23.1693 5.8187 69.14 26.95 26.07 3.52 25.78 -53.32 
36.6261 -20.5574 6.1115 69.73 24.61 26.07 3.52 22.27 -53.32 
35.0223 -16.6405 15.1186 93.75 27.25 25.78 3.52 -5.86 -53.32 
35.1202 -16.5339 12.2498 90.23 27.83 26.07 3.52 -6.74 -54.79 
35.7370 -16.2044 10.6698 87.30 27.54 25.78 3.52 -6.45 -54.79 
36.7798 -15.2319 4.3924 82.32 26.95 18.16 3.52 -3.52 -54.79 
36.3314 -14.4561 4.6881 76.46 24.02 11.13 3.52 23.14 -54.79 
36.0989 -11.5137 5.6636 72.95 15.23 11.72 3.22 30.76 -54.79 
34.7144 -11.1559 8.6648 72.07 13.48 21.09 3.52 30.76 -59.18 
32.1533 -12.0170 11.3479 67.38 13.77 35.74 3.52 26.07 -69.14 
31.1053 -9.9106 14.1679 71.48 12.01 46.58 3.22 12.30 -69.14 
30.9141 -12.8489 18.3189 75.00 12.60 57.42 3.81 8.50 -69.14 
29.9694 -15.0806 19.3377 82.91 24.61 58.59 3.52 -9.96 -69.14 
30.8084 -13.1613 17.2031 88.48 28.12 58.59 3.22 -26.07 -69.43 
31.5098 -12.2113 15.0402 89.65 28.12 64.75 3.52 -42.48 -69.43 
32.4910 -8.8663 8.9465 88.77 24.90 67.09 3.22 -55.96 -69.43 
31.9422 -3.9821 6.7234 89.06 20.51 66.50 3.52 -57.42 -69.43 
31.4028 -0.8248 3.9053 88.77 14.65 66.50 3.52 -63.28 -69.43 
28.2363 -10.3034 3.0654 88.77 12.01 66.50 3.22 -65.04 -69.43 
31.2070 0.0444 4.7069 88.77 13.48 60.94 3.52 -54.20 -69.14 
31.5033 -3.7828 8.8825 82.62 17.58 48.63 3.52 -19.92 -69.14 
31.7056 -5.6033 9.3339 77.05 17.87 31.93 3.52 5.57 -69.43 
32.6679 -11.4789 9.3196 72.36 21.68 25.20 3.52 23.73 -69.14 
33.3636 -13.0283 8.4882 72.07 22.85 19.63 3.52 26.37 -67.09 
33.5644 -13.6257 8.6471 71.78 22.85 19.34 3.22 28.12 -66.80 
33.4644 -13.8555 8.6407 71.78 24.32 19.04 3.52 28.12 -66.80 
33.3155 -12.8712 8.8618 71.78 21.39 21.39 3.52 26.95 -66.80 
33.4172 -13.3479 9.2021 71.78 22.27 21.97 3.52 24.90 -66.80 
33.2207 -13.1218 9.8727 71.78 21.68 41.31 3.52 4.10 -66.80 
33.5597 -12.0794 7.7298 71.78 22.27 69.14 3.52 -31.05 -66.80 
33.6308 -11.2878 6.9659 71.78 21.68 70.90 3.52 -32.81 -66.80 
33.6074 -11.6192 7.2841 71.78 21.97 69.14 3.52 -29.00 -66.80 
32.9741 -13.2207 10.5362 71.78 22.56 52.73 3.52 -0.88 -66.80 
32.1968 -17.1345 14.9615 71.78 20.21 35.45 3.52 28.71 -66.80 
32.9976 -11.3836 10.2383 68.55 13.77 34.57 3.52 23.14 -66.80 
33.2697 -7.8532 7.2362 68.55 14.06 34.86 3.52 12.89 -66.80 
32.9894 -3.6455 -1.1393 68.55 15.53 35.16 3.22 -15.53 -66.80 
33.4273 -7.0143 3.8375 68.55 16.41 79.69 3.22 -48.34 -66.80 
32.7532 -9.7210 11.3378 72.07 14.94 93.16 3.52 -47.46 -66.80 
31.8783 -12.8829 16.2329 76.46 16.70 101.66 3.22 -47.46 -66.80 
31.9200 -13.9434 17.0527 77.05 16.99 102.83 3.52 -47.75 -66.80 
31.8791 -13.1004 16.3792 77.05 16.99 102.83 3.52 -49.51 -66.80 
32.0999 -12.3325 15.5620 77.05 16.70 101.07 3.52 -50.39 -66.80 
32.5876 -9.6459 13.1675 77.05 16.41 93.75 3.22 -50.39 -66.80 
32.8464 -7.4856 10.0125 77.05 16.70 86.13 3.22 -52.15 -66.80 
33.2221 -5.3086 5.2644 77.64 16.99 76.17 3.52 -54.49 -66.80 
33.9184 -4.5537 -2.7802 80.27 17.58 65.92 3.22 -71.78 -66.80 
32.6575 -3.0564 2.3966 82.62 16.70 44.24 3.52 -29.00 -66.80 
31.3948 -4.0894 12.1100 78.81 11.13 27.25 3.52 17.87 -67.09 
31.0713 -2.4710 12.4078 79.10 7.91 27.25 3.52 14.06 -62.70 
34.3462 -0.4205 9.9950 82.03 1.17 27.25 3.52 8.20 -47.46 
36.9148 0.5596 3.8976 79.10 -9.08 27.25 3.52 7.03 -30.18 
38.5153 -5.3665 4.0314 77.64 -2.05 27.25 3.22 13.18 -30.18 
33.3933 -11.5000 14.2994 77.05 15.23 27.83 3.52 23.73 -60.64 
36.0396 -10.5945 13.6248 82.91 9.96 27.54 3.52 14.94 -44.53 
35.3516 -13.9648 13.5126 82.91 17.58 14.65 3.52 29.59 -51.86 
34.3936 -11.5170 9.4848 75.59 18.75 14.94 3.52 29.30 -62.11 
32.0728 -9.7668 7.8290 71.19 21.68 14.94 3.22 29.30 -73.83 
30.3459 -13.5044 4.9649 65.62 32.23 14.94 3.52 29.59 -83.20 
30.8751 -17.5687 0.9186 60.64 37.21 14.94 3.52 29.59 -82.62 
30.9667 -19.8258 -3.1691 55.37 40.43 14.94 3.52 29.59 -82.62 
30.2587 -6.5836 -2.3105 53.32 20.80 14.94 3.52 28.71 -82.32 
29.9867 -6.8241 -1.7275 54.20 20.80 14.94 3.52 29.30 -82.62 
29.9414 -6.4368 -0.8002 55.66 20.51 14.94 3.52 29.59 -82.62 
29.6924 -5.2853 -0.6040 55.96 18.75 14.94 3.52 28.71 -82.62 
29.2348 -3.0391 -0.5933 57.13 16.41 14.94 3.52 26.37 -82.62 
28.3926 -0.3561 -0.5958 57.71 12.60 14.94 3.22 25.20 -82.62 
27.7516 1.6862 -1.2913 57.71 9.96 14.94 3.52 22.27 -82.62 
26.2328 5.2696 -0.1165 59.18 6.15 14.94 3.52 20.21 -82.62 
25.9228 6.0450 0.3713 62.70 4.10 14.94 3.52 18.75 -82.62 
25.8608 5.5959 2.9180 66.21 4.39 14.94 3.52 20.21 -82.62 
26.2013 3.8066 5.9622 66.21 3.81 14.94 3.52 26.37 -82.62 
26.1374 3.9836 5.6864 67.09 4.39 14.65 3.52 24.61 -82.62 
25.6855 4.2526 7.7367 73.54 6.15 14.65 3.52 20.80 -82.62 
27.0979 2.7451 7.7530 75.00 7.91 14.65 3.52 20.21 -79.69 
29.4232 -0.1662 10.2856 79.69 10.55 14.65 3.52 22.56 -70.02 
29.7241 -1.1808 12.9132 82.03 10.25 14.94 3.52 24.02 -69.14 
29.1271 -2.2878 15.9426 84.08 9.96 14.65 3.52 28.71 -69.43 
28.9305 -2.4889 16.5959 84.08 9.67 14.94 3.52 30.76 -69.14 
28.7702 -0.9591 12.1491 75.00 8.50 14.94 3.52 31.05 -75.59 
29.3622 0.4811 5.6920 68.85 7.91 14.94 3.52 26.37 -75.59 
29.5719 0.8294 0.2630 62.40 8.50 14.94 3.52 23.73 -75.59 
30.0117 -0.5633 -1.7194 58.59 10.55 14.94 3.52 24.32 -75.59 
30.9997 -4.4531 0.8440 58.89 13.48 15.23 3.52 29.30 -75.59 
31.9474 -10.1057 0.3993 59.18 22.56 14.94 3.52 31.05 -75.59 
31.7442 -7.7884 -0.2294 58.59 18.75 14.94 3.22 29.88 -75.59 
30.8669 -4.7320 4.1998 61.23 11.43 22.56 3.52 28.71 -75.29 
31.2302 -7.9489 6.8162 64.75 17.87 22.56 3.52 26.95 -75.00 
30.8304 -6.5684 6.8443 65.33 16.11 22.56 3.52 25.49 -75.29 
29.6814 -3.9051 9.4539 67.97 12.60 22.27 3.52 26.37 -75.29 
28.7421 -2.5550 13.9797 76.46 8.50 22.56 3.52 26.66 -72.36 
32.4318 -2.8237 16.9190 84.38 3.52 22.27 3.52 25.49 -52.15 
35.8019 -2.2859 13.5885 86.43 -4.39 22.56 3.52 23.44 -33.40 
35.7716 -0.1393 12.5513 86.72 -9.08 22.56 3.52 24.61 -31.35 
35.2288 -7.3118 16.3953 84.08 -0.29 40.72 3.81 19.92 -42.48 
35.8257 -15.4224 13.3378 78.52 16.99 40.72 3.52 9.67 -51.86 
34.2553 -5.6405 9.3212 77.93 10.25 40.72 3.52 -4.39 -56.84 
33.8694 -1.9352 7.1902 75.29 5.86 40.72 3.52 -4.39 -56.84 
33.2990 0.6378 5.6324 74.12 2.34 40.72 3.22 -6.15 -56.54 
32.4996 2.6168 5.7409 74.12 -0.29 40.72 3.52 -6.74 -56.54 
31.6098 4.7627 5.2693 74.12 -2.34 41.02 3.52 -8.50 -56.84 
31.0110 6.4379 5.4928 74.41 -4.98 40.72 3.22 -8.79 -56.84 
30.1883 7.9399 5.9214 75.00 -7.91 40.72 3.22 -8.79 -56.84 
29.9685 8.0522 6.9424 75.00 -8.79 40.72 3.52 -3.52 -56.84 
30.3124 7.3259 10.6442 78.52 -9.67 40.72 3.52 0.00 -56.54 
29.0993 5.4338 15.3933 84.38 -7.62 40.72 3.52 4.39 -56.84 
29.1365 3.5393 17.7704 86.13 -5.86 44.24 3.52 4.39 -56.54 
29.3617 3.0670 17.8222 86.13 -5.27 43.65 3.52 4.39 -56.54 
29.8749 1.7673 17.9599 86.13 -3.52 43.65 3.52 4.69 -56.54 
30.2637 0.2502 18.2269 86.13 -1.46 44.24 3.52 4.39 -56.54 
30.7438 -3.2699 19.2427 86.13 2.34 47.46 3.52 5.57 -56.54 
31.8996 -6.3735 20.3970 86.13 3.52 49.51 3.22 6.15 -50.98 
34.1698 -9.2610 19.4856 86.13 4.39 50.10 3.22 5.86 -46.58 
34.7446 -12.4836 19.4647 86.13 8.50 50.10 3.52 5.57 -46.29 
35.6120 -12.7349 13.1078 79.69 14.06 37.79 3.52 9.08 -50.39 
36.7017 -11.0291 6.2269 73.54 13.18 37.79 3.52 5.57 -50.39 
36.4506 -13.2081 1.1216 63.87 15.23 37.50 3.52 11.72 -54.20 
36.2500 -13.0009 -3.8892 58.59 15.23 37.50 3.52 10.84 -54.20 
36.8058 -18.4020 -2.7468 57.71 19.34 37.79 3.52 19.04 -54.20 
36.9660 -19.7523 -0.7466 60.06 19.92 37.79 3.52 19.04 -52.15 
31.3409 -4.6106 6.4660 71.48 13.18 37.79 3.52 -0.59 -70.90 
29.5330 1.8443 7.3297 74.41 7.03 37.79 3.22 -4.69 -70.90 
25.3637 2.9398 10.8143 75.59 6.15 38.38 3.22 4.39 -87.01 
22.2551 3.4968 11.5133 75.00 5.86 38.38 3.22 4.98 -91.11 
22.0886 3.6271 10.7212 73.54 6.15 38.38 3.22 5.27 -92.29 
21.1021 5.2469 10.9152 72.07 0.88 38.38 3.52 5.27 -92.29 
21.3847 6.6528 7.5113 67.38 -0.29 38.38 3.52 2.05 -92.29 
21.9232 6.7636 5.2772 66.21 2.05 38.38 3.52 -1.17 -92.29 
22.3399 4.0976 3.6545 62.11 8.50 37.79 3.81 1.46 -97.56 
22.4994 1.3003 5.5082 62.11 12.60 35.45 3.52 8.20 -98.73 
22.1062 -0.1954 9.2856 67.09 11.13 19.04 3.52 30.47 -98.73 
21.7265 -3.3885 13.2419 69.43 11.13 28.12 3.52 28.12 -99.32 
21.8020 -7.0903 15.7969 68.85 11.13 42.77 3.52 20.51 -98.73 
21.5303 -8.0748 16.4199 68.26 9.96 50.39 3.22 19.92 -98.44 
21.3048 -3.1101 13.8791 68.26 7.32 42.19 3.52 19.04 -98.73 
21.2550 0.0913 11.4734 68.26 7.32 36.91 3.52 15.23 -98.73 
20.8659 3.0065 8.7163 68.26 7.03 33.98 3.22 9.67 -98.73 
20.6135 5.2105 5.7931 68.26 7.32 33.40 3.22 3.52 -98.73 
20.0681 7.5222 1.7995 65.62 5.86 37.50 3.52 -9.08 -98.44 
20.0342 7.3539 2.4928 65.62 5.57 39.26 3.22 -9.08 -98.73 
20.0489 7.1772 2.9338 65.62 5.27 41.02 3.52 -9.67 -98.73 
20.2053 6.2489 4.1730 65.62 4.39 44.82 3.52 -9.67 -98.73 
20.3635 5.3620 5.7856 65.62 4.10 48.63 3.52 -9.67 -98.73 
20.5944 4.3491 6.9509 65.62 4.10 52.15 3.52 -9.67 -98.73 
20.7508 3.4107 8.2074 65.62 3.81 55.08 3.52 -9.67 -98.73 
20.9457 1.9650 9.6520 65.62 3.81 60.64 3.22 -9.67 -98.73 
21.3400 0.0891 10.9814 65.62 4.39 63.87 3.52 -9.96 -99.32 
22.1718 -1.1965 9.8846 62.40 6.15 65.62 3.52 -9.08 -98.73 
22.3610 -2.0472 10.2194 62.11 6.74 66.80 3.52 -9.38 -98.44 
23.1962 -3.9018 9.7883 60.64 9.67 69.14 3.52 -9.08 -98.73 
24.0978 -5.4108 7.6835 56.25 11.72 69.43 3.52 -9.08 -98.73 
24.3223 -6.1225 7.5897 56.25 14.36 69.43 3.52 -8.50 -98.73 
25.1745 -7.7422 5.5834 51.27 18.75 69.14 3.52 -9.08 -99.32 
25.5042 -8.5509 4.0674 50.68 20.21 69.14 3.52 -8.79 -99.32 
25.8659 -9.3586 1.4748 45.12 22.27 69.14 3.22 -9.08 -98.73 
26.0578 -10.4895 -0.1161 43.65 24.61 69.43 3.52 -9.08 -98.73 
26.1173 -10.7201 -0.6896 42.77 24.61 69.43 3.22 -8.79 -98.73 
26.2405 -11.2570 -1.0535 41.89 26.07 69.14 3.52 -8.79 -98.73 
26.2274 -11.4254 -1.1621 41.89 26.95 69.43 3.52 -8.79 -98.73 
26.2648 -11.5614 -1.1802 41.89 27.25 69.14 2.93 -9.38 -99.32 
26.2400 -11.9422 -1.1466 41.89 28.12 69.43 3.52 -9.96 -98.73 
26.3642 -11.4587 -1.3020 41.89 28.12 69.14 3.52 -10.25 -99.32 
26.1094 -11.0482 0.1932 45.41 28.12 68.55 3.52 -11.43 -98.73 
25.6443 -7.2493 -0.3156 49.22 26.37 61.82 3.52 -12.30 -98.73 
25.0377 -4.2467 0.8378 53.32 22.56 57.42 3.52 -12.30 -99.32 
24.5915 -2.7765 1.5717 55.08 20.51 57.42 3.52 -12.60 -98.73 
24.2120 -1.3353 0.6746 54.79 18.75 54.49 3.52 -13.77 -98.73 
23.9210 -0.2516 -0.0100 55.08 17.87 52.73 3.22 -14.06 -98.73 
23.4220 0.9793 0.1770 56.25 16.11 51.27 2.93 -14.06 -99.32 
23.0230 1.9475 0.3689 57.13 14.36 50.98 3.52 -14.06 -99.32 
22.8597 2.4563 0.2111 57.13 13.77 50.68 3.22 -14.36 -98.73 
23.0719 2.0271 0.1526 57.13 14.06 50.98 3.52 -14.36 -98.73 
21.9306 4.0925 1.8259 60.64 10.55 52.44 3.22 -18.16 -98.73 
22.1112 3.7347 2.9263 61.23 9.67 55.96 3.22 -20.80 -98.73 
21.8985 4.1559 2.8785 61.23 8.50 60.06 3.52 -22.85 -98.73 
21.7270 4.2394 3.5634 61.82 7.62 60.64 3.52 -23.14 -98.73 
19.4562 6.8856 6.7857 67.38 1.76 60.64 3.81 -22.56 -98.73 
20.7189 5.7783 9.3031 67.97 -0.29 60.64 3.52 -16.70 -94.92 
23.3725 7.0146 7.6070 68.26 -2.05 60.64 3.52 -20.21 -83.79 
27.9297 5.5520 6.6584 68.26 -2.93 60.64 3.52 -19.34 -72.07 
28.4416 6.1933 6.5369 67.68 -5.57 60.64 3.52 -18.46 -65.62 
29.8822 7.0000 4.7320 67.68 -7.62 60.64 3.52 -19.63 -62.40 
29.8936 7.0030 4.5166 67.68 -7.62 60.64 3.52 -19.92 -62.40 
30.6156 5.7074 3.9452 67.09 -5.86 60.64 3.52 -19.63 -62.11 
30.8888 5.0782 3.5977 65.62 -4.98 60.64 3.52 -20.21 -62.40 
30.2224 6.3009 5.2696 67.97 -7.03 60.94 3.52 -20.21 -60.94 
31.9631 1.6067 13.2641 74.71 -8.50 72.36 3.52 -20.51 -55.37 
31.9004 -0.0475 15.6660 77.05 -9.38 79.69 3.52 -18.16 -56.84 
29.3436 0.8027 16.7210 77.05 -9.08 79.69 3.52 -18.16 -62.11 
24.8093 0.7331 17.2607 75.59 -6.74 79.69 3.52 -16.70 -78.81 
23.8504 1.4341 15.5173 71.48 -4.98 79.69 3.52 -19.92 -84.08 
23.8753 1.2218 15.4859 71.48 -4.69 79.69 3.52 -19.92 -83.79 
24.5826 0.8627 14.4961 70.61 -4.39 79.69 3.22 -20.21 -83.79 
26.0288 -0.2331 11.3275 64.16 -1.46 79.69 3.22 -21.09 -83.50 
25.1772 -0.1965 11.0008 63.57 -1.17 79.69 3.52 -21.09 -85.84 
20.9738 -0.8260 10.2561 59.77 2.05 79.69 3.52 -20.51 -101.95 
21.3682 -0.9819 9.1648 57.71 2.64 79.69 3.52 -20.80 -101.95 
21.9394 -1.3675 8.4354 55.96 4.39 79.69 3.52 -21.39 -101.95 
23.9760 -1.4713 5.8555 53.61 6.15 79.69 3.52 -23.73 -97.56 
24.1760 -1.8426 5.8615 53.61 6.15 79.69 3.52 -23.14 -97.27 
26.5716 -3.0941 5.0385 53.61 7.62 79.69 3.52 -22.85 -90.53 
28.6856 -4.7172 5.3726 54.79 8.20 79.69 3.52 -22.27 -83.50 
28.9872 -5.8211 5.6872 55.08 9.08 79.69 3.22 -20.80 -83.50 
32.5376 -7.5577 3.3947 55.66 7.91 79.69 3.52 -21.09 -69.73 
32.7622 -8.3930 3.3118 55.66 8.50 79.69 3.52 -20.51 -71.19 
35.8783 -11.6108 1.6348 58.30 8.20 79.69 3.52 -20.80 -56.25 
34.9996 1.0181 3.3364 69.14 -5.27 79.69 3.52 -38.67 -48.34 
33.1282 2.4547 4.0013 68.26 -4.10 79.69 3.52 -38.96 -54.79 
32.3790 3.1426 4.1526 67.97 -3.52 79.69 3.52 -40.43 -58.01 
31.3654 4.1142 3.9097 67.97 -3.52 79.69 3.52 -43.07 -61.23 
29.7689 5.0977 4.5776 67.97 -2.93 79.69 3.52 -42.48 -66.80 
28.8957 5.3970 4.9111 67.97 -2.93 79.69 3.52 -42.48 -69.43 
27.5739 5.8388 5.5166 67.97 -1.46 79.69 3.52 -42.48 -74.12 
26.8367 6.1861 5.5568 67.97 -1.46 79.69 3.52 -42.48 -75.59 
28.0042 3.2288 6.5618 67.38 2.05 79.69 3.52 -36.91 -76.76 
29.2215 -0.2974 7.5166 65.33 5.57 79.69 3.52 -32.81 -76.76 
30.1549 -3.4964 6.7397 63.57 8.50 79.69 3.52 -29.30 -77.34 
30.6542 -5.2452 6.6056 63.28 10.55 79.69 3.52 -28.71 -76.46 
31.2482 -7.9550 5.4353 61.52 15.53 79.69 3.52 -28.42 -76.46 
31.6082 -10.0056 4.9644 61.23 18.16 79.69 3.52 -28.71 -76.76 
32.0510 -12.2911 3.5578 61.23 24.90 79.69 3.52 -33.40 -76.76 
32.2326 -14.7319 2.3978 61.23 28.12 79.69 3.52 -35.45 -76.46 
32.1840 -15.9035 2.6890 62.11 31.64 79.69 3.52 -38.09 -76.76 
31.8513 -16.2205 6.0490 67.97 31.93 79.69 3.52 -38.67 -76.76 
31.2583 -15.9774 9.8589 71.48 31.93 79.69 3.52 -38.09 -76.46 
30.6587 -15.0186 12.3802 78.22 31.64 79.69 3.52 -43.07 -75.88 
30.3155 -14.2827 13.7015 82.32 31.93 79.69 3.22 -46.88 -75.88 
29.9482 -14.4546 15.1852 89.06 33.98 78.52 3.52 -52.44 -76.46 
29.1173 -17.5283 18.9096 95.51 37.50 78.52 3.52 -53.32 -76.76 
29.2159 -16.7355 18.6368 95.80 37.21 78.52 3.52 -55.08 -76.76 
29.6872 -15.7821 17.9276 95.80 34.86 78.52 3.52 -57.42 -71.48 
32.5515 -16.2525 18.3330 95.80 30.47 78.52 3.52 -57.42 -62.99 
34.0583 -15.7894 17.2361 95.80 26.37 78.22 3.52 -60.06 -56.84 
35.2453 -9.2937 9.8275 89.94 18.16 78.52 3.52 -70.31 -56.84 
35.9107 -9.7196 5.5264 82.03 18.16 79.10 3.52 -63.28 -56.84 
34.8992 -10.0784 10.5851 83.20 16.11 93.46 3.52 -63.57 -56.84 
33.7901 -9.6315 16.1242 89.65 15.23 100.49 2.93 -72.95 -56.84 
34.1609 -7.3040 12.8622 91.99 14.36 111.33 -1.76 -87.01 -58.30 
34.5484 -9.2448 12.8770 90.23 17.58 111.33 -1.76 -86.72 -58.30 
35.0351 -16.6631 12.7263 90.53 26.37 109.57 -1.76 -86.72 -58.01 
35.1319 -17.8014 12.0986 90.53 27.54 101.07 -1.76 -79.98 -58.30 
35.5703 -17.7463 9.8501 89.36 27.54 88.48 -1.76 -69.43 -58.30 
35.5237 -16.6251 10.5105 89.36 26.07 86.13 -1.76 -66.50 -58.30 
34.6188 -9.2466 11.9678 89.36 14.94 90.23 -1.76 -65.92 -58.30 
33.8434 -7.2474 14.3345 91.99 13.77 90.23 -1.76 -66.21 -58.30 
32.2021 -9.9491 20.8927 101.37 16.99 90.23 -1.76 -66.21 -58.01 
32.3769 -11.5139 20.8492 112.50 20.51 89.65 -1.76 -89.94 -58.30 
33.1147 -12.4721 18.4879 114.26 21.68 91.70 -1.76 -100.20 -58.30 
34.4729 -16.3293 15.2241 115.43 24.61 91.70 -1.76 -114.55 -58.30 
33.3123 -17.5097 10.6758 117.77 29.30 86.43 -1.76 -118.95 -69.73 
32.9299 -22.6056 9.2190 118.95 34.28 80.86 -1.76 -119.24 -70.02 
33.7209 -18.5451 5.0409 115.72 27.83 78.81 -1.76 -119.24 -70.61 
33.8959 -13.8873 2.5878 112.50 22.85 78.81 -1.76 -118.07 -70.02 
33.6037 -10.1737 -0.7794 108.40 17.58 78.81 -1.76 -118.07 -70.02 
33.2954 -7.7998 0.0366 108.11 14.06 81.74 -1.76 -118.07 -70.02 
32.6420 -4.1226 -0.6406 106.93 10.55 83.20 -1.76 -117.77 -70.61 
31.9350 -1.1508 -2.0102 104.88 6.74 85.25 -1.76 -117.77 -70.02 
28.7121 8.0390 -1.6737 87.60 0.59 105.76 -1.76 -108.69 -70.02 
29.0315 7.0521 2.1411 79.10 0.59 105.76 -1.76 -87.01 -70.02 
29.5257 6.1487 1.0131 76.46 1.17 105.76 -1.76 -85.55 -70.02 
31.0454 1.4561 4.8792 76.17 6.74 105.76 -1.76 -75.88 -70.02 
31.8612 -1.2149 5.5581 76.17 10.25 105.76 -1.76 -74.71 -70.02 
32.9700 -5.2477 4.8404 74.71 15.23 105.76 -1.76 -72.95 -70.61 
33.2699 -7.1513 4.8309 74.71 16.99 105.76 -1.76 -72.66 -70.61 
33.6948 -10.2391 4.8144 74.71 22.56 105.76 -1.76 -72.95 -70.02 
33.9690 -13.6089 4.6668 74.41 26.95 105.76 -1.76 -72.66 -70.02 
34.0577 -16.5202 4.9135 74.41 29.59 105.76 -1.76 -72.66 -70.02 
33.9824 -18.5687 4.8381 74.41 31.64 105.76 -1.76 -72.36 -70.02 
33.8945 -18.9081 4.7703 74.41 32.23 105.76 -1.76 -72.36 -70.02 
33.8568 -14.3364 4.7299 74.41 26.95 105.76 -1.76 -72.95 -70.02 
33.4894 -9.0414 3.7584 74.41 21.68 105.76 -1.76 -75.59 -70.02 
33.1521 -6.3630 3.7934 74.41 16.70 105.76 -1.76 -75.88 -70.02 
31.5405 0.9311 1.4920 70.61 5.86 105.76 -1.76 -74.71 -69.73 
30.1344 4.6078 2.7235 67.97 -2.05 105.76 -1.76 -66.50 -69.43 
29.8320 4.6771 4.6833 69.73 -3.52 105.18 -1.76 -63.28 -69.14 
29.8952 2.9690 9.7228 76.46 -0.59 86.13 -1.76 -42.19 -69.73 
30.9775 -3.3355 13.6127 76.76 3.52 80.57 -1.76 -27.25 -69.43 
31.7581 -5.1233 12.2790 76.76 7.62 75.29 -1.76 -26.07 -69.43 
32.1207 -7.2962 12.2987 76.76 10.55 74.41 -1.76 -25.78 -69.43 
32.5072 -8.4266 12.1153 76.76 12.01 73.83 -1.76 -25.49 -69.73 
33.2955 -11.3082 9.8418 73.24 17.29 73.83 -1.76 -25.78 -69.43 
34.0953 -12.3299 4.9295 66.21 18.16 73.83 -1.46 -26.66 -69.43 
34.3076 -12.4565 0.0092 61.23 18.75 74.41 -1.46 -27.83 -69.43 
34.4974 -17.5812 -1.9975 59.77 23.44 74.41 -1.76 -27.54 -69.73 
34.2356 -23.0690 -1.8527 59.77 31.35 73.83 -1.76 -27.54 -69.73 
32.9985 -21.9298 10.4216 75.59 31.64 69.14 -1.76 -24.61 -69.43 
32.9779 -12.8317 11.2870 78.22 22.85 65.62 -1.76 -24.32 -69.73 
32.6749 -8.8368 10.6835 78.22 16.70 64.16 -1.76 -24.32 -69.73 
32.3669 -4.9277 9.1241 77.93 12.60 63.28 -1.76 -26.07 -69.43 
31.9306 -1.3976 6.8913 77.05 8.20 62.99 -1.76 -30.47 -69.43 
31.7899 0.0625 3.8294 74.41 7.03 62.99 -1.76 -31.93 -69.43 
31.4489 1.6173 0.7001 72.07 5.86 62.99 -1.76 -34.28 -69.43 
32.5731 -7.9049 10.3409 75.59 13.77 53.32 -1.76 -2.05 -69.43 
33.6086 -22.1974 17.2874 80.27 22.85 44.24 -1.76 10.84 -61.82 
35.0014 -23.8542 15.9189 81.74 22.85 44.24 -1.76 7.91 -54.79 
33.7166 -0.2015 -0.6965 67.97 2.64 44.24 -1.76 -9.96 -60.94 
27.3395 2.7623 -1.2245 60.94 7.62 44.24 -1.76 -10.25 -88.77 
25.5548 -2.3436 -0.7155 59.77 21.97 44.24 -1.76 -8.20 -101.66 
25.1250 -6.3532 8.1289 65.92 24.32 44.24 -1.76 2.05 -100.78 
25.4307 -9.0554 14.1365 73.54 22.27 40.72 -1.76 12.89 -94.92 
24.9407 -9.2510 16.0710 77.05 22.27 35.16 -1.76 19.04 -93.46 
26.5947 -5.4048 9.5509 70.90 18.46 32.23 -1.76 12.30 -93.46 
29.3377 -9.1174 18.0228 77.05 3.52 81.15 -1.76 -12.89 -75.29 
25.7381 -4.7595 15.5906 74.12 7.62 81.15 -1.76 -22.85 -88.48 
25.7472 -6.2767 12.4757 70.31 13.18 81.15 -1.76 -24.61 -92.87 
24.5027 -3.8172 13.5231 72.66 11.72 81.15 -1.76 -28.71 -93.75 
24.3151 -3.1022 13.5125 73.54 11.72 81.15 -1.76 -30.47 -93.75 
24.2903 -3.0534 13.5461 74.12 12.60 81.15 -1.76 -31.64 -94.34 
24.3251 -4.1719 15.4697 79.10 14.94 81.15 -1.76 -31.64 -92.29 
24.5595 -4.0234 14.8606 79.10 16.11 81.15 -1.76 -33.98 -91.99 
24.5719 -4.2997 14.8327 79.10 16.41 81.15 -1.76 -33.98 -92.29 
24.6087 -4.3961 14.7121 79.10 16.99 81.15 -1.76 -33.98 -92.29 
24.9598 -4.5529 14.9263 79.10 16.70 81.15 -1.76 -34.28 -90.82 
26.0824 -3.1609 14.4754 79.39 12.89 81.15 -1.76 -36.62 -86.13 
27.0144 -2.5420 13.4206 79.10 12.60 81.15 -1.76 -37.79 -84.67 
27.6735 -1.5446 12.7625 79.10 10.84 81.15 -1.76 -39.55 -81.74 
30.0265 -0.5303 8.5072 77.05 8.50 81.15 -1.76 -46.29 -75.00 
29.6175 -4.4917 16.5112 82.62 8.50 81.74 -1.76 -31.93 -71.48 
29.3665 -8.1093 18.7519 82.62 9.67 81.74 -1.76 -25.49 -72.07 
29.8528 -10.0425 18.5324 80.57 10.84 81.74 -1.76 -21.97 -71.78 
30.6953 -10.7322 17.0829 76.17 10.55 81.74 -1.76 -22.56 -71.78 
32.6078 -4.5638 2.4505 58.01 7.62 81.74 -1.76 -33.98 -71.48 
36.6306 -26.8797 26.5463 12.89 -3.52 81.74 -1.76 -32.52 -71.48 
27.6002 -4.4253 5.7637 45.12 -21.09 82.32 -1.76 5.27 -88.77 
21.3717 -4.4759 14.7442 60.94 -23.44 82.32 -1.76 3.52 -100.20 
17.5301 5.1302 4.0871 60.64 -29.59 82.32 -1.76 -12.30 -98.14 
21.2525 4.7340 10.9938 51.86 -27.83 82.32 -1.76 -12.30 -95.80 
20.7310 3.6540 9.2139 49.22 -27.25 82.32 -1.76 -12.89 -99.90 
20.5935 3.8788 9.2171 49.22 -27.54 82.32 -1.76 -14.06 -99.90 
20.5930 4.1186 9.1146 49.22 -26.95 82.32 -1.76 -14.36 -99.90 
20.6425 4.0217 9.0212 49.22 -26.66 82.32 -1.76 -14.36 -100.20 
20.5676 4.0459 9.0388 49.22 -26.66 82.32 -1.76 -14.65 -100.20 
20.5676 4.1145 9.0393 49.22 -26.95 82.32 -1.76 -14.36 -99.90 
20.6048 4.2226 8.9793 49.22 -26.95 82.32 -1.76 -14.65 -99.90 
20.5547 4.3524 8.9690 49.22 -26.95 82.32 -1.76 -14.65 -99.90 
20.5547 4.3524 8.9690 49.22 -26.95 82.32 -1.76 -14.94 -99.90 
20.5176 4.3813 9.0299 49.22 -27.25 82.32 -1.76 -14.94 -99.90 
20.4423 4.5397 8.9796 49.22 -27.25 82.32 -1.76 -15.23 -99.90 
20.4924 4.4797 8.9905 49.22 -27.25 82.32 -1.76 -15.23 -99.90 
20.5051 4.4135 9.0273 49.22 -27.25 82.32 -1.76 -14.94 -99.90 
20.5174 4.4496 8.9959 49.22 -27.25 82.32 -1.76 -14.94 -99.90 
20.4924 4.4797 8.9905 49.22 -27.25 82.32 -1.76 -14.94 -99.61 
20.5049 4.4818 8.9934 49.22 -27.25 82.32 -1.76 -14.94 -99.61 
20.5049 4.4818 8.9934 49.22 -27.25 82.32 -1.76 -15.23 -99.61 
20.4673 4.5439 8.9854 49.22 -27.25 82.32 -1.76 -15.23 -99.61 
20.4672 4.5778 8.9512 49.22 -27.25 82.32 -1.76 -15.23 -99.61 
20.4673 4.5781 8.9857 49.22 -27.54 82.32 -1.76 -15.53 -99.61 
20.4425 4.5741 9.0144 49.22 -27.54 82.32 -1.76 -15.23 -99.61 
20.4176 4.6384 9.0436 49.22 -27.83 82.32 -1.76 -15.23 -99.61 
20.3926 4.6340 9.0378 49.22 -27.83 82.32 -1.76 -15.23 -99.61 
20.3801 4.6658 9.0352 49.22 -27.83 82.32 -1.76 -15.23 -99.61 
20.3676 4.6976 9.0326 49.22 -27.83 82.32 -1.76 -15.23 -99.61 
20.3801 4.7340 9.0359 49.80 -27.83 82.32 -1.76 -15.23 -99.61 
20.4176 4.7409 9.0446 49.22 -27.83 82.32 -1.76 -15.23 -99.32 
20.6293 4.8471 8.8861 49.22 -27.83 82.32 -1.76 -15.23 -98.44 
21.3157 5.3701 8.6799 49.22 -27.83 82.32 -1.76 -15.23 -95.80 
22.3989 6.2846 7.8674 49.80 -28.12 82.32 -1.76 -15.82 -91.41 
23.0191 7.5189 6.9351 49.22 -28.12 82.32 -1.76 -16.99 -88.48 
23.7402 8.0328 6.1778 49.22 -28.12 82.32 -1.76 -17.29 -84.08 
24.1999 8.1811 5.6518 49.22 -27.83 82.32 -1.76 -17.29 -84.08 
24.6868 8.1173 5.5312 49.22 -27.83 82.32 -1.76 -16.99 -82.91 
25.5440 8.7113 4.5065 49.22 -28.71 82.32 -1.76 -16.70 -78.52 
25.4683 8.8719 4.3737 49.22 -28.71 82.32 -1.76 -16.70 -78.22 
26.0438 8.4031 4.4899 49.22 -28.71 82.32 -1.76 -14.06 -77.93 
25.3524 6.6988 6.1586 49.22 -28.71 82.32 -1.76 -12.30 -82.32 
25.0401 7.1565 6.1903 49.22 -29.00 82.32 -1.76 -12.89 -82.62 
26.0452 8.4961 4.7654 49.22 -29.88 82.32 -1.76 -14.65 -75.59 
26.3125 10.1833 3.2491 49.22 -30.47 82.32 -1.76 -16.11 -72.95 
26.3041 9.3470 4.0554 49.22 -30.47 82.32 -1.76 -14.94 -73.83 
26.0674 9.0741 4.2088 49.22 -30.47 82.32 -1.76 -14.36 -75.88 
24.7026 7.6376 6.1768 49.22 -29.30 82.32 -1.76 -14.36 -82.91 
26.6148 9.6040 3.7042 49.22 -30.47 82.32 -1.76 -14.65 -72.07 
27.4268 11.3208 1.1869 49.22 -31.35 82.32 -1.76 -16.41 -66.80 
27.4013 11.5219 1.0858 49.22 -31.35 82.32 -1.76 -16.99 -66.80 
31.0584 11.2117 4.9784 66.21 -29.00 82.32 -1.76 -19.92 -44.82 
29.9981 10.3612 10.2928 77.05 -28.71 82.32 -1.76 -18.16 -44.82 
20.2177 6.7330 4.1687 82.91 -31.64 82.32 -1.76 -22.56 -44.82 
23.4471 7.1959 5.0735 82.91 -27.25 82.32 -1.76 -11.43 -47.17 
29.4047 7.1218 9.1252 66.21 -23.44 82.32 -1.76 -15.53 -64.75 
27.5217 12.1293 0.1829 51.56 -29.59 82.32 -1.76 -18.16 -65.04 
27.3512 11.2271 5.9544 55.66 -33.98 82.32 -1.76 -9.96 -65.04 
29.6141 6.9965 6.0667 55.66 -33.40 82.32 -1.76 -0.59 -65.04 
29.4317 8.3534 4.6325 55.08 -33.40 82.32 -1.76 -3.22 -63.87 
27.1654 8.8392 6.2842 53.61 -33.69 82.32 -1.76 -7.91 -70.02 
26.6862 10.1589 5.4583 53.03 -33.69 82.32 -1.76 -11.43 -70.61 
26.8490 7.2894 5.5091 50.68 -31.93 82.32 -1.76 -8.20 -75.29 
26.6615 11.0680 3.0629 50.68 -31.93 82.32 -1.76 -19.92 -66.21 
26.9100 11.7378 2.7858 50.68 -33.40 82.32 -1.76 -15.53 -66.80 
28.2213 5.6799 12.3550 68.55 -30.18 82.62 -1.76 3.52 -67.09 
27.2787 -11.0877 11.3236 86.43 36.04 83.50 -1.76 -59.18 -91.99 
27.5247 -3.2150 3.2119 78.22 24.90 83.50 -1.76 -63.28 -91.41 
27.0678 -1.7012 4.3172 78.22 21.68 83.50 -1.76 -61.23 -91.41 
26.4603 0.4486 5.2757 78.22 16.70 83.50 -1.76 -58.59 -89.65 
27.4134 0.8261 5.9029 78.22 14.65 83.50 -1.76 -58.30 -85.84 
27.2249 2.4635 5.7060 78.52 10.84 83.50 -1.76 -58.59 -84.96 
28.4984 3.4109 5.4250 78.22 7.03 83.50 -1.76 -58.59 -77.34 
28.5257 4.4772 5.8808 78.81 3.81 83.50 -1.76 -59.18 -72.95 
29.6926 4.6597 6.7589 79.98 1.76 83.50 -1.76 -58.59 -69.43 
30.3561 4.5164 6.9605 79.98 0.88 83.50 -1.76 -58.01 -66.21 
30.7271 4.6123 8.6462 82.32 -1.17 83.50 -1.76 -56.84 -62.70 
30.4792 4.1535 11.4914 87.30 -0.29 83.50 -1.76 -56.54 -62.40 
30.8159 3.4022 11.3431 88.48 0.88 83.50 -1.76 -59.18 -62.40 
31.1864 2.9720 10.4579 88.77 2.34 83.50 -1.76 -60.94 -62.40 
31.5742 1.9590 10.5329 88.77 3.81 83.50 -1.46 -62.11 -62.40 
31.9502 0.6834 10.7255 88.77 5.86 83.50 -1.76 -62.11 -62.40 
32.2389 -0.3881 10.9652 88.48 7.03 83.50 -1.76 -61.82 -62.40 
32.6277 -1.7981 11.2351 88.77 8.50 83.50 -1.76 -61.82 -62.40 
32.9281 -3.1776 11.3121 89.06 10.55 83.50 -1.76 -61.82 -62.40 
33.0070 -4.0010 12.0770 89.06 11.43 83.50 -1.76 -60.94 -62.11 
33.2573 -5.0530 12.1528 89.36 13.48 83.50 -1.76 -60.94 -62.40 
33.5088 -6.7764 12.4351 89.36 15.23 83.50 -1.76 -61.82 -62.40 
33.5013 -8.2929 13.4294 90.82 17.58 83.50 -1.76 -60.94 -62.40 
33.2736 -10.7477 15.3414 92.58 19.92 83.79 -1.76 -60.94 -62.40 
33.5016 -12.8249 15.9322 93.46 23.44 83.50 -1.76 -61.23 -62.70 
33.5253 -13.9670 15.6748 93.46 25.20 83.50 -1.76 -61.23 -62.40 
33.7586 -14.9909 14.8615 93.46 26.37 83.50 -1.76 -62.11 -62.40 
34.2230 -14.5378 12.7928 91.11 26.07 83.50 -1.76 -62.99 -62.40 
34.3599 -14.3848 12.6821 90.82 26.07 83.50 -1.76 -62.99 -62.70 
34.8632 -14.0660 10.8780 88.77 25.20 83.50 -1.76 -62.99 -62.40 
34.7106 -13.3896 10.3642 87.89 24.61 83.50 -1.76 -63.28 -62.40 
34.6814 -12.9961 9.5510 87.01 24.32 83.50 -1.76 -62.99 -62.40 
35.0602 -12.5774 7.8525 84.38 22.85 83.50 -1.76 -62.99 -62.70 
35.1034 -12.0881 6.5179 83.50 22.56 83.50 -1.46 -62.99 -62.40 
35.3222 -11.8296 5.3198 80.57 21.68 83.50 -1.76 -62.99 -61.82 
35.3549 -11.4210 4.3832 79.69 21.39 83.50 -1.76 -62.99 -62.99 
35.4602 -10.9826 2.9721 78.52 20.80 83.50 -1.76 -62.99 -62.11 
35.4609 -11.1234 3.1051 78.52 20.80 83.50 -1.76 -62.70 -62.40 
35.4831 -10.9269 2.5669 78.52 20.80 83.50 -1.76 -62.99 -62.70 
35.4283 -11.0634 1.6256 76.17 20.80 83.50 -1.76 -62.99 -62.70 
35.4276 -10.7105 1.4966 76.17 20.51 83.50 -1.76 -63.28 -62.40 
35.3895 -10.4856 1.3701 76.17 20.21 83.50 -1.76 -62.99 -62.70 
35.3400 -9.6087 -0.9702 73.54 18.75 83.50 -1.76 -62.99 -62.11 
35.3123 -9.6141 -1.5089 72.66 18.75 83.50 -1.76 -62.99 -62.11 
35.3141 -8.7674 -1.1480 72.66 17.87 83.50 -1.76 -62.99 -62.11 
35.0389 -7.4455 -1.1966 72.66 16.11 83.50 -1.76 -62.99 -62.70 
34.9887 -6.8228 -1.2400 72.66 15.23 83.50 -1.76 -62.99 -62.11 
35.0397 -6.6303 -1.0465 72.66 15.23 83.50 -1.76 -62.99 -62.11 
34.7394 -5.8843 -1.1039 72.66 14.06 83.50 -1.76 -63.28 -62.11 
34.7027 -4.8156 -0.9468 72.66 12.60 83.50 -1.76 -62.99 -62.11 
34.5141 -4.5174 -1.1649 72.66 12.60 83.50 -1.76 -62.99 -62.11 
34.6413 -4.5367 -0.7338 72.66 12.01 83.50 -1.76 -62.70 -62.40 
35.1033 -4.3677 -0.8222 72.66 10.55 83.50 -1.76 -62.40 -58.89 
35.8136 -4.4466 -1.2346 72.66 8.50 83.50 -1.76 -62.40 -54.79 
35.6372 -3.7421 -1.5267 72.66 7.62 83.50 -1.76 -63.57 -54.79 
35.4621 -2.9768 -1.5462 73.24 7.03 83.50 -1.76 -65.04 -54.79 
35.8418 -3.0230 -0.6126 74.41 6.15 83.50 -1.76 -64.16 -52.15 
35.6835 -11.4122 17.3046 84.38 -1.46 83.50 -1.76 -15.23 -42.48 
35.0624 -12.3007 18.0613 84.38 -0.29 83.50 -1.76 -14.65 -44.82 
35.2721 -10.3932 17.5274 84.38 0.88 83.50 -1.76 -19.63 -47.17 
36.4482 -6.5907 5.5321 75.29 2.64 83.50 -1.76 -39.84 -48.05 
37.3388 -9.2217 3.7046 70.61 4.39 83.50 -1.76 -30.76 -48.34 
36.7447 -5.2701 4.8501 67.97 -1.17 83.50 -1.76 -27.83 -53.91 
32.3605 -3.3392 12.7613 74.12 -7.03 83.50 -1.76 -19.04 -59.47 
29.6992 -1.9243 15.3768 74.12 -8.20 83.50 -1.76 -15.82 -69.43 
29.3985 -0.8528 15.2379 74.12 -9.08 83.50 -1.76 -17.29 -69.14 
29.9458 -1.6156 14.7263 74.12 -5.86 83.50 -1.76 -19.92 -69.14 
29.4594 -1.1784 14.9311 74.12 -5.86 83.50 -1.76 -19.92 -69.14 
29.3486 -0.1499 15.2640 74.12 -7.62 83.50 -1.76 -19.92 -69.43 
29.3443 0.5538 14.4219 72.95 -8.79 83.50 -1.76 -21.09 -69.14 
29.2061 4.0859 9.3951 70.31 -8.20 83.50 -1.76 -34.57 -69.14 
28.3773 7.2012 6.1812 69.14 -9.38 83.50 -1.76 -39.55 -69.43 
27.9706 8.6308 4.8694 68.55 -10.25 83.50 -1.76 -43.65 -69.14 
27.5528 9.7787 3.8361 68.55 -10.55 83.50 -1.76 -46.00 -69.14 
26.7521 11.4504 3.6770 68.26 -12.89 83.79 -1.76 -46.88 -69.14 
28.0177 9.5206 4.3130 68.26 -11.13 83.50 -1.76 -44.53 -69.43 
30.0502 4.1071 5.8098 68.26 -4.98 83.50 -1.76 -38.96 -69.14 
31.8758 -3.0904 8.4020 68.26 3.22 83.50 -1.76 -28.12 -69.14 
32.5553 -7.8203 9.3039 68.26 8.20 83.50 -1.76 -25.49 -69.14 
32.4057 -11.5559 11.8186 68.85 9.08 83.50 -1.76 -19.63 -69.14 
30.8096 -12.9819 17.4441 74.12 5.57 83.50 -1.76 -9.38 -69.14 
30.8465 -11.3344 17.3182 74.12 2.93 83.79 -1.76 -9.96 -69.14 
30.9198 -5.7327 14.5373 72.07 -2.93 83.50 -1.76 -12.60 -69.14 
30.9612 -4.1258 12.8688 70.31 -5.57 83.50 -1.76 -13.77 -69.14 
31.1665 -3.3944 11.4647 67.38 -7.62 83.50 -1.76 -13.77 -69.14 
31.5836 -3.2237 9.9288 65.62 -7.62 83.50 -1.76 -13.77 -69.14 
31.4291 -2.4951 9.0354 63.87 -9.08 83.50 -1.76 -14.06 -69.14 
31.4430 -1.4555 6.8633 61.23 -9.67 83.50 -1.76 -16.41 -69.14 
31.4101 -0.0253 5.3269 59.77 -9.96 83.50 -1.76 -19.04 -69.14 
31.0538 1.2876 4.0947 58.30 -10.55 83.50 -1.76 -21.09 -69.14 
30.4149 2.9394 3.7954 58.01 -12.60 83.50 -1.76 -22.85 -69.14 
28.6249 7.6567 0.8376 58.01 -12.60 83.50 -1.46 -36.33 -69.14 
28.4777 8.0296 1.3773 58.59 -12.60 83.50 -1.76 -36.91 -69.14 
28.7359 7.7924 0.5534 61.23 -8.50 83.50 -1.76 -44.53 -69.14 
29.0100 6.8844 2.8253 65.33 -6.74 83.50 -1.76 -44.53 -69.14 
30.4982 2.6135 5.4356 67.09 -2.34 83.79 -1.76 -38.67 -69.14 
30.8161 0.0103 8.9384 70.90 -0.29 83.50 -1.76 -34.57 -69.43 
31.0061 -2.4540 11.8736 75.59 4.39 83.79 -1.76 -34.57 -69.14 
31.7069 -5.1656 12.0300 75.59 9.08 83.50 -1.46 -34.57 -69.14 
30.3588 -7.4613 17.2780 83.79 12.01 83.50 -1.76 -37.79 -69.14 
29.5336 -6.5764 19.6549 91.70 14.65 83.50 -1.76 -44.53 -68.85 
29.5534 -5.1348 18.6495 92.87 14.36 83.50 -1.76 -50.98 -69.14 
29.1794 -1.3879 16.3963 92.58 9.38 83.50 -1.76 -53.91 -69.14 
28.8582 0.8364 14.6763 92.58 7.32 83.50 -1.76 -55.08 -69.14 
28.6672 1.8831 14.0065 92.58 5.86 83.50 -1.46 -56.54 -69.14 
28.3038 2.9005 13.8233 92.58 3.81 83.50 -1.76 -56.54 -69.14 
27.8742 4.3773 12.9050 92.58 1.76 83.50 -1.76 -58.59 -69.14 
27.2195 7.0347 11.9812 90.53 -1.46 83.50 -1.76 -58.30 -69.14 
26.6387 8.7704 10.8314 89.94 -3.52 83.50 -1.76 -59.47 -69.14 
28.3034 6.8358 8.8549 88.48 0.88 83.50 -1.76 -63.57 -69.14 
29.4473 3.6873 10.1241 88.48 3.81 83.50 -1.76 -60.35 -69.14 
29.9052 1.3003 11.6819 88.48 7.03 83.50 -1.76 -57.42 -69.14 
30.5698 -1.0456 12.0885 88.48 10.55 83.50 -1.76 -57.71 -69.14 
31.2279 -5.5548 13.6839 89.36 16.70 83.50 -1.76 -56.84 -69.14 
30.7061 -7.4882 16.7557 93.16 18.75 83.50 -1.76 -56.84 -69.14 
30.5273 -8.8744 18.4431 95.80 21.09 83.50 -1.76 -56.84 -68.85 
35.9313 -21.1549 19.3327 96.09 18.46 83.50 -1.76 -52.15 -41.31 
37.3532 -21.7807 13.8715 89.65 19.04 83.50 -1.76 -51.86 -40.14 
37.5605 -20.5029 12.8432 88.77 17.87 83.50 -1.76 -51.86 -40.43 
37.8069 -20.9889 12.1448 88.48 18.16 83.50 -1.76 -51.86 -40.14 
39.0852 -22.9083 10.3753 87.89 13.48 83.50 -1.76 -51.86 -28.12 
39.0729 -19.4111 12.8515 89.94 10.55 83.50 -1.76 -50.10 -27.54 
38.6411 -19.7389 13.9587 90.23 9.96 83.50 -1.76 -43.36 -27.54 
38.2243 -20.5703 15.5665 90.23 9.08 83.50 -1.76 -31.05 -27.54 
38.3235 -18.9272 15.4085 90.23 7.32 83.50 -1.76 -30.76 -27.83 
38.3057 -7.7850 11.9152 87.30 -5.57 83.50 -1.76 -30.76 -27.54 
38.0052 -5.7220 11.8270 87.30 -7.62 83.50 -1.76 -31.05 -27.83 
37.6419 -3.2115 11.6580 87.30 -10.25 83.50 -1.76 -31.05 -27.54 
37.0770 -0.9718 11.1867 86.72 -12.89 83.50 -1.76 -31.05 -27.54 
36.6739 0.7674 10.5600 86.13 -14.65 83.50 -1.76 -31.05 -27.83 
36.0609 2.4525 10.4575 86.13 -16.11 83.50 -1.76 -31.05 -27.54 
35.6224 3.6254 10.2544 86.13 -17.87 83.50 -1.76 -31.05 -27.83 
35.3219 4.8444 10.1436 86.13 -19.63 83.50 -1.76 -31.05 -27.83 
35.0559 4.8170 9.4545 86.13 -20.80 83.50 -1.76 -30.76 -27.54 
34.6301 7.3242 6.8553 81.74 -23.44 83.50 -1.76 -30.76 -27.83 
34.1765 8.7620 6.1431 81.45 -24.61 83.50 -1.76 -31.05 -27.54 
33.9224 9.5897 5.3248 79.10 -25.49 83.50 -1.76 -31.35 -27.54 
35.3542 5.8213 6.6956 80.57 -19.92 83.50 -1.76 -31.35 -27.54 
36.3164 2.7937 9.0851 83.79 -16.11 83.50 -1.76 -31.05 -27.83 
29.7289 -6.7413 21.1885 87.30 6.45 83.50 -1.76 -28.42 -65.92 
29.9987 -5.9159 20.1831 87.30 7.03 83.50 -1.76 -31.64 -66.21 
30.5684 -6.8521 19.1468 87.30 10.55 83.79 -1.76 -36.62 -66.21 
31.5542 -7.0714 16.3999 83.79 10.25 83.50 -1.76 -33.98 -66.50 
28.7115 -6.8083 10.4458 66.21 9.67 83.79 -1.76 -24.61 -83.50 
28.2010 -5.1010 10.8214 66.21 6.45 83.50 -1.76 -24.02 -83.50 
27.4528 -2.5322 11.1540 66.21 0.88 83.50 -1.76 -23.73 -83.79 
26.8519 -0.5444 10.9782 66.21 -2.05 83.50 -1.46 -24.32 -83.79 
25.7621 2.8706 10.5064 65.92 -7.62 83.50 -1.76 -26.66 -83.79 
25.3091 4.3046 9.9094 65.33 -9.38 83.50 -1.76 -28.12 -83.50 
25.8212 3.4149 9.8357 65.33 -7.62 83.50 -1.76 -28.12 -83.50 
26.7442 1.3662 9.4616 65.33 -3.52 83.50 -1.46 -29.00 -83.79 
27.2697 -0.1891 9.5659 65.33 0.88 83.50 -1.76 -28.71 -83.50 
27.8760 -2.8078 10.8086 67.97 7.32 83.50 -1.76 -31.35 -83.79 
27.6861 -4.9509 12.7937 70.61 7.62 83.50 -1.76 -26.95 -83.50 
27.9805 -1.2987 9.2546 70.61 8.50 83.50 -1.76 -41.89 -83.79 
28.2290 -1.3209 6.5275 69.14 10.25 83.79 -1.76 -43.36 -83.50 
27.7070 0.2733 7.0862 68.55 6.74 83.50 -1.76 -39.55 -83.50 
27.8366 -2.7955 10.4465 68.85 7.03 82.62 -1.76 -28.71 -83.79 
27.7600 -1.9246 10.1191 68.55 5.57 55.96 -1.76 2.34 -83.79 
27.4890 -5.1188 13.3544 68.55 2.93 35.45 -1.76 28.42 -83.50 
27.5110 -4.1345 12.7665 68.55 2.34 34.57 -1.76 27.54 -83.50 
29.2954 -1.8662 -0.0237 65.04 16.99 44.24 -1.76 -11.72 -83.79 
30.0077 -10.9327 7.2719 66.21 23.44 59.18 -1.76 -11.43 -83.79 
28.2048 -5.6988 11.5623 73.24 13.48 60.06 -1.76 -11.13 -83.50 
27.1681 0.3987 9.2541 72.66 6.74 60.06 -1.76 -16.11 -83.50 
25.7883 4.2656 8.2898 72.36 0.88 60.06 -1.76 -18.46 -83.50 
24.1130 7.7775 8.2061 72.07 -4.98 60.06 -1.76 -18.75 -83.50 
22.6689 10.3467 6.8891 69.14 -10.55 60.06 -1.76 -19.34 -83.20 
22.8436 10.4278 6.8244 68.55 -11.43 60.06 -1.76 -19.92 -84.08 
23.4534 9.3529 8.7498 68.85 -11.13 60.06 -1.76 -14.94 -83.20 
26.4444 2.6717 9.4979 69.14 2.05 60.06 -1.76 -11.13 -83.50 
27.0305 1.2183 9.2275 69.14 2.34 60.06 -1.76 -11.43 -83.50 
27.1661 0.9281 8.8664 69.14 3.22 60.06 -1.76 -12.60 -83.50 
26.0062 4.5616 6.9099 69.14 -0.29 62.99 -1.46 -22.85 -83.50 
25.7142 4.6173 8.4608 69.14 -3.22 74.41 -1.76 -26.37 -83.50 
26.5742 -3.0002 15.3358 70.61 -2.34 91.70 -1.76 -25.78 -83.50 
25.6317 -4.1610 16.7800 72.95 -4.10 94.34 -1.76 -24.90 -83.50 
25.7082 -3.1320 17.0771 73.54 -2.34 89.06 -1.76 -25.49 -83.79 
25.4378 2.4100 13.0798 73.54 -2.34 77.93 -1.76 -25.49 -83.50 
25.5869 2.0532 12.9010 73.54 -1.17 77.34 -1.76 -25.49 -83.50 
25.6750 2.0087 13.0266 73.54 -1.46 77.05 -1.76 -24.90 -83.50 
25.9662 1.3184 13.7574 70.61 -3.52 84.96 -1.46 -24.32 -83.50 
26.5998 -6.3720 15.4538 68.55 -6.74 100.49 -1.46 -24.02 -83.50 
37.4756 -8.4567 -3.7577 68.55 -10.25 100.78 -1.76 -24.32 -83.50 
36.2515 -9.4451 -3.6066 68.55 -6.15 100.78 -1.76 -24.61 -83.50 
31.5835 -11.1446 -2.3101 68.55 1.17 100.49 -1.76 -22.85 -84.08 
27.4315 -4.9313 16.7710 72.36 -1.46 100.49 -1.76 -36.04 -79.98 
26.1424 -0.4611 13.9915 72.36 0.59 100.78 -1.76 -43.95 -83.79 
26.5921 -1.7519 13.9462 72.36 2.93 100.78 -1.76 -43.95 -83.50 
27.1866 -2.6118 12.8781 71.48 3.52 100.78 -1.76 -46.00 -83.50 
25.3014 3.9542 10.8467 71.19 -4.10 100.49 -1.76 -52.44 -83.50 
25.5239 4.3324 10.3633 71.19 -2.34 100.78 -1.76 -52.44 -83.50 
26.8862 0.9813 10.3505 71.19 1.76 100.49 -1.46 -52.15 -83.50 
28.0478 -2.4265 10.1835 70.90 8.20 100.78 -1.76 -52.15 -83.20 
28.7103 -4.8614 10.1966 70.90 12.89 100.78 -1.76 -52.15 -83.50 
29.0981 -7.2176 10.2651 70.90 17.87 100.78 -1.76 -51.56 -83.50 
27.9827 -18.1831 17.0091 74.12 24.90 100.78 -1.76 -38.38 -83.50 
29.6676 -7.8881 14.0838 74.71 11.13 100.78 -1.76 -45.12 -77.05 
29.3116 -4.4764 12.9059 74.71 9.08 100.78 -1.76 -47.75 -77.05 
28.7319 -1.4731 11.9866 74.71 5.27 100.49 -1.76 -52.44 -77.05 
27.5785 2.3252 11.2967 74.71 -0.59 100.78 -1.76 -53.91 -77.05 
26.7022 4.4758 11.0287 75.00 -4.10 100.78 -1.76 -54.79 -77.05 
25.8801 5.8032 11.5746 75.59 -5.57 100.78 -1.76 -54.49 -77.05 
25.3459 6.8459 12.2180 75.88 -7.62 100.78 -1.76 -54.49 -76.76 
25.0231 6.3909 15.0861 79.98 -7.03 100.78 -1.76 -52.73 -77.05 
25.7792 3.9565 16.2864 81.15 -4.10 100.78 -1.76 -50.39 -77.05 
26.5009 0.3058 18.0948 82.32 0.00 100.78 -1.76 -47.75 -77.05 
27.3109 -2.2085 17.6308 82.32 4.39 100.49 -1.76 -47.46 -76.76 
29.6806 -6.1743 14.1897 79.10 13.77 100.49 -1.76 -53.91 -77.05 
30.2225 -6.9264 12.6204 79.10 16.99 100.49 -1.76 -62.11 -77.05 
30.9330 -4.8030 7.3499 76.17 16.99 100.78 -1.76 -67.09 -77.05 
31.0011 -3.8412 5.9997 75.88 16.11 100.78 -1.76 -69.73 -75.59 
35.9667 -6.1262 4.2555 75.88 9.96 100.49 -1.76 -69.43 -53.03 
37.3724 -6.1198 7.8460 81.45 0.88 100.78 -1.76 -63.57 -39.84 
37.8307 -5.5780 7.0287 82.03 -2.34 100.49 -1.76 -62.99 -36.04 
25.5134 -13.4589 0.9781 82.03 -6.45 100.78 -1.76 -63.28 -28.42 
27.1931 -13.2590 -0.5126 82.03 -9.96 100.49 -1.76 -63.28 -26.66 
37.2090 2.4099 2.7807 79.39 -15.23 100.49 -1.76 -62.70 -26.66 
36.9003 1.2426 8.4034 84.38 -13.77 100.78 -1.76 -55.37 -26.95 
36.7010 -2.4284 15.8631 90.53 -11.72 100.78 -1.76 -43.95 -26.95 
36.4314 0.0943 12.0187 87.60 -14.36 100.78 -1.76 -45.70 -26.95 
36.7534 3.4869 6.5542 80.57 -17.58 100.78 -1.76 -50.10 -26.66 
36.2379 4.3318 3.5247 77.93 -19.04 100.78 -1.76 -51.27 -27.25 
37.7384 1.0188 3.6520 77.93 -14.94 100.49 -1.76 -50.98 -26.95 
38.5267 -2.8904 3.8220 77.93 -10.25 100.78 -1.76 -50.98 -26.37 
39.2405 -6.1191 4.0762 77.93 -6.45 100.49 -1.76 -50.98 -26.95 
39.8906 -10.9428 4.1088 77.93 -1.46 100.49 -1.76 -50.39 -26.95 
39.8321 -24.4459 4.8996 78.81 12.60 100.78 -1.76 -50.98 -26.37 
37.9460 -27.8006 14.9145 87.89 16.11 100.78 -1.46 -44.53 -31.35 
35.3493 -12.2714 5.7221 70.61 14.94 100.49 -1.76 -52.73 -60.35 
35.0929 -7.0436 4.4762 69.73 8.20 100.78 -1.76 -53.91 -58.30 
34.4171 -3.2833 4.3145 68.85 2.05 100.78 -1.76 -54.20 -58.30 
33.8414 -0.8121 4.1521 68.85 -0.88 100.78 -1.76 -54.49 -58.30 
32.6338 3.5124 2.6549 68.85 -4.69 100.78 -1.76 -60.94 -58.89 
31.0605 7.2135 0.5154 68.85 -7.91 100.49 -1.76 -66.21 -58.89 
33.1704 7.3049 -2.4136 68.55 -11.13 100.78 -1.76 -69.43 -46.88 
32.0070 5.7942 7.1835 77.64 -9.08 100.78 -1.76 -59.18 -54.20 
31.6466 3.1085 12.4667 81.45 -7.62 100.49 -1.76 -55.37 -54.20 
32.0982 1.3044 15.2396 84.08 -5.27 100.49 -1.76 -53.03 -54.49 
31.7989 -0.7769 17.8020 87.01 -2.93 100.78 -1.76 -49.80 -54.20 
31.9904 -3.4055 18.5937 87.30 -1.17 100.78 -1.76 -48.63 -53.91 
31.5733 0.1858 17.6853 87.30 -4.98 100.49 -1.76 -48.93 -53.91 
31.5629 2.8198 15.6463 84.96 -9.08 100.78 -1.46 -49.80 -53.32 
31.6514 3.8034 13.4111 82.62 -9.96 100.78 -1.76 -51.27 -53.61 
32.0490 4.4661 10.5095 78.81 -10.25 100.78 -1.76 -54.20 -53.32 
32.6944 3.4541 9.6104 77.05 -7.91 100.78 -1.76 -54.79 -53.61 
33.7100 1.7900 7.7902 76.17 -5.57 100.78 -1.76 -57.13 -53.61 
34.3772 0.0899 6.2744 75.29 -2.34 100.49 -1.76 -58.30 -53.32 
35.0114 -2.1441 5.6521 75.00 1.17 100.78 -1.76 -63.28 -53.32 
34.6087 -1.9015 7.5554 77.64 1.76 100.49 -1.76 -62.40 -53.61 
35.7593 -7.2542 10.1410 77.93 5.86 100.49 -1.76 -55.37 -53.61 
34.3948 -8.7681 14.6145 81.15 5.86 100.49 -1.76 -47.46 -53.61 
33.9489 -6.9821 15.4074 81.15 0.88 100.49 -1.76 -43.36 -53.61 
34.4608 1.8514 0.6367 65.62 -6.74 100.49 -1.76 -55.08 -53.32 
27.0102 5.3782 17.4828 88.48 -5.57 111.33 -1.76 -66.50 -66.50 
26.7935 6.8077 16.6636 87.60 -7.91 111.33 -1.76 -67.09 -66.50 
31.7850 -2.4684 12.6556 81.45 11.43 111.33 -1.76 -75.00 -66.21 
