nan
0.7692195
0.24274947
0.06873942
0.03965446
0.030627267
0.025581762
0.02374679
0.01982694
0.01815825
0.016501762
0.015036558
0.014596014
0.0135189425
0.01256714
0.011670203
0.010778537
0.010239486
0.009925158
0.008961209
0.008714506
0.008425443
0.008387209
0.008511607
0.0073415893
0.007680512
0.007815292
0.007202945
0.0073179374
0.00682772
0.0067156507
0.0065567438
0.0066567087
0.0063615935
0.00567587
0.005970239
0.006354817
0.005240229
0.0056209518
0.005440907
0.0052155526
0.0057467734
0.0055456846
0.0053509306
0.0045860787
0.004590149
0.004284841
0.0044056997
0.004518433
0.0046972525
0.0044423346
0.0041231397
0.0037345756
0.004070961
0.0041643917
0.004036984
0.0035061506
0.0035797886
0.0039685396
0.0036930174
0.003294243
0.003426165
0.0034049987
0.0032471202
0.0029072622
0.0030146975
0.0030735626
0.0029076484
0.0027498335
0.002861646
0.0030877418
0.0027648043
0.0025682857
0.00299225
0.0025018507
0.0024949054
0.0027111145
0.0021899445
0.0030370166
0.0022938433
0.0021380994
0.0025423826
0.002175663
0.0026534519
0.0018533969
0.0021510767
0.0020405352
0.0017670931
0.0022328093
0.0017746295
0.0018293787
0.0016977611
0.0015124036
0.001975296
0.0017269255
0.0013545342
0.0018807537
0.0019155202
0.0015029744
0.0015211644
0.0014924135
0.0016544309
0.0016524345
0.0014301321
0.0013298265
0.001394358
0.0013214806
0.0011931633
0.0011591649
0.001198616
0.0012785335
0.0014572107
0.0012220955
0.0010930506
0.0013629772
0.001430395
0.0012799735
0.0010204318
0.0009817855
0.0011066925
0.0012419478
0.000954869
0.00088778
0.0010577984
0.001050432
0.0010392793
0.0012634075
0.0008815247
0.0008496961
0.00097632007
0.0010499782
0.0011618192
0.0010000487
0.0011169073
0.00077347347
0.0009356154
0.00074837
0.0008791528
0.0007255455
0.0010222681
0.000999884
0.00088851014
0.0008462584
0.001016044
0.0008090545
0.0011525893
0.0010266602
0.0006423296
0.00068526977
0.00063256104
0.0009439756
0.0009003537
0.00077831827
0.0007855741
0.0007797403
0.0005823924
0.0006354682
0.0010791845
0.00073715096
0.00061438925
0.0007499568
0.0010062454
0.0007571946
0.00058338745
0.00056545564
0.0007055211
0.000572718
0.00068954664
0.0005474107
0.0006764859
0.0008439584
0.0009644802
0.0005689916
0.0005635835
0.0005267734
0.00065813935
0.0005207183
0.00050882745
0.00062661734
0.00053548336
0.00053189637
0.00053711975
0.00069583044
0.0011531617
0.0007690958
0.00063462334
0.00080541626
0.0006272148
0.0004975498
0.0005195764
0.0004987346
0.00049335463
0.0004731076
0.00050638313
0.0005060706
0.00092724845
0.00047362893
0.0007843783
0.00074004004
0.0006608977
0.0006297266
0.00062319747
0.0006328138
0.0004497876
0.000608139
0.00075768086
0.00060411455
0.00044040542
0.00053321634
0.00059991976
0.0006058504
0.00042085495
0.0007229474
0.0007795659
0.00046517802
0.00041364427
0.00068198564
0.0005662307
0.0005707822
0.00052541343
0.00041716002
0.00091104786
0.0007590372
0.0008282195
0.00061835756
0.00056349917
0.00041356115
0.0008508162
0.0006792776
0.00064047845
0.00066678657
0.00051641685
0.0008268447
0.00069535186
0.00043486565
0.0005114053
0.0005451907
0.0005276032
0.0005337031
0.0004926101
0.0003875827
0.00077260635
0.00065364246
0.00049487245
0.00039653547
0.00049746817
0.0006981306
0.00037756521
0.00033776276
0.00036638803
0.00050278933
0.0004798035
0.00036639778
0.0010274523
0.00042922172
0.0004880419
0.0007339277
0.00048079423
0.00036580267
0.00050069776
0.00032146875
0.00037147282
0.00046151128
0.00033087845
0.00048632297
0.00045943903
0.00046057178
0.0004724746
0.00050667085
0.00047749295
0.0005324333
0.00036604507
0.0005911854
0.00059158826
0.0006214237
0.00050662033
0.00047337546
0.00045496758
0.00030140168
0.00067681796
0.00067176623
0.0006919674
0.00033492825
0.00042512768
0.00090574264
0.0005008583
0.0004737578
0.00061428023
0.0003817546
0.00040967966
0.00043699463
0.00031952464
0.00030780188
0.00031808938
0.0005778643
0.0003168838
0.00032155667
0.00043275964
0.0002795987
0.00028590154
0.00028051878
0.0002917379
0.00043474094
0.0005656303
0.00032512608
0.0004180813
0.00029002535
0.00044938532
0.00031647136
0.00055242586
0.00039400026
0.0004069413
0.00031534568
0.00026551838
0.00028519827
0.00026086162
0.00042031755
0.00039376455
0.00052309246
0.00041900028
0.00031215846
0.00042928915
0.00042513682
0.00027384557
0.00038583382
0.0005241118
0.00026638896
0.00026095365
0.00053266366
0.0005308231
0.00039852725
0.00028899361
0.0006412667
0.0003213728
0.0004006018
0.00028229711
0.00041137313
0.00040038716
0.00026261323
0.00041027696
0.00038066893
0.00037933167
0.00044136122
0.00040775485
0.00051074504
0.000386853
0.00028720108
0.00050862407
0.0002764253
0.00025560736
0.00042909174
0.0002786998
0.00062432117
0.00042424665
0.0005240913
0.0003862732
0.00026225334
0.0004938301
0.00035428652
0.00041929088
0.000528772
0.0002645684
0.00046648973
0.00040405334
0.0005496008
0.000384849
0.00077419815
0.00025874242
0.0002676259
0.00052286463
0.00048692137
0.00028057053
0.0004023155
0.00028088855
0.00039602368
0.00038306232
0.00024022929
0.0003737431
0.00023971437
0.00047974213
0.0002682805
0.00048397144
0.00025815313
0.00024843484
0.00034279245
0.00038390275
0.00024820154
0.0006181364
0.00052141445
0.00024753512
0.00047780044
0.0005422886
0.0004267832
0.00044189367
0.00061675074
0.00027562672
0.00038167025
0.00021218364
0.00047996693
0.00024617702
0.00035364868
0.0002126347
0.00022591892
0.0003701188
0.0005766101
0.0002623532
0.00022818732
0.0003334311
0.00020690363
0.0002665136
0.00038172203
0.0003680164
0.00022421536
0.00023067564
0.00036866727
0.00037414665
0.00036072868
0.00034168412
0.0003477326
0.00021428308
0.00021968284
0.00071610644
0.00036766304
0.00037596672
0.00022042847
0.00021401946
0.00035050913
0.00038916746
0.0003512603
0.00033070656
0.00036263853
0.0004827339
0.00022260592
0.00031847548
0.00022045364
0.00050881243
0.00048057365
0.00025525634
0.0003374387
0.00028390932
0.00032813323
0.00034013134
0.0006671503
0.00050094165
0.0003726086
0.0003522332
0.00041738048
0.00037478074
0.00033632218
0.00021372219
0.00020558428
0.000358043
0.0002307296
0.00038515878
0.00025991138
0.00023055155
0.00035590358
0.00046577214
0.00036589094
0.00022489432
0.00023031264
0.00032338462
0.00047612292
0.00033028732
0.00021122025
0.00021581915
0.00033743147
0.0003338761
0.00022325915
0.00044888037
0.00043983772
0.00049961655
0.00022598155
0.0002107293
0.00022146397
0.00035806146
0.0003454016
0.00020509021
0.00019305114
0.0003235739
0.0002162769
0.00032041635
0.00044992432
0.00026253765
0.00048475064
0.00047110394
0.00033601318
0.0003733034
0.0003155354
0.00031694944
0.00020929151
0.00046010644
0.00020077996
0.00021257605
0.00019497631
0.0003279772
0.00036055912
0.00020171404
0.00083456544
0.0002828886
