39.6868 -11.8172 5.1836 79.39 34.57 70.61 -2.05 -54.49 -72.95 
39.7118 -11.8269 5.1835 79.39 34.86 70.61 -2.05 -54.49 -72.95 
39.7118 -11.8269 5.1835 79.39 34.86 70.61 -2.05 -54.79 -72.95 
39.6610 -11.8871 5.2593 79.39 34.57 70.61 -2.05 -54.49 -72.95 
35.0262 4.6364 20.9035 87.89 4.39 18.16 -1.76 19.04 -61.82 
34.6350 4.2753 21.2760 87.60 7.03 21.97 -1.76 14.06 -65.33 
34.4851 3.8035 20.9580 86.43 8.20 24.61 -1.76 11.43 -67.09 
34.7060 3.4794 20.4449 85.84 9.38 26.66 -1.76 8.50 -68.85 
35.3748 3.4397 19.4315 85.25 10.25 28.71 -1.76 5.86 -70.02 
34.5380 2.6826 19.1428 83.79 13.48 35.16 -1.76 -1.17 -75.00 
33.2209 2.4550 17.7658 82.91 14.94 37.50 -1.76 -4.10 -77.05 
32.9452 2.3886 17.0402 82.32 16.41 39.26 -1.76 -6.45 -78.52 
32.8239 2.3250 16.7975 81.74 17.58 42.48 -1.76 -9.08 -80.86 
32.6989 2.1409 15.9841 79.98 19.92 46.88 -1.76 -14.65 -83.79 
31.6523 2.1868 14.7048 79.69 21.09 48.63 -1.76 -16.99 -85.55 
31.1572 1.9516 14.6284 78.81 21.68 51.27 -1.76 -17.58 -87.01 
31.6866 2.1869 15.9688 77.05 17.58 50.98 -1.76 -12.60 -83.79 
32.4435 1.6519 17.1536 75.59 14.06 50.98 -1.76 -7.62 -79.98 
32.7736 1.5266 17.5098 75.00 12.60 50.98 -1.76 -5.57 -78.81 
33.6558 1.1384 18.0248 74.41 11.13 50.98 -1.76 -3.81 -77.34 
34.0508 1.2567 18.3086 72.95 8.50 50.98 -1.76 -1.76 -75.88 
35.4673 0.6259 18.8631 72.66 7.03 50.98 -1.76 0.29 -74.71 
34.8095 0.8469 18.8764 71.78 4.69 50.98 -1.76 4.10 -72.66 
35.2514 0.1045 18.4457 70.61 2.05 50.98 -1.76 7.03 -70.61 
36.1510 -0.4902 18.4745 69.43 0.29 50.98 -1.76 9.38 -68.85 
37.5363 -1.8043 18.4386 68.85 -0.29 50.98 -1.76 11.13 -67.68 
37.7849 -2.8871 17.4157 68.26 -0.29 50.98 -1.76 13.48 -65.92 
38.5763 -2.9950 17.2159 67.97 -0.59 50.98 -1.76 13.77 -65.04 
37.7586 -1.5960 17.7285 68.55 -0.59 51.56 -1.76 9.67 -65.33 
36.8416 0.0962 18.1684 70.61 -0.59 53.32 -1.76 5.27 -65.92 
36.5027 1.4940 18.3141 71.78 -0.59 54.20 -1.76 1.46 -66.21 
35.0662 4.0315 19.7459 75.29 -0.59 56.84 -1.76 -6.74 -67.09 
33.7874 6.4455 19.8184 77.05 -0.59 58.01 -1.76 -10.25 -68.26 
33.2750 7.0414 20.8018 79.10 0.59 59.18 -1.76 -14.65 -68.26 
32.6929 8.8225 20.5058 82.62 1.17 61.82 -1.76 -22.27 -69.73 
31.8990 9.4866 19.9168 85.25 2.64 62.99 -1.76 -27.54 -69.73 
31.1131 10.5597 19.7617 87.01 3.22 64.45 -1.76 -31.93 -70.90 
31.0308 11.2791 19.6086 89.06 3.81 65.92 -1.76 -36.04 -71.48 
30.0957 11.4049 19.0309 90.53 4.39 67.38 -1.76 -40.43 -72.07 
31.1826 12.7167 19.0820 92.29 3.22 67.97 -1.76 -43.95 -72.66 
30.3477 12.1444 18.8269 94.04 6.15 69.73 -1.76 -47.75 -72.95 
31.0564 10.8064 18.7514 94.92 8.20 70.31 -1.76 -49.51 -72.95 
31.9152 8.8279 17.1085 93.75 10.25 70.31 -1.76 -50.10 -72.95 
33.1814 6.7966 16.7432 92.29 13.48 70.31 -1.76 -50.39 -72.95 
34.4214 4.5971 15.2692 90.53 15.23 70.31 -1.76 -51.27 -72.95 
35.3176 2.3062 14.4113 89.65 17.58 70.31 -1.76 -51.27 -72.95 
35.8005 1.3162 13.4349 89.06 18.75 70.90 -1.76 -51.56 -72.95 
37.1682 -0.3705 13.1242 87.30 21.09 70.61 -1.76 -52.15 -72.95 
37.0462 -1.5370 12.0862 86.13 22.56 70.61 -1.76 -52.44 -72.95 
37.7428 -4.0868 10.6802 84.08 25.78 70.61 -1.76 -53.03 -72.95 
38.8102 -6.9284 9.0042 82.91 29.30 70.61 -1.76 -53.32 -72.95 
39.3620 -9.5818 6.3873 80.27 32.81 70.61 -1.76 -54.20 -72.95 
39.7936 -11.7794 5.7451 79.39 34.57 70.61 -1.76 -54.49 -72.95 
39.6462 -11.8017 5.4870 79.39 34.57 70.61 -1.76 -54.49 -72.95 
39.5087 -11.7487 5.4863 79.39 34.57 70.61 -1.76 -54.49 -72.95 
39.4462 -11.7245 5.4860 79.39 34.57 70.61 -1.76 -54.79 -72.95 
39.3959 -11.6263 5.5896 79.39 34.57 70.61 -1.76 -54.49 -72.95 
39.3462 -11.6069 5.4856 79.39 34.57 70.61 -1.76 -54.49 -72.95 
