-0.999559860119384,-0.773645673210469,0,0.997674118127195,0.981850168475113,1,0,0,35.9526
0,-0.600300092863407,-1.00000000000000,-0.0613969505807154,0.162806074584961,0,1,0,-1.1971
-0.0296662440851108,-0.202761364246013,0,0.0296102765693533,0.0972852956187576,0,0,1,6.3928
-0.997719754796491,-0.300824714344113,0,0.997666857497553,0.979716350824628,1,0,0,26.1651
0,-0.901294986670449,-1.00000000000000,0.0102972606021891,0.200325452656131,0,1,0,10.3016
0.0674928950988966,-0.311723977650898,0,-0.0674893167475298,0.00505815628375930,0,0,1,6.1992
-0.994132099387155,-0.397649453707144,0,0.990379310849938,0.993849134237189,1,0,0,28.1847
0,-0.894693624974189,-1.00000000000000,-0.0868079998954362,0.104536539508961,0,1,0,7.4782
0.108172866136050,-0.203465548427626,0,-0.107764520110080,-0.0365514744364794,0,0,1,2.7514
-0.968539741803012,-0.732821992215216,0,0.949331223003150,0.992968284671389,1,0,0,34.4133
0,-0.514747272956546,-1.00000000000000,-0.198170582048019,0.0136969307200862,0,1,0,-6.3919
0.248858933028644,-0.444979968885702,0,-0.243923449963493,0.117585627206769,0,0,1,8.4533
-0.996133609143173,-0.834198639241621,0,0.988015148365056,0.997854442888281,1,0,0,37.0936
0,-0.535843849572514,-1.00000000000000,-0.127410837330209,0.0635881225330989,0,1,0,-4.9392
0.0878511965507433,-0.130322673248890,0,-0.0871352117802653,-0.0155904291420487,0,0,1,2.2112
-0.994132099387155,-0.629011892790921,0,0.932926112495871,0.986574494900429,1,0,0,31.9416
0,-0.754221637118798,-1.00000000000000,-0.345461991671052,-0.161429011739661,0,1,0,-3.6311
0.108172866136050,-0.188397879047038,0,-0.101512959438743,0.0247273164884371,0,0,1,4.1604
-0.996565502497761,-0.717691865862574,0,0.995262722195348,0.988761759216812,1,0,0,35.3298
0,-0.654422972732704,-1.00000000000000,-0.0511158613502364,0.149323252956820,0,1,0,-0.6825
0.0828082075122044,-0.238010416651010,0,-0.0826999548169679,-0.00726289452411712,0,0,1,4.3549
-0.893214491985374,-0.730943349420810,0,0.882723748033576,0.997213569769850,1,0,0,33.6535
0,-0.476977852010387,-1.00000000000000,-0.152813355564627,0.0114966071932492,0,1,0,-7.3392
0.449630816678874,-0.488071663415369,0,-0.444349933069237,-0.0737083732686969,0,0,1,4.0747
-0.996565502497761,-0.621629177613694,0,0.996447962035103,0.982809709844039,1,0,0,32.9853
0,-0.733581634069280,-1.00000000000000,-0.0153582935749528,0.184497328209334,0,1,0,3.3509
0.0828082075122044,-0.274654604358944,0,-0.0827984406529276,-0.00676831736050054,0,0,1,5.3884
-0.999648126594414,-0.312196169916035,0,0.980846469943543,0.999008795599789,1,0,0,25.8796
0,-0.906392536933647,-1.00000000000000,-0.193035743749306,-0.00743674902521596,0,1,0,5.6797
0.0265258929402460,-0.284580604540692,0,-0.0260269866569727,0.0438875959491302,0,0,1,6.586
-0.906602609356838,-0.696174510848716,0,0.902770333779255,0.996949190051057,1,0,0,33.2784
0,-0.462229139757524,-1.00000000000000,-0.0918492145756212,0.0662675801763924,0,1,0,-6.2641
0.421985436605783,-0.549258839531573,0,-0.420201673283121,-0.0412422147090403,0,0,1,6.4914
-0.993211314800306,-0.721339017339515,0,0.932062018090726,0.970692484895420,1,0,0,33.5687
0,-0.656958598191721,-1.00000000000000,-0.345461991671052,-0.132665072832138,0,1,0,-6.0434
-0.116324048041013,-0.219261082560569,0,0.109162295428932,0.200389815654386,0,0,1,9.4837
-0.997365364087949,-0.311702762584285,0,0.997352588700200,0.982683008481816,1,0,0,26.4243
0,-0.944451657971004,-1.00000000000000,-0.00506143321981194,0.185294607315068,0,1,0,11.5294
0.0725419224842708,-0.104175110046241,0,-0.0725409932849812,-0.000115503597789626,0,0,1,0.6726
-0.996133609143173,-0.724803584725063,0,0.996120849533139,0.983481602662930,1,0,0,34.9542
0,-0.674002880195821,-1.00000000000000,-0.00506143321981194,0.180291522865227,0,1,0,1.7891
0.0878511965507433,-0.142758120810815,0,-0.0878500712528931,-0.0160904942898606,0,0,1,1.792
-0.869063552886555,-0.759195556150496,0,0.822942462674343,0.981769671555843,1,0,0,33.1908
0,-0.496406002222889,-1.00000000000000,-0.321439465303162,-0.148469290008020,0,1,0,-10.5995
0.494700455876278,-0.420955090809492,0,-0.468446766744212,-0.118681009170152,0,0,1,2.1103
-0.998889874961970,-0.261980110021565,0,0.998836915625375,0.979408809422320,1,0,0,25.3965
0,-0.932602695597136,-1.00000000000000,0.0102972606021891,0.200325452656131,0,1,0,11.4274
0.0471064507096427,-0.248231009581891,0,-0.0471039532107277,0.0250618643374935,0,0,1,4.9946
-0.996565502497761,-0.634167256257207,0,0.996241973806764,0.985421362120833,1,0,0,33.2302
0,-0.699626313787210,-1.00000000000000,-0.0254790495169004,0.169907665062321,0,1,0,2.2143
0.0828082075122044,-0.329173073242219,0,-0.0827813243510744,-0.00872493146063291,0,0,1,6.8412
-0.999321983024376,-0.754148613913497,0,0.955707344439574,0.993887742885323,1,0,0,35.0358
0,-0.626757940213328,-1.00000000000000,-0.292204793604068,-0.104510218730250,0,1,0,-6.8892
0.0368181238553564,-0.196046812042171,0,-0.0352112251854583,0.0355635870417069,0,0,1,5.5215
-0.999937615001086,-0.385904062844725,0,0.986567562160158,0.997751966910128,1,0,0,27.7343
0,-0.843017510937367,-1.00000000000000,-0.162981573647658,0.0277675650449068,0,1,0,4.0509
0.0111698749294222,-0.374699253445883,0,-0.0110205237941189,0.0609915966215689,0,0,1,9.994
-0.999991942880066,-0.785120383834894,0,0.988247104970755,0.947531911941119,1,0,0,36.0778
0,-0.503316770188960,-1.00000000000000,-0.152813355564627,0.184973867952056,0,1,0,-5.2889
-0.00401424649846385,-0.360913025164654,0,0.00396709944414190,0.260706624442233,0,0,1,11.3169
-0.998059468658570,-0.763091880569597,0,0.993346988995871,0.993382794835947,1,0,0,35.7563
0,-0.638872256134191,-1.00000000000000,-0.0970617865584347,0.103976283116530,0,1,0,-1.2532
0.0622679453729828,-0.0976371965531835,0,-0.0619739384170620,0.0487806875022635,0,0,1,2.2233
-0.856176919486242,-0.754097976103182,0,0.829426993035174,0.984976292737929,1,0,0,33.2511
0,-0.500925788139377,-1.00000000000000,-0.248013628005925,-0.0804756625251771,0,1,0,-8.7322
0.516682767797658,-0.424746509360618,0,-0.500539812150810,-0.152791918913861,0,0,1,1.1557
-0.997365364087949,-0.306931202795035,0,0.997365364087949,0.981735101922859,1,0,0,26.2002
0,-0.945974816943982,-1.00000000000000,6.12323399573677e-17,0.190252956573018,0,1,0,11.7272
0.0725419224842708,-0.104522162523521,0,-0.0725419224842708,-4.65589897270524e-5,0,0,1,0.8553
-0.998059468658570,-0.772559470031618,0,0.994717638798726,0.994489748391358,1,0,0,35.9723
0,-0.631503358633625,-1.00000000000000,-0.0817645613444447,0.104491684652557,0,1,0,-1.2835
0.0622679453729828,-0.0659952520937406,0,-0.0620594519057165,0.00846334348618845,0,0,1,0.4584
-0.971009250968030,-0.818824752021353,0,0.950765615968829,0.993685640589824,1,0,0,36.3066
0,-0.526796448155542,-1.00000000000000,-0.203129096238182,0.0935435103080502,0,1,0,-5.6034
0.239041909577599,-0.228060359746876,0,-0.234058355443406,0.0619553013457242,0,0,1,2.2793
-0.999865423042539,-0.652118682733017,0,0.983908268443184,0.998413021751399,1,0,0,33.195
0,-0.612313487131122,-1.00000000000000,-0.177943545473842,0.0129828799330355,0,1,0,-3.7914
0.0164053590013620,-0.447004940809248,0,-0.0161435409168381,0.0547985659108422,0,0,1,12.1799
-0.850811109424051,-0.764626179213251,0,0.813678113581049,0.979382428540893,1,0,0,33.136
0,-0.492119705320975,-1.00000000000000,-0.292204793604068,-0.122709707171602,0,1,0,-9.7462
0.525471651072268,-0.416130991031120,0,-0.502537845414640,-0.160475501031161,0,0,1,0.6502
-0.999897589371505,-0.769632057446148,0,0.976945514583917,0.970164521600156,1,0,0,35.3956
0,-0.623912569782239,-1.00000000000000,-0.213030386274976,0.182028330690869,0,1,0,-2.4574
-0.0143112113062917,-0.135645130465241,0,0.0139827056716203,0.160145208652137,0,0,1,5.0035
-0.997365364087949,-0.347711348832731,0,0.966204222591393,0.998264699054682,1,0,0,26.4268
0,-0.914364574690199,-1.00000000000000,-0.248013628005925,-0.0588855655734857,0,1,0,4.4339
0.0725419224842708,-0.207446962967728,0,-0.0702754620753197,-0.000284232926031955,0,0,1,3.6059
-0.998889874961970,-0.285281090302647,0,0.998877080046555,0.980443162303164,1,0,0,25.9341
0,-0.897376004618043,-1.00000000000000,0.00506143321981206,0.195206431879298,0,1,0,10.1693
0.0471064507096427,-0.336646707768681,0,-0.0471058473167488,0.0250130854938800,0,0,1,7.4805
-0.996985422603909,-0.839091546699076,0,0.935603764427582,0.986314142141596,1,0,0,36.035
0,-0.520164122257327,-1.00000000000000,-0.345461991671052,-0.164761323691946,0,1,0,-10.3551
0.0775890914710661,-0.159231473567311,0,-0.0728121439020134,-0.00617407699706279,0,0,1,2.9383
-0.998059468658570,-0.783460267043142,0,0.917762959718752,0.981254868692906,1,0,0,34.8399
0,-0.602983076991879,-1.00000000000000,-0.392979177487581,-0.188666118243738,0,1,0,-8.928
0.0622679453729828,-0.150337682655062,0,-0.0572583254161420,0.0392934917423607,0,0,1,3.8875
-0.994666875152874,-0.729318815505333,0,0.993611192437716,0.995062543488886,1,0,0,35.1946
0,-0.527630917198747,-1.00000000000000,-0.0460603900408522,0.0818529580997974,0,1,0,-4.0824
0.103139747302467,-0.435545268101843,0,-0.103030280654695,0.0561304533719650,0,0,1,9.6938
-0.999321983024376,-0.789622180032801,0,0.914831316466309,0.974779866680940,1,0,0,34.8999
0,-0.579808270574435,-1.00000000000000,-0.402427161348656,-0.220201893990843,0,1,0,-10.9399
0.0368181238553564,-0.200796369921693,0,-0.0337052254314251,0.0362675805139376,0,0,1,5.8473
-0.998059468658570,-0.692227304191039,0,0.990556262124654,0.995610295455804,1,0,0,34.2095
0,-0.712712338734839,-1.00000000000000,-0.122389022625539,0.0728918791525485,0,1,0,0.347
0.0622679453729828,-0.113412880871283,0,-0.0617998277214324,0.0587104210172058,0,0,1,2.8203
-0.998059468658570,-0.815969362559787,0,0.972908513609608,0.998948693201930,1,0,0,36.3839
0,-0.567794691263011,-1.00000000000000,-0.223079984688928,-0.0143795635160441,0,1,0,-6.5197
0.0622679453729828,-0.108642477591945,0,-0.0606988021062273,0.0435285711141990,0,0,1,2.7423
-0.984747078366713,-0.800447049092952,0,0.966225684725456,0.987097958872106,1,0,0,35.9725
0,-0.526962100281075,-1.00000000000000,-0.193035743749306,0.0952024079270171,0,1,0,-5.2361
0.173991929836482,-0.285649201759332,0,-0.170719441810167,0.128740518545714,0,0,1,5.3955
-0.971009250968030,-0.822165871186901,0,0.959604812820043,0.986092943025142,1,0,0,36.407
0,-0.560576623238675,-1.00000000000000,-0.152813355564627,0.0650351991117017,0,1,0,-3.8914
0.239041909577599,-0.0989804512709933,0,-0.236234378475463,-0.152941592094877,0,0,1,-2.5293
-0.972694923667133,-0.721487835899968,0,0.968583271040131,0.948614190835133,1,0,0,34.3791
0,-0.621790171224049,-1.00000000000000,-0.0918492145756212,0.0991532756925134,0,1,0,-1.5968
-0.232087452207547,-0.304683910992275,0,0.231106401562227,0.300499159509058,0,0,1,13.9854
-0.998638653892066,-0.825724769835875,0,0.931746193732145,0.985187772140046,1,0,0,35.8768
0,-0.466716108316516,-1.00000000000000,-0.359833971528305,-0.170119987305696,0,1,0,-13.4884
0.0521616617128152,-0.316788065932694,0,-0.0486676833209304,0.0215463116296430,0,0,1,8.6828
-0.926987583925750,-0.848625336571326,0,0.903627630149049,0.993951186165811,1,0,0,36.4585
0,-0.516596698292261,-1.00000000000000,-0.223079984688928,0.0812643655645606,0,1,0,-7.3203
0.375092014374474,-0.113854685642441,0,-0.365639749565608,-0.0738724739599661,0,0,1,-4.6685
-0.969786918517233,-0.743820124968385,0,0.939487422988773,0.997579748447985,1,0,0,34.6809
0,-0.592374429361856,-1.00000000000000,-0.248013628005925,0.0517177440712786,0,1,0,-4.7549
0.243953546137066,-0.309554772423607,0,-0.236331594098742,0.0464749441595511,0,0,1,4.5583
-0.999937615001086,-0.429924303975547,0,0.988193415169049,0.997157781004205,1,0,0,28.8069
0,-0.782216814113766,-1.00000000000000,-0.152813355564627,0.0431348154880168,0,1,0,1.9914
0.0111698749294222,-0.450890173511079,0,-0.0110386855018999,0.0617717368671570,0,0,1,11.9825
-0.979994237456559,-0.815349636759291,0,0.886725297311503,0.997785436371234,1,0,0,35.4598
0,-0.574776579919483,-1.00000000000000,-0.425779291565073,-0.0396446686176194,0,1,0,-8.84
0.199025864027610,-0.0695474874639898,0,-0.180083985912605,-0.0534090181117921,0,0,1,-1.9979
-0.999897589371505,-0.783394197787766,0,0.989674867301912,0.954663076105190,1,0,0,35.7418
0,-0.610928915338175,-1.00000000000000,-0.142628933705512,0.251083523901729,0,1,0,-1.0465
-0.0143112113062917,-0.114277693694715,0,0.0141648967864664,0.159923341468548,0,0,1,4.2759
-0.998059468658570,-0.630145615411566,0,0.970564276639642,0.996543060519659,1,0,0,32.4933
0,-0.756419633050811,-1.00000000000000,-0.233105928507328,-0.0456911700018859,0,1,0,-0.7512
0.0622679453729828,-0.175344923259428,0,-0.0605525474749443,0.0693847642784022,0,0,1,4.5004
-0.999897589371505,-0.823701674554342,0,0.999779655904039,0.914878055795899,1,0,0,36.4636
0,-0.551540537250228,-1.00000000000000,-0.0153582935749528,0.370950770278231,0,1,0,0.1724
-0.0143112113062917,-0.131600102986675,0,0.0143095233626554,0.159353911320377,0,0,1,4.3595
-0.996565502497761,-0.312454358956016,0,0.996552737355548,0.980710428281060,1,0,0,26.3038
0,-0.890164751566647,-1.00000000000000,0.00506143321981206,0.195206431879298,0,1,0,9.7728
0.0828082075122044,-0.331630801702247,0,-0.0828071468106823,-0.0100749597385028,0,0,1,6.4369
-0.997719754796491,-0.769297289854120,0,0.995837484296121,0.993342521220290,1,0,0,35.656
0,-0.567970478088385,-1.00000000000000,-0.0613969505807154,0.0988176236652760,0,1,0,-2.3601
0.0674928950988966,-0.292559764566416,0,-0.0673655648693221,0.0592090600234895,0,0,1,7.0418
-0.980374533384952,-0.666076800252825,0,0.939024781449587,0.956864811804081,1,0,0,32.6321
0,-0.697861203840986,-1.00000000000000,-0.287360519849712,-0.0723842172463372,0,1,0,-2.8934
-0.197144044521352,-0.263308633239718,0,0.188829000567337,0.281372097097022,0,0,1,12.0953
-0.999648126594414,-0.799037417678627,0,0.986281944470254,0.964492705476645,1,0,0,36.6
0,-0.522726216186711,-1.00000000000000,-0.162981573647658,0.222620955903304,0,1,0,-5.7973
0.0265258929402460,-0.297147283448117,0,-0.0261712182236002,0.142104648323133,0,0,1,8.3323
-0.996133609143173,-0.717342937837668,0,0.996016119620411,0.984493186916623,1,0,0,34.8911
0,-0.682137626157426,-1.00000000000000,-0.0153582935749528,0.174829794741412,0,1,0,2.0458
0.0878511965507433,-0.141800453154199,0,-0.0878408348933692,-0.0144120708236896,0,0,1,1.6704
-0.981958712696444,-0.719168206590505,0,0.950034086075943,0.994040840471894,1,0,0,34.1483
0,-0.645341202452848,-1.00000000000000,-0.252913747716370,-0.0367967606683575,0,1,0,-4.3917
0.189095442989892,-0.257549651613254,0,-0.182947728900657,-0.102609969682508,0,0,1,3.0582
-0.997719754796491,-0.757117265576007,0,0.996415465574538,0.991685028608067,1,0,0,35.8334
0,-0.612964784480064,-1.00000000000000,-0.0511158613502364,0.122119061864930,0,1,0,-1.6515
0.0674928950988966,-0.225937201792930,0,-0.0674046636539316,0.0405923485874798,0,0,1,5.0663
-0.988094499846443,-0.706777212294228,0,0.889750087509315,0.964202804344519,1,0,0,32.7385
0,-0.668557299906579,-1.00000000000000,-0.434916802325345,-0.265146676151451,0,1,0,-8.2487
0.153848169872790,-0.231294420432538,0,-0.138535760120855,-0.00319252564649700,0,0,1,4.326
-0.912976655836507,-0.722827795349905,0,0.874469578228856,0.993961933188553,1,0,0,33.2665
0,-0.631554206422522,-1.00000000000000,-0.287360519849712,-0.0127837145731671,0,1,0,-4.6285
0.408011796272593,-0.280462586844687,0,-0.390802876632133,-0.108978218070337,0,0,1,-0.7152
-0.974566000575431,-0.812982970513714,0,0.955237966282371,0.992143629916299,1,0,0,36.2337
0,-0.534049031175825,-1.00000000000000,-0.198170582048019,0.0983510180152005,0,1,0,-5.1702
0.224100670508613,-0.232056721417115,0,-0.219656204518490,0.0773181406390725,0,0,1,2.6959
-0.999396902908720,-0.655887705626117,0,0.975328189378290,0.992560119232671,1,0,0,33.1004
0,-0.749645448504791,-1.00000000000000,-0.218143241396543,-0.00116220356900312,0,1,0,-0.6269
-0.0347250695673794,-0.0885608217247311,0,0.0338887774502947,0.121749985592155,0,0,1,3.4553
-0.954552960023640,-0.836305273590439,0,0.932641745155178,0.996472103600213,1,0,0,36.4659
0,-0.519272857623123,-1.00000000000000,-0.213030386274976,0.0839214288463745,0,1,0,-6.3787
0.298041350336003,-0.175923815047128,0,-0.291199982344501,0.000735205378713910,0,0,1,-0.7736
-0.988094499846443,-0.819284126415128,0,0.984364502882260,0.989206202505550,1,0,0,36.8304
0,-0.563093310567834,-1.00000000000000,-0.0868079998954362,0.130945131399529,0,1,0,-3.5872
0.153848169872790,-0.108163967188513,0,-0.153267402338248,-0.0657606378262092,0,0,1,-0.3848
-0.989626327559484,-0.771211704042545,0,0.954869740739943,0.994647250978742,1,0,0,35.208
0,-0.514715509772166,-1.00000000000000,-0.262694424132390,-0.0736466637877276,0,1,0,-8.8445
0.143665346556254,-0.374567018766700,0,-0.138619687450907,-0.0724776864515463,0,0,1,7.4342
-0.972206707841360,-0.845611393626722,0,0.964897857064766,0.970105028823056,1,0,0,36.8348
0,-0.514754714203499,-1.00000000000000,-0.122389022625539,0.241804150668304,0,1,0,-3.4578
0.234124149177877,-0.141311553575591,0,-0.232364051807908,-0.0206636340413961,0,0,1,-0.9042
-0.990340803859696,-0.744164582550523,0,0.988152037900206,0.998296569600512,1,0,0,35.1798
0,-0.489612773964341,-1.00000000000000,-0.0664480485987361,0.0509578962011366,0,1,0,-5.3357
0.138654578757903,-0.454420956436154,0,-0.138348136348451,0.0284121794061093,0,0,1,9.2442
-0.978328665437711,-0.549001055073675,0,0.972698220228286,0.947457437788036,1,0,0,30.4952
0,-0.818987726992022,-1.00000000000000,-0.107131754313874,0.105526248137089,0,1,0,4.8103
-0.207058016949038,-0.166903998048077,0,0.205866363406839,0.301974526300217,0,0,1,9.7204
-0.986486509099847,-0.787308162721963,0,0.970742872633268,0.982855991312004,1,0,0,35.8696
0,-0.522545902169701,-1.00000000000000,-0.177943545473842,0.100988712280767,0,1,0,-5.6212
0.163842507805507,-0.327248585996977,0,-0.161227695685048,0.154257513055182,0,0,1,7.2622
-0.998889874961970,-0.806332808617251,0,0.944241664482034,0.990516555576210,1,0,0,36.0153
0,-0.492228402642878,-1.00000000000000,-0.326228171555873,-0.134857529620942,0,1,0,-11.8586
0.0471064507096427,-0.327930787482751,0,-0.0445293065240123,0.0262754606805883,0,0,1,8.8798
-0.976821953852065,-0.863636998259813,0,0.956457135418797,0.977584679614774,1,0,0,37.0831
0,-0.503872479874952,-1.00000000000000,-0.203129096238182,0.196082046984110,0,1,0,-5.761
0.214053429013960,-0.0156095887660576,0,-0.209590835601007,-0.0766813212783926,0,0,1,-4.7424
-0.986486509099847,-0.781786934974740,0,0.968883835728773,0.982764389522615,1,0,0,35.5513
0,-0.503989358312710,-1.00000000000000,-0.188067034735354,0.0718773759342352,0,1,0,-6.0919
0.163842507805507,-0.367156526580073,0,-0.160918933967858,0.170316756413013,0,0,1,8.5682
-0.999897589371505,-0.812963926567828,0,0.992380564222791,0.945315450590301,1,0,0,36.4693
0,-0.503286448457674,-1.00000000000000,-0.122389022625539,0.228859875303899,0,1,0,-4.0496
-0.0143112113062917,-0.292903405405743,0,0.0142036225527619,0.232382994969812,0,0,1,9.6692
-0.997719754796491,-0.782185931152378,0,0.996415465574538,0.984992704495097,1,0,0,36.2247
0,-0.602770186843992,-1.00000000000000,-0.0511158613502364,0.171251537929418,0,1,0,-1.631
0.0674928950988966,-0.157649202216019,0,-0.0674046636539316,0.0215007638990701,0,0,1,3.3869
-0.999897589371505,-0.807770037588439,0,0.999884781548140,0.907040459242337,1,0,0,36.1713
0,-0.565748507286840,-1.00000000000000,0.00506143321981206,0.387307472619831,0,1,0,0.9228
-0.0143112113062917,-0.165638742077702,0,0.0143110279920519,0.165137902827577,0,0,1,5.1027
-0.956049249417229,-0.737908890048661,0,0.933024487745232,0.996464875682185,1,0,0,34.3844
0,-0.499938890408714,-1.00000000000000,-0.218143241396543,-0.0217783537006044,0,1,0,-7.7626
0.293206126622130,-0.453377961356809,0,-0.286144773673672,0.0811384917396139,0,0,1,7.6927
-0.985109326154774,-0.851353828104519,0,0.971937540688171,0.969243884021046,1,0,0,36.8823
0,-0.442383033137603,-1.00000000000000,-0.162981573647658,0.0614597473258251,0,1,0,-8.0366
-0.171929100279410,-0.281946646306984,0,0.169630255710365,0.238304411932391,0,0,1,12.2104
-0.999865423042539,-0.735753245665914,0,0.999747493368949,0.972926617150056,1,0,0,35.4844
0,-0.481524968657490,-1.00000000000000,-0.0153582935749528,0.154189327956344,0,1,0,-4.1609
0.0164053590013620,-0.476236145259342,0,-0.0164034240623316,0.172161112871982,0,0,1,12.4913
-0.996985422603909,-0.844163674979084,0,0.884015265327542,0.958716454727602,1,0,0,35.4378
0,-0.507155171598707,-1.00000000000000,-0.462367751040992,-0.284354797654369,0,1,0,-14.015
0.0775890914710661,-0.173727723079807,0,-0.0687973361778705,-0.00226019589427871,0,0,1,3.4807
-0.972206707841360,-0.826898337005589,0,0.969718619840002,0.961292921476369,1,0,0,36.6109
0,-0.529992683261618,-1.00000000000000,-0.0714974443326858,0.275478244754045,0,1,0,-2.508
0.234124149177877,-0.188007701827722,0,-0.233524974659023,0.00525887693892158,0,0,1,0.6963
-0.988094499846443,-0.553974265614171,0,0.957223012194735,0.994839807812698,1,0,0,30.6463
0,-0.802281518016070,-1.00000000000000,-0.248013628005925,-0.0585342345948339,0,1,0,0.5194
0.153848169872790,-0.222389026004142,0,-0.149041421249856,-0.0828703817512110,0,0,1,2.6176
-0.895478827032412,-0.741354007532125,0,0.847955881641927,0.986885986277218,1,0,0,33.2179
0,-0.492993059305092,-1.00000000000000,-0.321439465303162,-0.148469290008020,0,1,0,-10.7075
0.445104111794820,-0.455359285611992,0,-0.421482494220673,-0.0633476125371504,0,0,1,4.4454
-0.985109326154774,-0.837885417655394,0,0.974288750712840,0.968198323489194,1,0,0,36.6813
0,-0.470009864413852,-1.00000000000000,-0.147809411129611,0.0767460207378824,0,1,0,-7.049
-0.171929100279410,-0.277558560008727,0,0.170040607549878,0.238121932407777,0,0,1,12.011
-0.978328665437711,-0.575806954404839,0,0.966838261260548,0.951491505241148,1,0,0,31.1002
0,-0.791925918940689,-1.00000000000000,-0.152813355564627,0.0603504661292822,0,1,0,2.7433
-0.207058016949038,-0.203223252038169,0,0.204626134508180,0.301698088644779,0,0,1,10.7248
-0.954552960023640,-0.615118959621691,0,0.918397253676227,0.969971095368537,1,0,0,31.6192
0,-0.747755797104136,-1.00000000000000,-0.272616107887673,-0.0838858730544887,0,1,0,-2.3217
0.298041350336003,-0.249979866011421,0,-0.286752405674548,-0.228296374153089,0,0,1,-0.2281
-0.997719754796491,-0.771572622742868,0,0.994792571783509,0.994269306141562,1,0,0,35.9326
0,-0.622747716575333,-1.00000000000000,-0.0765450084257800,0.106256617882130,0,1,0,-1.6031
0.0674928950988966,-0.129849795278626,0,-0.0672948795187894,0.0117506604507303,0,0,1,2.4716
-0.986486509099847,-0.792158138881772,0,0.968883835728773,0.984279212161247,1,0,0,35.8415
0,-0.532414504211421,-1.00000000000000,-0.188067034735354,0.102095546099314,0,1,0,-5.2064
0.163842507805507,-0.298362663060703,0,-0.160918933967858,0.144121240536982,0,0,1,6.6598
-0.965925826289068,-0.740763532775436,0,0.890124439164274,0.958580453209842,1,0,0,33.4291
0,-0.590039288454755,-1.00000000000000,-0.388319916157409,-0.268564181656013,0,1,0,-10.2779
0.258819045102521,-0.321127741856510,0,-0.238508124637273,-0.0948514367600775,0,0,1,3.414
-0.998059468658570,-0.780655559547417,0,0.917762959718752,0.982136850389954,1,0,0,34.7613
0,-0.612632870538678,-1.00000000000000,-0.392979177487581,-0.185490123037048,0,1,0,-8.636
0.0622679453729828,-0.123522723752550,0,-0.0572583254161420,0.0316325996687362,0,0,1,3.176
-0.978328665437711,-0.628010030067341,0,0.951377030431447,0.956410625704169,1,0,0,32.2175
0,-0.741831201825082,-1.00000000000000,-0.233105928507328,-0.0164618340002888,0,1,0,-1.1583
-0.207058016949038,-0.235137981052770,0,0.201353847895140,0.291560839382637,0,0,1,11.6791
-0.979994237456559,-0.875085834761236,0,0.948133478224501,0.988523871098963,1,0,0,37.3792
0,-0.481823224923149,-1.00000000000000,-0.252913747716370,0.142004969634298,0,1,0,-7.747
0.199025864027610,-0.0455100178519794,0,-0.192555300332058,-0.0515280978368465,0,0,1,-3.0573
-0.973896791711275,-0.723965122848008,0,0.968291852676895,0.952443101462556,1,0,0,34.372
0,-0.599051018129603,-1.00000000000000,-0.107131754313874,0.0791817063276255,0,1,0,-2.6383
-0.226991275370850,-0.342070721602353,0,0.225684902590266,0.294248867218607,0,0,1,15.0439
-0.876558805544014,-0.755719756997562,0,0.859174494329141,0.993543346850228,1,0,0,33.7957
0,-0.480315909251478,-1.00000000000000,-0.198170582048019,-0.0310692767630528,0,1,0,-8.1159
0.481294774980210,-0.445178926054987,0,-0.471749519029977,-0.109116075676634,0,0,1,2.5503
-0.995379454966957,-0.854011871559682,0,0.982906309401856,0.981412831576672,1,0,0,37.3926
0,-0.447317342556210,-1.00000000000000,-0.157813385185793,0.0600029733633390,0,1,0,-8.1499
-0.0960194804697611,-0.265651874233139,0,0.0948162559597429,0.182286854172806,0,0,1,9.3385
-0.987633674493262,-0.618633853724145,0,0.976033983612461,0.968099200161179,1,0,0,31.9547
0,-0.785143690599280,-1.00000000000000,-0.152813355564627,0.0650351991117017,0,1,0,3.0064
-0.156779223773236,-0.0290093112388932,0,0.154937862366402,0.241980084973511,0,0,1,4.2859
-0.965925826289068,-0.740341741445639,0,0.925185484771718,0.980298976017402,1,0,0,34.1049
0,-0.568664097024836,-1.00000000000000,-0.287360519849712,-0.173795968914068,0,1,0,-8.6656
0.258819045102521,-0.358490237842213,0,-0.247902703493578,-0.0938556274735539,0,0,1,4.3677
-0.972206707841360,-0.828105123933901,0,0.972206707841360,0.962662771665251,1,0,0,36.6357
0,-0.439710005045803,-1.00000000000000,6.12323399573677e-17,0.253064270966497,0,1,0,-3.7935
0.234124149177877,-0.347702480832447,0,-0.234124149177877,0.0961190033758797,0,0,1,5.5347
-0.999897589371505,-0.777477209376324,0,0.946833153785403,0.984456651792952,1,0,0,35.2118
0,-0.607800409219553,-1.00000000000000,-0.321439465303162,0.0716453269140848,0,1,0,-4.9997
-0.0143112113062917,-0.161579242023680,0,0.0135517171754987,0.160349767296322,0,0,1,5.7194
-0.915030085854857,-0.747008712654974,0,0.873682334656531,0.991548859799760,1,0,0,33.5881
0,-0.480120705307252,-1.00000000000000,-0.297208232354151,-0.127512518161888,0,1,0,-10.6598
0.403385599619585,-0.459850075081896,0,-0.385157688135696,-0.0239043163844824,0,0,1,5.9502
-0.998059468658570,-0.671665177627132,0,0.997941751989256,0.975685754068055,1,0,0,33.9361
0,-0.532848751357788,-1.00000000000000,-0.0153582935749528,0.164305801353094,0,1,0,-2.42
0.0622679453729828,-0.514721378358776,0,-0.0622606011461461,0.145054861863950,0,0,1,12.9094
-0.972206707841360,-0.664094605641113,0,0.968536686330897,0.986045827087599,1,0,0,33.3633
0,-0.581247864850095,-1.00000000000000,-0.0868079998954362,0.158298788804630,0,1,0,-1.6902
0.234124149177877,-0.470243845643492,0,-0.233240344677588,0.0515278599023802,0,0,1,8.4393
-0.971009250968030,-0.857987706528971,0,0.961770544175707,0.985009223682152,1,0,0,37.1499
0,-0.510250832277728,-1.00000000000000,-0.137617420456926,0.0802946678410809,0,1,0,-6.2584
0.239041909577599,-0.0591708002738015,0,-0.236767535660499,-0.152674803348079,0,0,1,-3.9035
-0.995379454966957,-0.844588594859655,0,0.983688790417026,0.978051910475787,1,0,0,37.2126
0,-0.434625929681455,-1.00000000000000,-0.152813355564627,0.0567471291684544,0,1,0,-8.6933
-0.0960194804697611,-0.312682597343576,0,0.0948917381491523,0.200484971371427,0,0,1,10.8031
-0.998889874961970,-0.786448824539920,0,0.958199778307112,0.995264269367726,1,0,0,35.5514
0,-0.527266798555744,-1.00000000000000,-0.282508884415881,-0.0941161873663640,0,1,0,-8.8318
0.0471064507096427,-0.321695460832998,0,-0.0451875544624306,0.0243141398273963,0,0,1,8.592
-0.996985422603909,-0.762377356428794,0,0.992278014202340,0.995985758260757,1,0,0,35.4062
0,-0.630891569808445,-1.00000000000000,-0.0970617865584347,0.0892434275813475,0,1,0,-0.8912
0.0775890914710661,-0.144071487634713,0,-0.0772227435458306,-0.00692675791970127,0,0,1,2.1932
-0.984747078366713,-0.744160797667487,0,0.981449822747964,0.999456555049621,1,0,0,35.1511
0,-0.493162468818829,-1.00000000000000,-0.0817645613444447,0.0312712737122795,0,1,0,-5.9238
0.173991929836482,-0.450572398803352,0,-0.173409347891459,-0.0104260255493642,0,0,1,8.5257
-0.993571855676587,-0.646172827127320,0,0.992517335152674,0.972591203630549,1,0,0,33.4201
0,-0.553496231563961,-1.00000000000000,-0.0460603900408522,0.177687403794965,0,1,0,-1.9682
0.113203213767907,-0.525454659439595,0,-0.113083066330548,0.149978455629748,0,0,1,12.2102
-0.999122830098858,-0.267142576830553,0,0.999110032199490,0.980298755019925,1,0,0,25.48
0,-0.915220903919492,-1.00000000000000,0.00506143321981206,0.195206431879298,0,1,0,10.7451
0.0418756537291997,-0.301671246016455,0,-0.0418751173382914,0.0301463075572748,0,0,1,6.6714
-0.995379454966957,-0.830763136712859,0,0.985908876882996,0.974372905424512,1,0,0,36.9935
0,-0.427973853079827,-1.00000000000000,-0.137617420456926,0.0633533202880630,0,1,0,-8.4984
-0.0960194804697611,-0.355908684579370,0,0.0951058992391735,0.215832800989733,0,0,1,11.9602
-0.965925826289068,-0.748618400719217,0,0.867650411801496,0.949036235204739,1,0,0,33.2321
0,-0.603971065690064,-1.00000000000000,-0.439468903432369,-0.302184965519231,0,1,0,-10.4097
0.258819045102521,-0.273476583849166,0,-0.232486227154742,-0.0895235772439678,0,0,1,2.3208
-0.998361849427182,-0.693200026077578,0,0.979584385430719,0.999868753942354,1,0,0,34.0514
0,-0.568802478498940,-1.00000000000000,-0.193035743749306,-0.00305315574286713,0,1,0,-5.6733
0.0572155364244382,-0.442648239914616,0,-0.0561394108935351,0.0159107865856533,0,0,1,11.0071
-0.999321983024376,-0.784521875463655,0,0.920899820125423,0.993961761050638,1,0,0,35.1619
0,-0.608660765879277,-1.00000000000000,-0.388319916157409,0.000918972306758359,0,1,0,-6.8021
0.0368181238553564,-0.118564324306433,0,-0.0339288079435016,0.109723165553195,0,0,1,3.2951
-0.976821953852065,-0.724330496627804,0,0.877437943421182,0.959474301266428,1,0,0,32.9861
0,-0.645929894340899,-1.00000000000000,-0.439468903432369,-0.276840624471160,0,1,0,-9.0551
0.214053429013960,-0.241080698629472,0,-0.192275163140636,-0.0526149584407077,0,0,1,3.1056
-0.972206707841360,-0.832756273598003,0,0.972194254714239,0.973123619215082,1,0,0,36.6786
0,-0.299144324010163,-1.00000000000000,0.00506143321981206,0.172642634325675,0,1,0,-8.1461
0.234124149177877,-0.465864424694214,0,-0.234121150250007,0.152397318017185,0,0,1,9.0461
-0.991716060110563,-0.700401710197653,0,0.959474210709741,0.998465449747245,1,0,0,33.8529
0,-0.672802577462824,-1.00000000000000,-0.252913747716370,-0.0367967606683575,0,1,0,-3.5668
0.128449430200303,-0.238273238345357,0,-0.124273388941399,-0.0413853121934186,0,0,1,3.9582
-0.999897589371505,-0.841185453821546,0,0.999884781548140,0.907113234953041,1,0,0,36.8193
0,-0.521393877637278,-1.00000000000000,0.00506143321981206,0.389598918481164,0,1,0,-0.3913
-0.0143112113062917,-0.143371742827532,0,0.0143110279920519,0.159242775947096,0,0,1,4.7872
-0.998889874961970,-0.745342085455773,0,0.977025472558034,0.999582632346887,1,0,0,34.9956
0,-0.547541913262887,-1.00000000000000,-0.208082406612249,-0.0129014100918317,0,1,0,-6.8308
0.0471064507096427,-0.380345933156719,0,-0.0460753516666416,0.0258479153532879,0,0,1,9.8895
-0.978328665437711,-0.540274966645039,0,0.975052900766798,0.944512739414377,1,0,0,30.2638
0,-0.832018324341286,-1.00000000000000,-0.0817645613444447,0.130702261170862,0,1,0,5.8179
-0.207058016949038,-0.125890700121262,0,0.206364718918721,0.301351296676775,0,0,1,8.4821
-0.996565502497761,-0.682415268087538,0,0.992352947187124,0.994508068818862,1,0,0,34.2362
0,-0.630861662618969,-1.00000000000000,-0.0918492145756212,0.104229703351028,0,1,0,-1.7306
0.0828082075122044,-0.369219398892641,0,-0.0824581711589033,-0.00947997856186918,0,0,1,8.0302
-0.999897589371505,-0.873591482801867,0,0.999884781548140,0.907113234953041,1,0,0,37.4074
0,-0.463466472178385,-1.00000000000000,0.00506143321981206,0.389598918481164,0,1,0,-2.104
-0.0143112113062917,-0.148447803427865,0,0.0143110279920519,0.159242775947096,0,0,1,4.9154
-0.972206707841360,-0.825236054378201,0,0.972004014265351,0.961063028257994,1,0,0,36.652
0,-0.482911436289457,-1.00000000000000,-0.0204189330948005,0.268517637223178,0,1,0,-2.9073
0.234124149177877,-0.292885641940932,0,-0.234075337067608,0.0652390543743216,0,0,1,3.8344
-0.997132545495325,-0.749510888023664,0,0.994207085279836,0.982514674148093,1,0,0,35.5695
0,-0.639131778316595,-1.00000000000000,-0.0765450084257800,0.114383985385567,0,1,0,-0.9629
-0.0756748750511949,-0.172464485271160,0,0.0754528545813240,0.146905476313791,0,0,1,6.1543
-0.996133609143173,-0.512241918045289,0,0.971031185476982,0.999317038840267,1,0,0,30.0098
0,-0.841755536070845,-1.00000000000000,-0.223079984688928,-0.0329705958925114,0,1,0,2.4377
0.0878511965507433,-0.170457721712358,0,-0.0856373590342124,-0.0166851937361338,0,0,1,2.7932
-0.971009250968030,-0.752868194770590,0,0.936906513001189,0.987085150804681,1,0,0,34.6925
0,-0.635915014515569,-1.00000000000000,-0.262694424132390,-0.0468721624629473,0,1,0,-5.2666
0.239041909577599,-0.169710269626020,0,-0.230646537857617,-0.153185852633159,0,0,1,-0.4928
-0.999981342241057,-0.774380561197122,0,0.998674096513418,0.982939266735303,1,0,0,36.0195
0,-0.609270193201919,-1.00000000000000,-0.0511158613502364,0.171862061782985,0,1,0,-1.004
0.00610861439067826,-0.170659245620409,0,-0.00610062878162069,0.0655273197190779,0,0,1,4.7993
-0.999648126594414,-0.731050951171078,0,0.979822652218743,0.998926084598501,1,0,0,34.7716
0,-0.653285124847229,-1.00000000000000,-0.198170582048019,-0.00791481032571212,0,1,0,-3.1467
0.0265258929402460,-0.196934132250359,0,-0.0259998194181855,0.0456512134145054,0,0,1,5.2008
-0.998889874961970,-0.812526986762919,0,0.942522498369438,0.989797699619431,1,0,0,35.8514
0,-0.487240155181250,-1.00000000000000,-0.331173209478893,-0.140029751654182,0,1,0,-11.6394
0.0471064507096427,-0.319995198340415,0,-0.0444482327081948,0.0263093610669514,0,0,1,8.5863
-0.999321983024376,-0.269016210724092,0,0.999309182574031,0.980170869606766,1,0,0,25.4791
0,-0.883255953455111,-1.00000000000000,0.00506143321981206,0.194843774738234,0,1,0,9.7755
0.0368181238553564,-0.384043225501706,0,-0.0368176522470318,0.0360689592319091,0,0,1,8.9273
-0.998059468658570,-0.794176392927372,0,0.931205804438508,0.987130388209230,1,0,0,35.2888
0,-0.591010727680111,-1.00000000000000,-0.359833971528305,-0.154557465305818,0,1,0,-9.0189
0.0622679453729828,-0.141386621304476,0,-0.0580970112329224,0.0410558959485145,0,0,1,3.6682
-0.996985422603909,-0.754303373769965,0,0.996347342887723,0.992408477133892,1,0,0,35.6864
0,-0.550438017810480,-1.00000000000000,-0.0357716163253495,0.106119916506295,0,1,0,-2.8982
0.0775890914710661,-0.357832934297722,0,-0.0775394337485533,0.0621609027724494,0,0,1,8.1005
-0.999321983024376,-0.790105911104479,0,0.989105145821165,0.998205519319505,1,0,0,36.2701
0,-0.584799325133347,-1.00000000000000,-0.142628933705512,0.0482934995782021,0,1,0,-4.2082
0.0368181238553564,-0.183691041048123,0,-0.0364417038586508,0.0354045067550386,0,0,1,4.9258
-0.997719754796491,-0.368159863623832,0,0.997706974869303,0.980749492043212,1,0,0,27.6155
0,-0.738177663319619,-1.00000000000000,0.00506143321981206,0.195206431879298,0,1,0,4.644
0.0674928950988966,-0.565289352626130,0,-0.0674920305732812,0.00498826722768617,0,0,1,13.0477
-0.995868565078524,-0.775049557188707,0,0.992109221488366,0.977865048863375,1,0,0,35.7151
0,-0.580867970104398,-1.00000000000000,-0.0868079998954362,0.137674087555691,0,1,0,-2.2397
-0.0908063934337353,-0.248778184751770,0,0.0904636047916683,0.157562025333315,0,0,1,8.8275
-0.978328665437711,-0.616066904164325,0,0.957932435028338,0.956120096658563,1,0,0,31.8644
0,-0.759150311882499,-1.00000000000000,-0.203129096238182,0.0136876917069031,0,1,0,0.6856
-0.207058016949038,-0.210124661955919,0,0.202741264132733,0.292655100521684,0,0,1,11.0592
-0.999321983024376,-0.268201244713919,0,0.999309182574031,0.980133614718154,1,0,0,25.5395
0,-0.890712088975842,-1.00000000000000,0.00506143321981206,0.195206431879298,0,1,0,9.9809
0.0368181238553564,-0.367015077191927,0,-0.0368176522470318,0.0351076380931451,0,0,1,8.5305
-0.994666875152874,-0.796745753383310,0,0.992790364130821,0.987636999285152,1,0,0,36.4285
0,-0.590068274045841,-1.00000000000000,-0.0613969505807154,0.156064363540044,0,1,0,-1.9322
0.103139747302467,-0.130443997294718,0,-0.102945166707235,-0.0147333660737072,0,0,1,1.6794
-0.984195607969242,-0.738523788140804,0,0.980900198853932,0.964087350024071,1,0,0,34.9517
0,-0.628173552568138,-1.00000000000000,-0.0817645613444447,0.104844308959147,0,1,0,-1.3703
-0.177084740319583,-0.244909375492410,0,0.176491802632495,0.244014861027856,0,0,1,10.5166
-0.976821953852065,-0.845448557125315,0,0.962942832650177,0.970016312237068,1,0,0,37.0506
0,-0.531064561362495,-1.00000000000000,-0.167973243362908,0.235643589811287,0,1,0,-4.4491
0.214053429013960,-0.0564550167795933,0,-0.211012062597850,-0.0595017022853009,0,0,1,-3.766
-0.973419246649516,-0.734574941299153,0,0.939231867417780,0.988610211978366,1,0,0,34.3259
0,-0.642005600959024,-1.00000000000000,-0.262694424132390,-0.0468721624629473,0,1,0,-4.7696
0.229030500703048,-0.219609799309113,0,-0.220986738870600,-0.143013457961609,0,0,1,1.1278
-0.998059468658570,-0.719928870362626,0,0.993346988995871,0.993405952964784,1,0,0,34.7556
0,-0.688054312142120,-1.00000000000000,-0.0970617865584347,0.102263153773865,0,1,0,0.2546
0.0622679453729828,-0.0910147524362247,0,-0.0619739384170620,0.0518349302531763,0,0,1,2.0691
-0.994880708828788,-0.647359091138588,0,0.975149784041352,0.982093378430219,1,0,0,32.6619
0,-0.761368425184429,-1.00000000000000,-0.198170582048019,0.0191791611138142,0,1,0,1.0776
-0.101056297182946,-0.0352750372417141,0,0.0990521029299880,0.187415996709165,0,0,1,3.2482
-0.994666875152874,-0.764401318800108,0,0.970712076006925,0.980143894747552,1,0,0,35.2684
0,-0.537057035442519,-1.00000000000000,-0.218143241396543,0.0937259919922315,0,1,0,-5.759
0.103139747302467,-0.356735706789142,0,-0.100655808214605,0.174738043980618,0,0,1,9.4563
-0.995379454966957,-0.793900175777229,0,0.992046598670373,0.964791224468723,1,0,0,36.4414
0,-0.427510929380796,-1.00000000000000,-0.0817645613444447,0.0980941067017760,0,1,0,-7.5175
-0.0960194804697611,-0.432385147942033,0,0.0956979758129375,0.244039831622878,0,0,1,13.9898
-0.996985422603909,-0.848817936262799,0,0.859296540236459,0.942979246345481,1,0,0,35.0129
0,-0.500496968603144,-1.00000000000000,-0.507087145435631,-0.332849919284059,0,1,0,-15.4364
0.0775890914710661,-0.170325850937624,0,-0.0668736336054387,-0.00103546815706609,0,0,1,3.4863
-0.994666875152874,-0.360799440465768,0,0.993611192437716,0.988953250880203,1,0,0,27.2274
0,-0.920897318507609,-1.00000000000000,-0.0460603900408522,0.144950911521199,0,1,0,9.7553
0.103139747302467,-0.147553015980981,0,-0.103030280654695,-0.0309951741832806,0,0,1,1.3032
-0.919135339255234,-0.649295080100766,0,0.919086608360040,0.987742414903726,1,0,0,32.5195
0,-0.385381453646413,-1.00000000000000,0.0102972606021891,0.156023362909858,0,1,0,-5.8259
0.393941909590951,-0.655665336999233,0,-0.393921023502593,-0.00465102423713865,0,0,1,9.6347
-0.951433341895538,-0.690360852422196,0,0.943031532493960,0.993078433892463,1,0,0,33.6561
0,-0.604239830832325,-1.00000000000000,-0.132602381688062,0.114531098959442,0,1,0,-2.2816
0.307854829309998,-0.397864449629044,0,-0.305136259878676,-0.0260355815920523,0,0,1,4.5883
-0.999897589371505,-0.823561844396371,0,0.996549604881724,0.933779199767844,1,0,0,36.8698
0,-0.519155681584491,-1.00000000000000,-0.0817645613444447,0.296582171522986,0,1,0,-2.9357
-0.0143112113062917,-0.228524105365255,0,0.0142632926854322,0.200238411938455,0,0,1,7.3156
-0.999897589371505,-0.802002806618494,0,0.996964016868547,0.935866234779262,1,0,0,36.0792
0,-0.585625997022702,-1.00000000000000,-0.0765450084257800,0.314109682158669,0,1,0,-0.3419
-0.0143112113062917,-0.117616707092252,0,0.0142692240303763,0.159654308348591,0,0,1,4.2659
-0.999897589371505,-0.759747040614075,0,0.960632349947901,0.980109910556702,1,0,0,35.0493
0,-0.631786042213360,-1.00000000000000,-0.277482336674028,0.117014799609682,0,1,0,-3.7145
-0.0143112113062917,-0.153723229027148,0,0.0137492206140884,0.160287553792673,0,0,1,5.7172
-0.999321983024376,-0.730575779947067,0,0.988345293817396,0.998716502290042,1,0,0,34.9463
0,-0.656214470981805,-1.00000000000000,-0.147809411129611,0.0386920174805023,0,1,0,-2.0715
0.0368181238553564,-0.188789824484276,0,-0.0364137085521713,0.0326844892392737,0,0,1,5.1368
-0.999897589371505,-0.854629835890400,0,0.999897589371505,0.909073315770223,1,0,0,37.0568
0,-0.499266155668170,-1.00000000000000,6.12323399573677e-17,0.384991570402901,0,1,0,-1.165
-0.0143112113062917,-0.142622401502270,0,0.0143112113062917,0.159270829950876,0,0,1,4.7828
-0.996133609143173,-0.608202331022614,0,0.951121007625636,0.992790516990882,1,0,0,31.767
0,-0.773743009276590,-1.00000000000000,-0.297208232354151,-0.111392945008327,0,1,0,-1.7867
0.0878511965507433,-0.177233405807892,0,-0.0838814370055566,0.0442560863085478,0,0,1,4.2307
-0.998059468658570,-0.817626262501276,0,0.952959842723676,0.995506490042616,1,0,0,36.3717
0,-0.564525472499931,-1.00000000000000,-0.297208232354151,-0.0845198213325082,0,1,0,-8.7655
0.0622679453729828,-0.113129508824731,0,-0.0594542242148334,0.0426992749932905,0,0,1,2.7926
-0.997858923238603,-0.780501843585293,0,0.997026842951525,0.963909476367665,1,0,0,36.1427
0,-0.424148251684825,-1.00000000000000,-0.0408293519785098,0.125552263398757,0,1,0,-6.6682
-0.0654031292301431,-0.459254975751668,0,0.0653485918067877,0.234766161369271,0,0,1,14.2374
-0.998638653892066,-0.697850770235436,0,0.989137066028108,0.998073099635474,1,0,0,34.3676
0,-0.665780826480155,-1.00000000000000,-0.137617420456926,0.0584328175109798,0,1,0,-1.4268
0.0521616617128152,-0.264083686685130,0,-0.0516653674726886,0.0208732753003803,0,0,1,6.8425
-0.991307631069507,-0.855334701475161,0,0.978885509716262,0.976373444610844,1,0,0,37.3208
0,-0.448536906156950,-1.00000000000000,-0.157813385185793,0.0700570770912229,0,1,0,-8.2799
-0.131564359092282,-0.259262786121628,0,0.129915720079343,0.204418449774451,0,0,1,9.966
-0.972206707841360,-0.901071754530443,0,0.972206707841360,0.967179999263808,1,0,0,37.9283
0,-0.324590835043709,-1.00000000000000,6.12323399573677e-17,0.221762183272528,0,1,0,-6.9105
0.234124149177877,-0.287594302782683,0,-0.234124149177877,0.124033798193327,0,0,1,4.1183
-0.997719754796491,-0.543528053111273,0,0.997706974869303,0.980749492043212,1,0,0,31.2457
0,-0.721813910770964,-1.00000000000000,0.00506143321981206,0.195206431879298,0,1,0,3.7653
0.0674928950988966,-0.428441283840151,0,-0.0674920305732812,0.00498826722768617,0,0,1,9.8444
-0.915030085854857,-0.696898291261318,0,0.892993198464006,0.991036820894638,1,0,0,32.9133
0,-0.625434770944820,-1.00000000000000,-0.218143241396543,0.0313826100059323,0,1,0,-3.1799
0.403385599619585,-0.350947458931185,0,-0.393670768193466,-0.129850496419015,0,0,1,0.6389
-0.998059468658570,-0.762859585559114,0,0.995505217830446,0.992792760956528,1,0,0,35.8703
0,-0.644312188344962,-1.00000000000000,-0.0714974443326858,0.119397461203099,0,1,0,-0.6084
0.0622679453729828,-0.0539171278046515,0,-0.0621085881843292,0.0103334433065184,0,0,1,0.0749
-0.998889874961970,-0.649633977902434,0,0.996682214581751,0.991883842680307,1,0,0,33.3184
0,-0.738481876524640,-1.00000000000000,-0.0664480485987361,0.124769738526794,0,1,0,2.641
0.0471064507096427,-0.180610666349766,0,-0.0470023400889515,0.0244735567031901,0,0,1,4.5396
-0.963209487490551,-0.679831111463324,0,0.955968275972582,0.992128727917842,1,0,0,33.5027
0,-0.591609367880406,-1.00000000000000,-0.122389022625539,0.124336906516652,0,1,0,-2.0113
0.268751712940010,-0.433391296316260,0,-0.266731292642568,0.0148634086936471,0,0,1,6.3701
-0.985109326154774,-0.795559423445755,0,0.974288750712840,0.968198323489194,1,0,0,35.8449
0,-0.533775205092452,-1.00000000000000,-0.147809411129611,0.0767460207378824,0,1,0,-5.2492
-0.171929100279410,-0.286651764681764,0,0.170040607549878,0.238121932407777,0,0,1,12.2179
-0.981958712696444,-0.757212304616956,0,0.964436832443617,0.986258599451828,1,0,0,34.9814
0,-0.504661227868281,-1.00000000000000,-0.188067034735354,0.0434976422947504,0,1,0,-6.3553
0.189095442989892,-0.414664407470858,0,-0.185721260689166,0.159379829721695,0,0,1,9.5549
-0.954552960023640,-0.729917251780732,0,0.921028182130220,0.999380193414534,1,0,0,34.3347
0,-0.617425126682167,-1.00000000000000,-0.262694424132390,0.0352022606356586,0,1,0,-5.013
0.298041350336003,-0.293269532161752,0,-0.287573863992634,-0.000172791402456851,0,0,1,2.8495
-0.999897589371505,-0.834442407443477,0,0.999063809110751,0.925719157794923,1,0,0,36.8124
0,-0.521420824874603,-1.00000000000000,-0.0408293519785098,0.339084752321711,0,1,0,-1.6212
-0.0143112113062917,-0.178398968738676,0,0.0142992776786668,0.167527823463396,0,0,1,5.8774
-0.988414551331422,-0.787043990831826,0,0.980359000656442,0.971883835559566,1,0,0,35.7653
0,-0.547291845352993,-1.00000000000000,-0.127410837330209,0.0922278164465410,0,1,0,-3.9355
-0.151778373677883,-0.284663648022763,0,0.150541384219481,0.216646809465384,0,0,1,11.3093
-0.998059468658570,-0.796494596959597,0,0.984714528300126,0.998227123904509,1,0,0,36.2941
0,-0.597644635453221,-1.00000000000000,-0.162981573647658,0.0407830293807120,0,1,0,-4.3629
0.0622679453729828,-0.0917455542691639,0,-0.0614353677126935,0.0433515122673269,0,0,1,2.2895
-0.973896791711275,-0.714373476303458,0,0.969298399562683,0.950919608808071,1,0,0,34.2126
0,-0.603861411115949,-1.00000000000000,-0.0970617865584347,0.0943164111725754,0,1,0,-2.7541
-0.226991275370850,-0.353584406498882,0,0.225919503795722,0.294713949734029,0,0,1,15.6507
-0.979994237456559,-0.872858033511399,0,0.941510587954343,0.991758170069092,1,0,0,37.28
0,-0.484894356778537,-1.00000000000000,-0.277482336674028,0.117014799609682,0,1,0,-8.2261
0.199025864027610,-0.0547386161584611,0,-0.191210265424711,-0.0521849477676423,0,0,1,-2.9001
-0.987633674493262,-0.697014556478644,0,0.935220083281631,0.964412087744183,1,0,0,33.225
0,-0.676041775611273,-1.00000000000000,-0.321439465303162,-0.107879020712747,0,1,0,-5.0246
-0.156779223773236,-0.239036034281938,0,0.148458970669732,0.241394784332564,0,0,1,10.7182
-0.999897589371505,-0.875925832295735,0,0.999897589371505,0.909073315770223,1,0,0,37.38
0,-0.459028610591178,-1.00000000000000,6.12323399573677e-17,0.384991570402901,0,1,0,-2.1709
-0.0143112113062917,-0.148481214218355,0,0.0143112113062917,0.159270829950876,0,0,1,4.7469
-0.997719754796491,-0.604442417444138,0,0.997719754796491,0.981722762400468,1,0,0,32.5031
0,-0.770153679913969,-1.00000000000000,6.12323399573677e-17,0.190252956573018,0,1,0,5.0397
0.0674928950988966,-0.203746590914447,0,-0.0674928950988966,0.00492242826458120,0,0,1,3.9681
-0.912976655836507,-0.692356969103258,0,0.888927529688730,0.991032460601238,1,0,0,33.0478
0,-0.634575028385020,-1.00000000000000,-0.228011013057965,0.0250707879244981,0,1,0,-3.7566
0.408011796272593,-0.343447755392726,0,-0.397264175185446,-0.131248305236678,0,0,1,0.5156
-0.999396902908720,-0.272168149543271,0,0.999072455021476,0.980616897270822,1,0,0,25.6434
0,-0.866256522374843,-1.00000000000000,-0.0254790495169004,0.165243330756397,0,1,0,8.2973
-0.0347250695673794,-0.418956007018917,0,0.0347137962930450,0.105286002998873,0,0,1,11.741
-0.998889874961970,-0.462415106256229,0,0.983835348250796,0.999529303796283,1,0,0,29.2094
0,-0.874714710295182,-1.00000000000000,-0.172960609894204,0.0176736882018466,0,1,0,4.5596
0.0471064507096427,-0.145073929771193,0,-0.0463964972520567,0.0250761160840494,0,0,1,2.711
-0.965925826289068,-0.746067197457966,0,0.946769147845491,0.991741400711128,1,0,0,34.5687
0,-0.546386788883598,-1.00000000000000,-0.198170582048019,-0.0846688665222281,0,1,0,-6.7597
0.258819045102521,-0.380585356800136,0,-0.253686028583901,-0.0963336761333793,0,0,1,4.6192
-0.978328665437711,-0.582590090377365,0,0.970973791038597,0.948928845820700,1,0,0,30.923
0,-0.806127960239314,-1.00000000000000,-0.122389022625539,0.0903175225850603,0,1,0,4.353
-0.207058016949038,-0.103665318764269,0,0.205501397213984,0.302285941921704,0,0,1,7.8328
-0.984747078366713,-0.842362640447371,0,0.976721417492805,0.992734228758190,1,0,0,37.1852
0,-0.535843849572514,-1.00000000000000,-0.127410837330209,0.0635881225330989,0,1,0,-5.009
0.173991929836482,-0.0574155976529170,0,-0.172573900522823,-0.102153324589055,0,0,1,-1.8795
-0.912976655836507,-0.716272334704666,0,0.879644239155874,0.990686625722524,1,0,0,33.1689
0,-0.626318796476715,-1.00000000000000,-0.267742895148173,-0.0176891754254056,0,1,0,-4.2253
0.408011796272593,-0.307699053811815,0,-0.393115446933287,-0.135007787506091,0,0,1,-0.2535
-0.999865423042539,-0.301955422620658,0,0.999393732166737,0.985568360252305,1,0,0,26.2242
0,-0.880132065357967,-1.00000000000000,-0.0307129642652527,0.160090544604105,0,1,0,8.4184
0.0164053590013620,-0.366320174545026,0,-0.0163976197016754,0.0550093155560318,0,0,1,9.0094
-0.999937615001086,-0.495284074949719,0,0.988193415169049,0.997457868834420,1,0,0,30.1016
0,-0.709569256836085,-1.00000000000000,-0.152813355564627,0.0383909510768104,0,1,0,-0.3508
0.0111698749294222,-0.501203705946281,0,-0.0110386855018999,0.0600327808427542,0,0,1,13.4086
-0.996565502497761,-0.693816795480432,0,0.962877932395256,0.999114442608012,1,0,0,33.6851
0,-0.699478822958286,-1.00000000000000,-0.257807388214060,-0.0418349974357888,0,1,0,-2.791
0.0828082075122044,-0.171311501488239,0,-0.0800089862983068,0.00449038546556098,0,0,1,2.9149
-0.994132099387155,-0.367408664254709,0,0.959217265716902,0.996612668239234,1,0,0,26.75
0,-0.920084718629317,-1.00000000000000,-0.262694424132390,-0.0739965885586820,0,1,0,4.5333
0.108172866136050,-0.135849122100149,0,-0.104373735586797,-0.0358844588471436,0,0,1,0.824
-0.998059468658570,-0.640167571173861,0,0.985552739719083,0.997082270486973,1,0,0,33.1166
0,-0.749819763352794,-1.00000000000000,-0.157813385185793,0.0297588764469045,0,1,0,0.5234
0.0622679453729828,-0.167199890259891,0,-0.0614876628959823,0.0702947732990245,0,0,1,4.182
-0.999865423042539,-0.769505481089694,0,0.983908268443184,0.958164338059053,1,0,0,35.6173
0,-0.512846270345169,-1.00000000000000,-0.177943545473842,0.142370945770532,0,1,0,-5.7338
0.0164053590013620,-0.380591667756887,0,-0.0161435409168381,0.248297432673521,0,0,1,11.706
-0.994132099387155,-0.671917484641843,0,0.910080227066898,0.973491471956132,1,0,0,32.3987
0,-0.701313258313874,-1.00000000000000,-0.402427161348656,-0.226227513891206,0,1,0,-6.6324
0.108172866136050,-0.238089494824437,0,-0.0990270675660321,0.0336966762053525,0,0,1,5.5619
-0.925077206834458,-0.701959494793432,0,0.911135129865545,0.991762819226120,1,0,0,33.4414
0,-0.615611417699884,-1.00000000000000,-0.172960609894204,0.0755308119955954,0,1,0,-2.6992
0.379779095521801,-0.358155622693389,0,-0.374055346907274,-0.103448570990344,0,0,1,1.7017
-0.972206707841360,-0.886515560550712,0,0.972206707841360,0.970450408291794,1,0,0,37.7496
0,-0.306298684970242,-1.00000000000000,6.12323399573677e-17,0.198212817560487,0,1,0,-7.6585
0.234124149177877,-0.346801494355138,0,-0.234124149177877,0.137614257985952,0,0,1,5.8249
-0.941529364693846,-0.731060619598165,0,0.908461987446688,0.996276925514974,1,0,0,33.9436
0,-0.506449616049698,-1.00000000000000,-0.262694424132390,-0.0753544349944768,0,1,0,-8.8687
0.336930935681487,-0.457229873122767,0,-0.325097611332606,0.0418807451353814,0,0,1,7.0326
-0.996985422603909,-0.810152340106092,0,0.970723383982857,0.999256762066684,1,0,0,36.183
0,-0.567188147266424,-1.00000000000000,-0.228011013057965,-0.0380160130321334,0,1,0,-6.1236
0.0775890914710661,-0.148157994793072,0,-0.0755452825340572,-0.00638014240812558,0,0,1,2.5577
-0.994132099387155,-0.474363950141470,0,0.979149278337708,0.999147835086844,1,0,0,29.3865
0,-0.853216605432200,-1.00000000000000,-0.172960609894204,0.0180308842190560,0,1,0,3.9462
0.108172866136050,-0.216795449723774,0,-0.106542564995264,-0.0371280332841999,0,0,1,3.1164
-0.996565502497761,-0.617827203644583,0,0.996447962035103,0.982809709844039,1,0,0,32.9984
0,-0.735003863071062,-1.00000000000000,-0.0153582935749528,0.184497328209334,0,1,0,3.4116
0.0828082075122044,-0.279390171100079,0,-0.0827984406529276,-0.00676831736050054,0,0,1,5.5085
-0.972206707841360,-0.863576828751364,0,0.972206707841360,0.965029402256219,1,0,0,37.3078
0,-0.389830059095007,-1.00000000000000,6.12323399573677e-17,0.239778214303651,0,1,0,-5.0389
0.234124149177877,-0.319793035993158,0,-0.234124149177877,0.105946499358676,0,0,1,4.9822
-0.998059468658570,-0.822209030902263,0,0.872922480185860,0.949744041346979,1,0,0,34.7925
0,-0.540594526653488,-1.00000000000000,-0.484809620246337,-0.312857579271009,0,1,0,-13.8212
0.0622679453729828,-0.178128794008866,0,-0.0544607721462901,0.0103146022023715,0,0,1,4.3838
-0.999769581002165,-0.753351335883376,0,0.997883443356358,0.990283923220042,1,0,0,35.7415
0,-0.651712684014739,-1.00000000000000,-0.0613969505807154,0.129415108210638,0,1,0,-0.3256
0.0214659009304303,-0.0879337376496523,0,-0.0214254039553118,0.0508869450718981,0,0,1,1.7635
-0.969786918517233,-0.766091248096124,0,0.961883182523540,0.996905190256002,1,0,0,35.3469
0,-0.503666165091349,-1.00000000000000,-0.127410837330209,-0.0111027827641431,0,1,0,-6.5051
0.243953546137066,-0.399280094335665,0,-0.241965331626665,-0.0778252520428709,0,0,1,5.261
-0.998889874961970,-0.731247408724712,0,0.979079438576076,0.999662046080234,1,0,0,34.8493
0,-0.603690995819859,-1.00000000000000,-0.198170582048019,-0.00280579549448776,0,1,0,-4.5963
0.0471064507096427,-0.317544341469691,0,-0.0461722142452034,0.0258441702966912,0,0,1,8.1629
-0.998889874961970,-0.602866414571841,0,0.998877080046555,0.982366929576636,1,0,0,32.5399
0,-0.779634238170837,-1.00000000000000,-0.00506143321981194,0.185294607315068,0,1,0,5.5783
0.0471064507096427,-0.169477257627896,0,-0.0471058473167488,0.0249223629322482,0,0,1,3.8467
-0.998889874961970,-0.296217970268571,0,0.998836915625375,0.979408809422320,1,0,0,25.9874
0,-0.888215881831286,-1.00000000000000,0.0102972606021891,0.200325452656131,0,1,0,9.7641
0.0471064507096427,-0.351180098172773,0,-0.0471039532107277,0.0250618643374935,0,0,1,8.1294
-0.994666875152874,-0.408506116304893,0,0.991748648900938,0.992898395496650,1,0,0,28.3443
0,-0.786430338592525,-1.00000000000000,-0.0765450084257800,0.114745583168405,0,1,0,3.9062
0.103139747302467,-0.463303437805872,0,-0.102837148386474,-0.0314042570923194,0,0,1,9.5061
-0.997719754796491,-0.614093214681641,0,0.997706974869303,0.980749492043212,1,0,0,32.8879
0,-0.701009120327053,-1.00000000000000,0.00506143321981206,0.195206431879298,0,1,0,2.8063
0.0674928950988966,-0.362595831333262,0,-0.0674920305732812,0.00498826722768617,0,0,1,7.9322
-0.999937615001086,-0.393658338652184,0,0.995216267403439,0.993728069273030,1,0,0,27.9027
0,-0.917314978603176,-1.00000000000000,-0.0970617865584347,0.0943164111725754,0,1,0,7.9839
0.0111698749294222,-0.0597188616758296,0,-0.0111171347770638,0.0600744448365749,0,0,1,1.3687
-0.998986343599654,-0.750084964166511,0,0.928319628942636,0.978811120845224,1,0,0,34.2923
0,-0.636615798570478,-1.00000000000000,-0.369422406302939,-0.157952034237158,0,1,0,-7.2685
-0.0450142788611964,-0.179144833980210,0,0.0418300399372553,0.130307116421396,0,0,1,6.7899
-0.997858923238603,-0.710320294748184,0,0.997846141528789,0.973219718547903,1,0,0,34.6744
0,-0.663709452860970,-1.00000000000000,-0.00506143321981194,0.184564428434351,0,1,0,1.5354
-0.0654031292301431,-0.234381827477825,0,0.0654022914726212,0.137037772844724,0,0,1,7.8437
-0.986486509099847,-0.790380378304177,0,0.892599680326308,0.999057371543187,1,0,0,34.9251
0,-0.610127247878699,-1.00000000000000,-0.425779291565073,-0.0396446686176194,0,1,0,-7.6891
0.163842507805507,-0.0551688226058008,0,-0.148249133406297,-0.0176824380507234,0,0,1,-1.4457
-0.978328665437711,-0.556898291579721,0,0.974193198571951,0.945757685221353,1,0,0,30.4358
0,-0.824283247310360,-1.00000000000000,-0.0918492145756212,0.120710080987138,0,1,0,5.623
-0.207058016949038,-0.102085361531793,0,0.206182767558283,0.301614782782322,0,0,1,7.8985
-0.972206707841360,-0.781576215437214,0,0.972194254714239,0.974541264760140,1,0,0,35.7156
0,-0.301798247905583,-1.00000000000000,0.00506143321981206,0.159085372785505,0,1,0,-8.2276
0.234124149177877,-0.545945452425389,0,-0.234121150250007,0.157991035965346,0,0,1,11.363
-0.999769581002165,-0.447116226803580,0,0.987241422566532,0.998204662826365,1,0,0,28.9697
0,-0.887934174124254,-1.00000000000000,-0.157813385185793,0.0333456018719024,0,1,0,5.3139
0.0214659009304303,-0.107981397246048,0,-0.0211969107421607,0.0497546173485778,0,0,1,2.2644
-0.938070461122187,-0.688054356280531,0,0.927052886838877,0.993125636834242,1,0,0,33.4483
0,-0.617890226118733,-1.00000000000000,-0.152813355564627,0.0983534042324596,0,1,0,-2.4437
0.346444526540696,-0.380516584750685,0,-0.342375558947748,-0.0634671358930518,0,0,1,3.0587
-0.973896791711275,-0.719418056099614,0,0.968291852676895,0.952443101462556,1,0,0,34.1369
0,-0.595335986637612,-1.00000000000000,-0.107131754313874,0.0791817063276255,0,1,0,-2.9329
-0.226991275370850,-0.357788657690646,0,0.225684902590266,0.294248867218607,0,0,1,15.4966
-0.998638653892066,-0.684397698489246,0,0.992891321299867,0.995811846427006,1,0,0,34.0964
0,-0.614123092047922,-1.00000000000000,-0.107131754313874,0.0889838648024499,0,1,0,-2.4799
0.0521616617128152,-0.393004603174215,0,-0.0518614626195226,0.0209913868159395,0,0,1,10.0308
-0.994666875152874,-0.767739786177168,0,0.908532129620301,0.998859938279781,1,0,0,34.8237
0,-0.635646568680481,-1.00000000000000,-0.407055505811561,-0.00970615800592789,0,1,0,-6.4727
0.103139747302467,-0.0808026017239932,0,-0.0942081983486265,0.0467398566159036,0,0,1,0.712
-0.995193276491914,-0.725265469894693,0,0.971225799897201,0.999265786846124,1,0,0,34.6082
0,-0.538221934983009,-1.00000000000000,-0.218143241396543,-0.0282782618195605,0,1,0,-7.1868
0.0979302937057195,-0.429310082436432,0,-0.0955718151289962,-0.0258500898888215,0,0,1,9.9021
-0.979994237456559,-0.851370522669891,0,0.917873433956548,0.997718661678127,1,0,0,36.6087
0,-0.519653807139785,-1.00000000000000,-0.350370856061816,0.0413085623042138,0,1,0,-8.7252
0.199025864027610,-0.0716111293998613,0,-0.186409823934591,-0.0533954569187943,0,0,1,-2.1836
-0.989170106698426,-0.698446569370257,0,0.988703461384774,0.963272712232328,1,0,0,34.6303
0,-0.652495615082705,-1.00000000000000,-0.0307129642652527,0.159728053904938,0,1,0,-0.6419
-0.146773635283127,-0.293975954854748,0,0.146704394180298,0.215853261880186,0,0,1,11.7744
-0.965925826289068,-0.586590143647245,0,0.935746964628181,0.980236288837819,1,0,0,31.2743
0,-0.767667913479241,-1.00000000000000,-0.248013628005925,-0.0585342345948339,0,1,0,-0.9987
0.258819045102521,-0.258065840417388,0,-0.250732643491995,-0.188972382706726,0,0,1,0.7761
-0.978938711712464,-0.658908865413533,0,0.975660904406898,0.983201868836119,1,0,0,33.3931
0,-0.566063741144626,-1.00000000000000,-0.0817645613444447,0.163087794628105,0,1,0,-2.0669
0.204154350212632,-0.495389693111192,0,-0.203470774609191,0.0819539892897459,0,0,1,9.3635
-0.981958712696444,-0.736152583134892,0,0.953736279175380,0.993008447155751,1,0,0,34.7174
0,-0.587478102503707,-1.00000000000000,-0.238024940184262,0.0658298650274536,0,1,0,-4.9561
0.189095442989892,-0.336078641723139,0,-0.183660658920138,0.0979829206943343,0,0,1,6.8037
-0.971009250968030,-0.799618773895136,0,0.912913043935118,0.973834794326571,1,0,0,34.9548
0,-0.548587178528664,-1.00000000000000,-0.340707751943952,-0.154734684339855,0,1,0,-9.3358
0.239041909577599,-0.244257904658988,0,-0.224739854005504,-0.166442094498869,0,0,1,1.9043
