39.8640 0.9821 6.4002 96.39 -0.29 10.84 -1.76 28.71 -32.23 
36.7382 1.9082 7.6554 88.77 -0.59 5.27 -1.76 14.94 -59.47 
37.5392 1.8450 7.2525 88.77 -0.59 5.27 -1.76 14.94 -59.47 
37.3932 1.7103 7.4413 88.77 -0.59 5.27 -1.76 14.94 -59.18 
37.0486 1.5792 7.0942 88.77 -0.59 5.27 -1.76 15.23 -59.47 
37.1225 1.4459 6.7722 88.77 -0.59 5.27 -1.76 15.53 -59.47 
37.1262 1.2460 6.8384 88.77 -0.59 5.27 -1.76 15.23 -59.18 
37.1297 1.2459 6.9039 88.77 -0.59 5.27 -1.76 15.53 -59.18 
37.0836 1.2467 6.7711 88.77 -0.29 5.27 -1.76 15.53 -59.18 
37.1286 1.2458 6.6423 88.77 -0.59 5.27 -1.76 15.23 -59.18 
37.1252 1.1124 6.5772 88.77 -0.59 5.27 -1.76 15.53 -59.18 
37.1310 1.1789 6.4461 89.06 -0.59 5.27 -1.76 15.53 -59.18 
37.0240 1.1143 6.6750 89.06 -0.59 5.27 -1.76 15.53 -59.18 
37.0792 1.0466 6.4448 89.94 -0.59 5.27 -1.76 15.23 -59.18 
37.0792 1.0466 6.4448 89.94 -0.59 5.27 -1.76 15.53 -59.18 
37.0496 1.0471 6.3784 90.23 -0.59 5.27 -1.76 15.53 -59.18 
37.1926 0.9769 6.3834 89.94 -0.59 5.27 -1.76 15.23 -59.18 
37.0888 0.9128 6.3802 93.16 -0.59 5.27 -1.76 16.11 -59.18 
37.8111 0.8935 6.5379 93.16 -0.29 5.27 -1.76 16.70 -59.18 
37.6841 0.7599 6.1334 94.34 -0.59 5.27 -1.76 18.46 -59.18 
36.8550 0.7866 6.3731 95.80 -0.59 5.27 -1.76 19.92 -59.18 
36.9850 0.7825 6.3774 95.80 -0.59 5.27 -1.76 21.09 -59.18 
36.9945 0.7154 6.3127 97.56 -0.59 5.27 -1.76 21.97 -59.18 
37.0371 0.6476 6.3797 98.14 -0.59 5.27 -1.76 22.56 -59.18 
36.9297 0.6511 6.3110 99.32 -0.59 5.27 -1.76 22.85 -59.18 
28.9692 1.0327 6.0631 105.18 -0.59 5.27 -1.76 23.44 -59.18 
37.1676 0.5699 4.9976 105.18 -0.29 5.27 -1.76 23.44 -59.18 
36.8688 0.1891 6.3768 92.29 -0.29 5.57 -1.76 16.11 -48.34 
36.7383 0.1940 6.1128 92.29 -0.59 5.57 -1.76 16.99 -48.34 
36.8765 0.1184 5.7901 92.29 -0.59 5.57 -1.76 17.87 -48.34 
36.9024 0.1171 5.7905 92.29 -0.59 5.57 -1.76 19.04 -48.63 
37.0138 0.0420 5.4636 92.29 -0.59 5.57 -1.76 20.51 -49.80 
37.2278 -0.1034 5.5981 92.29 -0.59 5.57 -1.76 22.27 -51.27 
36.9212 0.0484 5.6601 92.29 -0.59 5.57 -1.76 23.44 -53.03 
36.9127 -0.0858 5.6958 92.29 -0.59 5.57 -1.76 24.61 -53.91 
37.2679 -0.0379 5.8324 92.29 -0.59 5.57 -1.76 24.61 -54.79 
36.9342 0.0477 5.6602 92.29 -0.59 5.57 -1.76 24.61 -54.79 
36.9495 -0.0884 5.4641 92.29 -0.59 5.57 -1.76 24.61 -54.79 
37.0233 -0.0932 5.3986 92.29 -0.29 5.57 -1.76 24.61 -54.79 
37.3032 -0.1777 5.3333 92.29 -0.59 5.57 -1.76 24.61 -54.79 
37.0069 -0.2270 5.3334 92.29 -0.29 5.57 -1.76 24.61 -54.79 
37.2001 -0.1715 5.3332 92.29 -0.29 5.57 -1.76 24.61 -55.08 
37.2002 -0.2390 5.3336 92.29 -0.59 5.57 -1.76 24.90 -56.25 
37.0069 -0.2270 5.3334 92.29 -0.59 5.57 -1.76 25.49 -58.01 
37.0678 -0.2986 5.2678 92.29 -0.59 5.57 -1.76 26.07 -59.18 
37.0513 -0.2982 5.2017 92.29 -0.59 5.57 -1.76 26.66 -59.47 
36.9873 -0.5626 5.2036 90.82 -0.29 3.22 -1.76 27.83 -39.84 
37.1121 -0.4375 5.1361 90.82 -0.29 2.93 -1.76 28.12 -38.09 
36.9341 -0.5617 4.9399 90.82 -0.29 2.93 -1.76 28.12 -37.50 
37.0332 -0.5697 4.8726 91.11 0.00 2.93 -1.76 28.71 -36.91 
36.9506 -0.5622 5.0058 92.29 -0.29 2.93 -1.76 28.42 -36.91 
36.9248 -0.4932 5.0056 92.29 -0.29 2.93 -1.76 28.42 -36.62 
36.9762 -0.4968 5.0051 92.29 -0.29 2.93 -1.76 28.42 -36.62 
36.9341 -0.5617 4.9399 92.29 -0.29 2.93 -1.76 28.42 -35.16 
36.8407 -0.6227 4.8755 92.58 -0.59 2.93 -1.76 28.42 -34.57 
36.8755 -0.5590 4.8087 92.58 -0.59 2.93 -1.76 28.42 -33.11 
36.9012 -0.5608 4.8083 93.46 -0.59 2.93 -1.76 28.42 -32.52 
36.8206 -0.6227 4.7440 93.46 -0.59 2.93 -1.76 28.42 -32.52 
36.8848 -0.6275 4.7429 93.46 -0.59 2.93 -1.76 28.42 -32.52 
36.8848 -0.6275 4.7429 93.46 -0.59 2.93 -1.76 28.42 -32.52 
36.8719 -0.6266 4.7431 93.46 -0.59 2.93 -1.76 28.71 -32.52 
36.8463 -0.6247 4.7436 93.46 -0.59 2.93 -1.76 28.71 -32.52 
36.7880 -0.7559 4.6136 93.46 -0.59 2.93 -1.76 28.71 -32.52 
36.8006 -0.6228 4.6125 93.46 -0.59 2.93 -1.76 28.42 -32.52 
36.7566 -0.6848 4.7455 93.46 -0.59 2.93 -1.76 28.71 -32.52 
36.7053 -0.6809 4.7464 93.46 -0.59 2.93 -1.76 28.42 -32.52 
36.5898 -0.6720 4.7484 93.46 -0.59 2.93 -1.76 28.42 -32.52 
36.7275 -0.7503 4.6807 93.46 -0.59 3.22 -1.76 28.71 -32.52 
36.8207 -0.6898 4.7444 93.46 -0.59 3.52 -1.76 28.71 -32.52 
36.7275 -0.7503 4.6807 93.46 -0.59 4.69 -1.76 29.30 -32.52 
36.6983 -0.7488 4.6155 93.46 -0.59 6.15 -1.76 28.42 -32.52 
36.7146 -0.7493 4.6809 94.92 -0.59 7.32 -1.76 28.71 -32.52 
36.4684 -0.6611 4.8808 95.51 -0.59 8.20 -1.76 28.42 -32.52 
36.6947 -0.7494 4.5498 95.51 -0.59 8.79 -1.76 28.71 -32.52 
36.6911 -0.7499 4.4840 95.51 -0.59 9.67 -1.76 28.71 -32.52 
36.8135 -0.8256 4.7133 95.51 -0.59 10.55 -1.76 28.42 -32.52 
36.8101 -0.8256 4.5475 96.97 -0.59 12.01 -1.76 28.71 -32.23 
36.6820 -0.8152 4.5505 96.97 -0.59 13.18 -1.76 28.71 -32.23 
36.8393 -0.8271 4.6129 98.14 -0.29 14.36 -1.76 28.71 -32.23 
36.6726 -0.7468 4.6160 99.02 -0.59 15.82 -1.76 28.71 -32.23 
36.7053 -0.6809 4.7464 99.02 -0.59 17.29 -1.76 28.71 -32.23 
36.6179 -0.6740 4.9127 99.61 -0.29 17.58 -1.76 28.71 -32.23 
36.7054 -0.7477 4.7468 99.61 -0.29 18.46 -1.76 28.71 -32.23 
36.7183 -0.8155 4.7471 99.61 -0.29 18.16 -1.76 28.42 -32.23 
36.8686 -0.8286 4.6784 99.61 -0.29 18.16 -1.76 28.71 -32.23 
36.7310 -0.7497 4.7464 99.61 -0.29 18.16 -1.76 28.42 -32.23 
37.0483 -0.9107 4.6755 99.61 -0.29 18.16 -1.76 28.71 -32.23 
36.8595 -0.8270 4.7447 99.61 -0.29 18.16 -1.76 28.71 -32.23 
36.7918 -0.8894 4.6804 99.61 -0.29 18.16 -1.76 28.71 -32.23 
36.7789 -0.8213 4.6802 99.61 -0.29 18.16 -1.76 28.71 -32.23 
37.0483 -0.9107 4.6755 99.61 -0.29 18.16 -1.76 28.71 -32.23 
37.0098 -0.9075 4.6762 99.61 -0.29 18.16 -1.76 28.42 -32.23 
37.0767 -0.9128 4.8420 99.61 -0.29 18.16 -1.76 28.71 -32.23 
37.0483 -0.9107 4.6755 99.61 -0.29 18.16 -1.76 29.30 -32.23 
37.0739 -0.9128 4.6750 99.61 -0.29 18.16 -1.76 28.42 -32.23 
36.8175 -0.8915 4.6799 99.61 -0.29 18.16 -1.76 28.42 -32.23 
36.7662 -0.8872 4.6809 99.61 -0.29 18.16 -1.76 28.71 -32.23 
37.0739 -0.9128 4.6750 99.61 -0.29 18.16 -1.76 28.42 -32.23 
36.8139 -0.9592 4.6144 99.61 -0.29 18.16 -1.76 29.30 -32.23 
36.8173 -0.8244 4.6794 99.61 -0.29 18.16 -1.76 28.71 -32.23 
36.6694 -0.9478 4.5517 99.61 -0.29 18.16 -1.76 29.30 -32.23 
36.7919 -0.9564 4.6808 99.61 -0.29 18.16 -1.76 28.71 -32.23 
36.7272 -0.8846 4.7811 99.61 -0.29 18.16 -1.76 28.42 -32.23 
36.7500 -1.0207 4.6162 99.61 -0.29 18.16 -1.76 28.42 -32.23 
36.6657 -0.8816 4.4856 99.61 -0.29 18.16 -1.76 28.71 -32.23 
36.6951 -0.8837 4.6500 99.61 -0.29 18.16 -1.76 28.42 -32.23 
36.7241 -0.8846 4.6158 99.61 -0.29 18.16 -1.76 28.71 -32.23 
37.2074 -0.9936 4.5392 99.61 -0.29 18.16 -1.76 28.71 -32.23 
36.7499 -0.9537 4.6158 99.61 -0.29 18.16 -1.76 28.71 -32.23 
36.7846 -0.8906 4.5486 99.61 -0.29 18.16 -1.76 28.42 -32.23 
36.7369 -0.9533 4.7156 99.61 -0.29 18.16 -1.76 28.71 -32.23 
37.0920 -0.9161 4.5414 99.61 -0.29 18.16 -1.76 28.42 -32.23 
36.6401 -0.8795 4.4862 99.90 -0.29 18.16 -1.76 28.71 -32.23 
37.0371 -0.9801 4.4766 99.61 -0.29 18.16 -1.76 28.71 -32.23 
37.0152 -0.9097 4.5432 99.61 0.00 18.16 -1.76 28.71 -32.23 
36.7298 -0.9539 4.4844 99.61 -0.29 18.16 -1.46 28.71 -32.23 
36.6914 -0.9506 4.4854 99.61 -0.29 18.16 -1.76 28.71 -32.23 
36.5251 -1.0030 4.4900 99.61 -0.29 18.16 -1.76 28.42 -32.23 
36.7042 -0.9517 4.4850 99.61 -0.29 18.16 -1.76 28.42 -32.23 
36.6914 -0.9506 4.4854 99.61 -0.29 18.16 -1.76 28.71 -32.23 
37.1780 -0.9921 4.4731 99.61 -0.29 18.16 -1.76 28.71 -32.23 
36.8522 -0.9631 4.7135 99.61 -0.29 18.16 -1.76 28.71 -32.23 
36.7206 -0.9522 4.5505 99.61 -0.29 18.16 -1.76 28.71 -32.23 
36.5472 -1.0059 4.4239 99.61 -0.29 18.16 -1.76 28.71 -32.23 
36.9912 -0.9780 4.3448 99.61 -0.29 18.16 -1.76 28.71 -32.23 
36.9545 -1.0454 4.1466 99.61 -0.29 18.16 -1.76 28.42 -32.23 
36.4449 -1.0634 4.4271 99.61 -0.29 18.16 -1.76 28.71 -32.23 
36.5321 -1.0017 4.6208 99.61 -0.29 18.16 -1.76 28.42 -32.23 
36.5223 -1.0006 4.7853 99.61 -0.29 18.16 -1.76 28.71 -32.23 
36.5123 -1.0019 4.4903 99.61 -0.29 18.16 -1.76 28.71 -32.23 
36.6311 -1.0113 4.5531 99.61 -0.29 18.16 -1.76 28.71 -32.23 
36.6311 -1.0113 4.5531 99.61 -0.29 18.16 -1.76 28.71 -32.23 
36.5798 -1.0068 4.5542 99.61 -0.29 18.16 -1.76 28.71 -32.23 
36.4227 -0.9941 4.4926 99.61 -0.29 18.16 -1.76 28.71 -32.23 
36.6694 -0.9478 4.5517 99.61 -0.29 18.16 -1.76 28.71 -32.23 
36.6183 -1.0102 4.5533 99.61 -0.29 18.16 -1.76 28.71 -32.23 
36.4261 -0.9934 4.5578 99.61 -0.29 18.16 -1.76 28.42 -32.23 
36.4967 -0.9984 4.7857 99.61 -0.29 18.46 -1.76 28.71 -32.23 
36.4424 -0.9939 4.6227 99.61 -0.29 18.46 -1.76 28.42 -32.23 
36.3783 -0.9883 4.6241 99.61 -0.29 18.16 -1.76 28.42 -32.23 
36.6987 -1.0163 4.6173 99.61 -0.29 18.16 -1.76 29.30 -32.23 
36.4040 -1.0568 4.6240 99.61 -0.29 18.16 -1.76 28.71 -32.23 
36.6731 -1.0140 4.6178 99.61 -0.29 18.46 -1.76 28.42 -32.23 
36.4424 -0.9939 4.6227 99.61 -0.29 18.16 -1.76 28.42 -32.23 
36.3654 -0.9210 4.6239 99.61 -0.29 18.16 -1.76 28.42 -32.23 
36.8269 -1.0274 4.6146 99.61 -0.29 18.16 -1.76 28.42 -32.23 
36.5379 -1.0041 4.4897 99.61 -0.29 18.16 -1.76 29.30 -32.23 
36.4424 -0.9939 4.6227 99.61 -0.59 18.16 -1.76 28.71 -32.23 
36.2629 -0.9783 4.6265 99.61 -0.29 18.16 -1.76 28.42 -32.23 
36.3750 -1.0552 4.5595 99.61 -0.29 18.16 -1.76 28.71 -32.23 
36.4553 -1.0614 4.6229 99.61 -0.29 18.46 -1.76 28.42 -32.23 
36.4902 -0.9990 4.5563 99.61 -0.29 18.16 -1.76 28.71 -32.23 
36.3749 -0.9890 4.5590 99.61 -0.29 18.16 -1.76 28.42 -32.23 
36.4425 -1.0603 4.6232 99.61 -0.29 18.16 -1.76 28.71 -32.23 
36.4809 -1.0637 4.6224 99.61 -0.29 18.16 -1.76 28.42 -32.23 
36.4040 -1.0568 4.6240 99.61 -0.29 18.16 -1.76 28.71 -32.23 
36.5031 -1.0667 4.5565 99.61 -0.29 18.16 -1.76 28.42 -32.23 
36.3237 -1.0506 4.5606 99.61 -0.29 18.16 -1.76 28.71 -32.23 
36.3237 -1.0506 4.5606 99.61 -0.29 18.16 -1.76 28.71 -32.23 
36.3143 -1.0488 4.6259 99.61 -0.29 18.16 -1.76 28.71 -32.23 
36.3015 -1.0477 4.6262 99.61 -0.29 18.16 -1.76 28.71 -32.23 
36.3109 -1.0495 4.5609 99.61 -0.29 18.16 -1.76 28.42 -32.23 
36.2981 -1.0483 4.5612 99.61 -0.29 18.16 -1.76 28.71 -32.23 
36.4262 -1.0598 4.5583 99.61 -0.59 18.46 -1.76 29.30 -32.23 
36.4518 -1.0621 4.5577 99.61 -0.59 18.46 -1.76 28.71 -32.23 
36.3015 -1.0477 4.6262 99.61 -0.59 18.16 -1.76 28.71 -32.23 
36.2854 -1.1133 4.5620 99.61 -0.59 18.16 -1.76 28.71 -32.23 
36.3844 -1.0570 4.4940 99.61 -0.59 18.16 -1.76 28.42 -32.23 
36.3877 -0.9901 4.5587 99.61 -0.59 18.16 -1.76 28.71 -32.23 
36.3621 -0.9878 4.5593 99.61 -0.59 18.16 -1.76 28.42 -32.23 
36.4518 -1.0621 4.5577 99.61 -0.59 18.16 -1.76 28.42 -32.23 
36.3399 -1.0511 4.6254 99.61 -0.59 18.16 -1.76 28.71 -32.23 
36.3873 -1.0557 4.4607 99.61 -0.59 18.16 -1.76 28.71 -32.23 
36.2086 -1.1063 4.5638 99.61 -0.59 18.16 -1.76 28.42 -32.23 
36.2887 -1.0465 4.6264 99.61 -0.29 18.16 -1.76 28.42 -32.23 
36.2725 -1.0461 4.5618 99.61 -0.59 18.16 -1.76 28.71 -32.23 
36.3236 -0.9845 4.5602 99.61 -0.59 18.16 -1.76 28.71 -32.23 
36.4390 -1.0609 4.5580 99.61 -0.29 18.16 -1.76 28.71 -32.23 
36.3528 -1.0523 4.6251 99.61 -0.59 18.16 -1.76 28.71 -32.23 
36.6160 -1.0072 4.7502 99.61 -0.59 18.16 -1.76 28.71 -32.23 
36.3048 -0.9810 4.6906 99.61 -0.59 18.16 -1.76 28.71 -32.23 
36.2791 -0.9787 4.6911 99.61 -0.29 18.16 -1.76 28.42 -32.23 
36.5868 -0.9389 4.6847 99.61 -0.59 18.16 -1.76 28.71 -32.23 
36.3465 -0.9176 4.7544 99.61 -0.59 18.16 -1.76 28.42 -32.23 
36.2440 -0.9748 4.7566 99.61 -0.29 18.16 -1.76 28.71 -32.23 
36.3081 -0.9803 4.7555 99.61 -0.59 18.16 -1.76 28.42 -32.23 
36.4236 -0.9904 4.7535 99.61 -0.59 18.16 -1.76 28.71 -32.23 
36.3946 -1.0550 4.6894 99.61 -0.29 18.16 -1.76 28.42 -32.23 
36.2568 -0.9759 4.7564 99.61 -0.29 18.16 -1.76 28.71 -32.23 
36.4073 -0.9899 4.6886 99.61 -0.29 18.16 -1.76 28.71 -32.23 
36.2697 -1.0429 4.7566 99.61 -0.29 18.16 -1.76 28.71 -32.23 
36.3338 -0.9826 4.7550 99.61 -0.29 18.16 -1.76 28.42 -32.23 
36.3049 -1.0470 4.6911 99.61 -0.29 18.16 -1.76 28.71 -32.23 
36.1286 -1.0304 4.7590 99.61 -0.29 18.16 -1.76 28.71 -32.23 
35.9715 -1.0173 4.6974 99.61 -0.29 18.16 -1.76 28.71 -32.23 
36.0388 -1.0223 4.7605 99.61 -0.29 18.16 -1.76 28.71 -32.23 
36.1766 -1.0356 4.6935 99.61 -0.29 18.16 -1.76 28.71 -32.23 
36.0997 -1.0287 4.6950 99.61 -0.29 18.16 -1.76 28.71 -32.23 
36.4622 -1.0601 4.7533 99.61 -0.29 18.16 -1.76 28.71 -32.23 
36.1928 -1.0361 4.7579 99.61 -0.29 18.16 -1.76 28.42 -32.23 
36.8341 -1.0262 4.7465 99.61 -0.29 18.16 -1.76 28.71 -32.23 
36.8784 -1.0289 4.9779 99.61 -0.29 18.16 -1.76 28.71 -32.23 
36.1542 -0.9669 4.7581 99.61 -0.29 18.16 -1.76 28.71 -32.23 
36.2730 -0.9764 4.8209 99.61 -0.29 18.16 -1.76 28.71 -32.23 
36.1286 -1.0304 4.7590 99.61 -0.29 18.16 -1.76 28.71 -32.23 
36.2568 -0.9759 4.7564 99.61 -0.29 18.16 -1.76 28.42 -32.23 
36.9111 -1.0329 4.7452 99.61 -0.29 18.16 -1.76 28.71 -32.23 
36.0451 -0.9556 4.8887 99.61 -0.29 18.16 -1.76 28.71 -32.23 
35.3966 0.0793 7.4434 99.61 -0.29 18.16 -1.76 28.42 -32.23 
36.8744 1.1080 15.2979 99.61 -0.29 18.46 -1.76 28.71 -32.23 
39.2588 -13.2563 -0.8712 67.68 12.60 124.80 12.89 -106.05 -46.88 
32.8470 3.8272 11.6575 90.53 -0.29 5.27 -2.34 14.94 -59.47 
32.9095 4.0094 10.4578 89.65 0.29 5.27 -2.34 14.94 -59.47 
32.4220 4.2676 10.5488 89.65 -0.29 5.27 -2.34 15.23 -59.47 
32.2220 3.9568 10.6289 89.65 0.00 5.27 -2.34 15.53 -59.18 
33.2594 4.7681 10.8297 89.65 -0.29 5.27 -2.34 15.53 -59.18 
32.9469 4.6755 10.7089 89.65 -0.29 5.27 -2.34 15.53 -59.18 
33.7719 4.6962 10.7402 89.65 -0.88 5.27 -2.34 15.23 -59.18 
32.7595 4.7762 10.6135 89.65 -0.59 5.27 -2.34 15.53 -59.18 
32.7095 4.7709 10.6042 89.65 -0.59 5.27 -2.34 15.53 -59.18 
32.8845 4.7289 10.5762 89.65 -0.59 5.27 -2.34 15.53 -59.18 
32.6470 4.8839 10.6529 89.65 -0.59 5.27 -2.34 15.82 -59.18 
32.5595 4.8181 11.4162 90.53 -0.59 5.27 -2.34 15.23 -59.18 
32.4845 4.8700 11.5203 90.53 -0.59 5.27 -2.34 15.53 -59.18 
32.6345 4.8266 11.5532 90.53 -0.59 5.27 -2.34 15.53 -59.18 
32.5970 4.7632 11.6049 90.53 -2.34 5.27 -2.34 15.23 -59.18 
32.2470 4.8547 13.3860 93.46 -0.59 5.27 -2.34 16.11 -59.18 
32.4220 4.7566 13.7404 93.46 -0.59 5.27 -2.34 16.99 -59.18 
31.9846 4.6639 15.3033 95.21 -0.59 4.98 -2.34 18.16 -59.18 
32.0720 4.7459 16.8212 96.39 -0.59 5.27 -2.34 20.21 -59.18 
32.3595 4.4806 17.5088 96.39 -0.59 5.27 -2.34 20.80 -59.18 
31.4971 4.4168 18.9505 98.14 -0.59 5.27 -2.34 21.97 -59.18 
30.4472 4.3267 19.3497 98.73 -0.59 5.27 -2.34 22.56 -59.18 
30.3222 4.2087 19.9069 99.32 -0.59 5.27 -2.34 23.14 -59.18 
34.7968 0.8793 13.6620 92.87 -0.29 5.57 -2.34 16.11 -48.34 
35.0342 0.8053 14.1253 92.87 -0.59 5.57 -2.34 16.70 -48.34 
36.5966 0.6182 14.5063 92.87 -0.59 5.57 -2.34 18.16 -48.34 
30.2472 6.6630 17.9428 95.51 -2.05 7.03 0.00 20.80 -51.86 
27.9889 10.0777 19.7040 95.51 -3.81 7.03 0.00 23.44 -54.20 
32.4997 6.3187 19.8499 95.51 -2.93 6.15 -1.17 23.73 -53.03 
30.8251 6.3042 19.8161 95.51 -2.93 6.15 -1.17 24.61 -54.79 
30.9501 6.0880 19.8140 95.51 -2.34 6.15 -1.17 24.61 -54.79 
30.0055 5.7652 19.2934 95.51 -2.34 6.15 -1.17 24.61 -54.79 
25.9394 7.4121 18.4395 100.49 -0.59 18.16 -1.46 28.42 -32.23 
25.8596 7.3574 17.6873 100.49 -0.88 18.16 -1.46 28.71 -32.23 
25.3097 7.0809 15.2436 100.49 -0.59 18.16 -1.17 28.71 -32.23 
24.8371 6.8307 13.7842 100.20 -0.88 18.16 -1.17 28.71 -32.23 
25.3971 7.7656 12.8033 100.49 -0.88 18.16 -1.46 28.71 -32.23 
26.5789 7.8285 12.1337 100.78 -0.59 18.16 -1.17 28.42 -32.23 
26.9354 7.4672 11.4930 100.49 -0.59 18.16 -1.46 28.42 -32.23 
27.0911 7.4464 10.9423 100.49 -0.59 18.16 -1.46 28.42 -32.23 
27.4254 7.4644 10.0300 100.49 -0.59 18.16 -1.46 28.42 -32.23 
25.5017 7.0406 9.9081 100.49 -0.88 18.16 -1.17 28.42 -32.23 
33.4207 4.6774 -2.9870 65.04 2.93 18.75 -1.17 4.39 -64.75 
34.9438 1.8532 2.0738 75.59 8.20 18.75 -1.17 1.76 -65.04 
32.2188 1.7912 6.9818 79.39 7.91 18.75 -1.17 4.69 -65.04 
35.2239 -0.5458 7.6844 80.27 10.84 18.75 -1.17 4.98 -65.04 
34.5824 -1.0720 8.0813 80.27 11.43 18.75 -1.17 5.86 -65.04 
34.7204 -1.4700 8.0309 80.27 11.72 18.75 -1.17 5.86 -65.04 
35.3836 -1.7379 7.9603 80.27 12.60 18.75 -1.17 5.86 -65.04 
35.7360 -1.9101 7.7263 80.27 12.60 18.75 -1.17 5.57 -65.04 
35.3495 -1.9954 7.6314 80.27 12.60 18.75 -1.17 5.57 -65.04 
34.9123 -1.9418 7.5985 80.27 12.60 18.75 -1.17 5.57 -64.75 
35.2009 -2.0421 7.4903 80.27 12.60 18.75 -1.17 5.57 -64.75 
34.0525 -1.9615 7.3462 80.27 12.89 18.75 -1.17 5.57 -64.75 
34.9031 -2.1985 7.2765 80.27 12.89 18.75 -1.17 5.57 -64.75 
34.9406 -2.2034 7.2789 80.27 12.89 18.75 -1.17 5.57 -64.75 
35.3653 -2.3248 7.3065 80.27 13.18 18.75 -1.17 5.57 -64.75 
35.8524 -2.4565 7.3382 80.27 13.18 18.75 -1.17 5.57 -64.75 
35.7150 -2.4379 7.3293 80.27 13.18 18.75 -1.17 5.57 -64.75 
34.9150 -2.2650 7.3417 80.27 12.89 18.75 -1.17 5.57 -64.75 
35.7757 -2.5777 7.0401 80.27 13.48 18.75 -1.17 5.57 -64.75 
36.2535 -2.8489 7.2303 80.27 13.77 18.75 -1.17 5.27 -65.04 
35.7579 -2.8421 6.8033 80.27 13.77 18.75 -1.17 4.39 -64.75 
34.6409 -2.1689 8.4731 81.74 12.89 18.75 -1.17 5.27 -64.75 
33.4353 -2.7321 12.6947 86.72 14.06 18.75 -1.17 5.27 -65.04 
31.3943 -1.0486 17.9382 95.80 12.60 18.75 -1.17 2.93 -65.04 
30.1294 -2.3550 21.8421 106.93 15.23 18.75 -1.17 -3.52 -65.04 
34.9660 -2.7775 13.3472 96.39 15.23 18.75 -1.17 -7.62 -64.75 
37.4745 -4.1530 6.3975 89.06 17.29 18.75 -1.17 -10.25 -64.75 
36.9168 -5.1003 3.4877 82.32 18.16 18.75 -1.17 -6.74 -64.75 
35.5621 -5.1612 1.5068 79.10 18.46 18.75 -1.17 -5.57 -65.04 
36.4410 -5.7066 1.1222 77.05 18.75 18.75 -1.17 -2.93 -65.04 
35.6100 -6.1302 0.4870 75.59 19.34 18.75 -1.46 -1.76 -65.04 
37.1235 -6.9414 0.3878 75.59 19.92 18.75 -1.17 -1.46 -65.04 
37.3960 -7.2272 0.6271 75.59 20.21 18.75 -1.17 -1.17 -65.04 
35.9570 -5.8027 0.7776 75.29 18.75 18.75 -1.17 -0.88 -65.04 
36.4103 -4.7196 -3.2094 71.78 17.58 18.75 -1.17 -2.05 -65.04 
39.5230 -6.3579 10.1994 88.77 0.00 18.75 -1.17 5.86 -28.71 
38.5276 -6.2606 8.5343 82.62 6.45 18.75 -1.17 9.38 -41.60 
39.5067 -6.3280 4.4564 79.98 6.45 18.46 -1.17 4.39 -42.77 
36.1734 4.7348 -0.8244 72.66 -3.22 20.21 -1.17 1.46 -48.05 
25.9122 -16.5933 1.5439 84.38 6.74 22.85 -1.17 -28.42 -55.96 
24.0854 -11.9196 4.1758 94.92 -0.59 22.85 -1.17 -9.67 -31.05 
35.1708 -9.5081 26.3289 102.54 9.67 22.85 -1.17 7.62 -45.70 
33.2189 -16.8961 4.5209 62.11 31.64 22.85 -1.17 25.20 -75.88 
32.3280 -22.0271 -1.2576 53.61 40.14 22.85 -1.17 25.20 -82.62 
27.2457 -16.5918 6.8248 91.11 0.59 23.44 -1.17 -6.15 -11.13 
24.9586 -14.6734 5.5691 88.48 1.17 23.44 -1.17 4.39 -25.20 
31.1509 -18.6596 2.6229 80.57 1.76 23.44 -1.17 17.29 -25.20 
31.1027 -18.3228 2.4514 80.27 1.17 23.44 -1.17 19.92 -25.20 
31.0553 -18.7544 2.1935 79.69 1.17 23.44 -1.17 19.92 -25.20 
31.0172 -18.7999 2.2573 79.69 1.17 23.44 -1.17 19.92 -25.20 
31.0941 -18.5579 2.0728 79.39 1.76 23.44 -1.17 19.63 -25.20 
31.0593 -19.2386 1.8016 79.10 2.05 23.44 -1.17 19.63 -25.20 
31.2818 -18.7784 2.0473 79.10 2.34 23.44 -1.17 19.63 -25.20 
31.1587 -19.1574 1.8574 79.10 2.64 23.44 -1.17 19.34 -25.20 
31.0583 -19.7866 1.9053 79.10 2.64 23.44 -1.17 19.63 -25.20 
31.1813 -19.4012 2.0966 79.10 2.64 23.44 -1.17 19.63 -25.20 
31.2340 -19.6913 1.8292 78.81 3.52 23.44 -1.17 19.34 -25.20 
31.1847 -19.8944 1.7629 79.10 2.93 23.44 -1.17 19.34 -25.20 
31.1004 -19.9207 1.4552 78.52 2.64 23.44 -1.17 19.63 -25.20 
31.1062 -19.3418 2.1056 78.81 2.34 23.44 -1.17 19.34 -25.20 
24.4630 -10.1434 3.9203 82.03 -4.69 23.44 -1.17 19.34 -25.20 
30.7652 -10.1494 2.4537 80.27 -11.43 23.44 -1.17 18.16 -25.20 
30.7954 -12.2449 1.9392 79.10 -7.62 23.44 -1.17 16.70 -25.20 
31.1863 -15.8240 0.3853 77.93 -1.76 23.44 -1.17 7.32 -25.20 
31.5271 -19.3416 2.5099 79.10 3.22 23.44 -1.17 8.50 -25.20 
32.9157 -3.1604 24.3929 99.02 0.88 23.44 -1.17 19.92 -47.46 
32.3319 -0.3935 16.7023 91.11 9.67 23.44 -1.17 6.15 -63.87 
30.7526 -0.4937 9.7923 79.98 16.11 26.66 -1.17 2.64 -77.64 
22.9041 -6.8912 7.2480 91.99 -4.10 27.25 -1.17 -10.25 -45.70 
29.2285 -0.6141 7.2738 89.06 -17.87 27.25 -1.17 -8.50 -29.88 
38.2835 8.7078 -4.2703 73.54 -14.94 27.25 -1.17 -8.79 -29.88 
25.3170 -9.0140 7.1922 91.11 -4.10 27.25 -1.17 -10.25 -29.88 
25.7594 -8.9280 6.7140 90.53 -7.62 27.54 -1.17 -8.79 -19.63 
23.7751 -12.2385 3.9618 89.36 -4.39 27.54 -1.17 -5.27 -19.63 
29.8754 -15.3975 5.1221 87.01 -4.98 28.71 -1.17 15.53 -12.30 
28.8350 -14.8312 4.1885 85.84 -3.52 21.97 -1.17 12.01 -28.71 
28.8050 -15.2010 4.6828 85.84 -3.81 32.23 -1.17 6.15 -28.71 
39.9946 -10.9524 16.6408 85.84 -3.52 65.62 -1.17 5.27 -28.71 
23.8115 2.2829 5.2913 8.79 6.15 14.36 -1.17 31.05 -49.51 
37.5033 -1.3494 2.3544 74.71 10.55 14.36 -1.17 4.10 -57.13 
35.9947 -1.3695 12.9875 82.91 7.03 14.36 -1.17 19.92 -57.13 
35.0313 -3.2941 11.8491 81.15 9.08 14.36 -1.17 19.63 -57.13 
36.1666 -7.2571 10.8391 79.98 14.94 14.36 -1.17 20.80 -57.42 
36.0878 -5.3725 11.2111 80.57 12.89 14.36 -1.17 20.21 -58.30 
37.3913 -3.4411 8.4159 76.76 9.96 14.36 -1.17 20.51 -58.30 
36.4179 -4.7351 9.4864 77.05 11.72 14.36 -1.17 20.21 -58.30 
34.9071 -4.1668 14.2169 84.96 11.72 14.36 -1.17 16.41 -58.01 
35.3989 -2.6276 19.9099 96.68 7.32 14.36 -1.17 9.67 -49.51 
31.0444 2.5876 22.8131 97.27 -0.88 14.36 -1.17 24.32 -51.56 
33.5363 2.2728 18.7042 89.06 0.59 14.36 -1.17 24.61 -56.84 
33.4967 1.5830 17.6882 87.89 2.05 14.36 -1.17 24.32 -57.42 
33.7358 0.7602 17.5284 87.60 3.22 14.36 -1.17 24.32 -57.42 
34.5053 -0.3605 16.8420 86.43 4.39 14.36 -1.17 24.32 -57.42 
34.7577 -1.0286 16.6070 86.13 5.57 14.36 -1.17 24.32 -57.42 
34.2347 -1.0442 16.4130 86.13 5.57 14.36 -1.17 24.32 -57.42 
34.9714 -1.3753 16.4863 86.13 5.86 14.36 -1.17 24.32 -57.42 
34.8220 -1.3598 16.4316 86.13 5.86 14.36 -1.17 24.32 -57.42 
34.7722 -1.3547 16.4134 86.13 5.86 14.36 -1.17 24.32 -57.42 
34.6352 -1.4709 16.3651 86.13 5.86 14.36 -1.17 24.32 -57.42 
34.9119 -1.6943 16.1974 85.55 6.15 14.36 -1.17 24.32 -57.42 
35.0738 -1.7790 16.2561 85.55 6.15 14.36 -1.17 24.32 -57.42 
35.1118 -1.9150 16.2034 85.55 6.15 14.36 -1.17 24.32 -57.42 
34.7133 -1.8668 16.0619 85.55 6.15 14.36 -1.17 24.32 -57.42 
35.3615 -2.3454 16.2294 85.25 7.03 14.36 -1.17 24.61 -57.42 
35.1344 -3.2293 15.2120 84.96 8.50 14.36 -1.17 23.73 -57.42 
34.4021 -3.0398 14.7104 83.79 8.20 14.36 -1.17 23.14 -57.42 
33.9920 -3.1872 15.6981 84.08 8.50 14.36 -1.17 24.61 -58.30 
35.8257 -4.7544 17.2855 84.38 9.96 14.36 -1.17 25.78 -58.30 
35.3643 -4.7963 17.1830 84.38 9.96 14.36 -1.17 25.49 -58.30 
35.9005 -4.5623 17.3087 84.38 9.96 14.36 -1.17 25.49 -58.30 
35.4259 -4.6066 17.2713 84.96 9.96 14.36 -1.17 25.49 -58.30 
35.1748 -4.3574 17.3780 84.96 9.67 14.36 -1.17 25.49 -58.30 
35.1617 -4.2891 17.4407 84.96 9.38 14.36 -1.17 25.78 -58.30 
35.5102 -4.2897 17.5765 84.96 9.08 14.36 -1.17 25.78 -58.30 
35.2087 -3.9675 17.7302 85.55 9.08 14.36 -1.17 25.78 -58.30 
34.9722 -3.9232 17.6347 85.55 8.50 14.36 -1.17 25.78 -58.30 
34.9224 -3.8469 17.6130 85.55 8.50 14.36 -1.17 25.78 -58.30 
35.1707 -3.8271 17.7814 85.55 8.50 14.36 -1.17 25.78 -58.30 
35.4189 -3.8743 17.9526 85.55 8.50 14.36 -1.17 25.78 -58.30 
35.5004 -3.4261 18.5415 86.13 7.91 14.36 -1.17 26.07 -58.30 
34.2434 -3.2149 18.0063 86.13 7.91 14.36 -1.17 26.07 -58.30 
34.2061 -3.1433 17.9889 86.13 7.91 14.36 -1.17 26.07 -58.30 
34.8906 -3.2568 18.2803 86.13 7.62 14.36 -1.17 26.07 -58.30 
34.4923 -3.1907 18.1107 86.13 7.62 14.36 -1.17 26.07 -58.30 
34.1432 -3.1345 18.0302 86.43 7.62 14.36 -1.17 26.07 -58.30 
34.1930 -3.0121 18.0483 86.13 7.62 14.36 -1.17 26.07 -58.30 
34.4543 -3.0544 18.1602 86.13 7.62 14.36 -1.17 26.07 -58.30 
34.1432 -3.0041 18.0270 86.13 7.62 14.36 -1.17 26.07 -58.30 
33.9690 -2.9760 17.9525 86.13 7.62 14.36 -1.17 26.07 -58.30 
34.6410 -3.0845 18.2400 86.13 7.62 14.36 -1.17 26.07 -58.30 
34.0810 -2.9940 18.0004 86.13 7.62 14.36 -1.17 26.07 -58.30 
35.5239 -2.9561 18.6828 86.13 7.32 14.36 -1.17 26.07 -58.01 
33.6996 -1.6294 19.8466 88.48 5.86 14.36 -1.17 26.07 -58.01 
34.2313 -2.6193 20.4154 88.77 7.03 14.36 -1.17 26.07 -58.30 
31.5331 -1.5607 19.0315 88.77 5.86 14.36 -1.17 26.37 -58.01 
33.9951 -2.3226 20.2887 88.77 6.74 14.36 -1.17 25.78 -58.01 
32.9279 -1.7288 19.5349 88.77 6.15 14.36 -1.17 25.49 -58.01 
33.1021 -1.1826 19.6097 88.77 6.15 14.36 -1.17 25.49 -58.01 
32.8285 -1.1541 19.4733 88.77 5.57 14.36 -1.17 25.49 -58.01 
33.3875 -0.9591 19.8154 89.06 5.57 14.36 -1.17 25.20 -58.01 
33.1145 -1.1839 19.6159 89.06 5.86 14.36 -1.17 25.20 -58.01 
33.0268 -1.1761 19.6397 89.06 5.86 14.36 -1.17 25.20 -58.01 
33.4759 -1.2201 19.7275 89.06 5.86 14.36 -1.17 25.20 -58.01 
32.8278 -1.0930 19.5388 89.06 5.86 14.36 -1.17 25.20 -58.01 
32.9404 -1.0405 19.5266 89.06 5.57 14.36 -1.17 25.20 -58.01 
33.0517 -0.9900 19.6485 89.06 5.57 14.36 -1.17 25.20 -58.01 
33.0808 -0.4401 20.4706 89.94 4.39 14.36 -1.17 25.20 -58.01 
32.7389 0.0929 19.6755 89.94 4.39 14.36 -1.17 24.02 -58.30 
32.0342 0.7432 18.9208 89.94 3.81 14.36 -1.17 22.56 -58.30 
33.9674 0.0310 19.3282 89.94 5.57 14.36 -1.17 22.27 -58.30 
33.5422 -0.4738 20.5753 89.94 5.57 14.36 -1.17 24.32 -58.30 
33.6058 -0.4124 20.4683 90.23 5.27 14.36 -1.17 24.02 -58.30 
33.0449 -0.2462 20.3116 90.23 4.69 14.36 -1.17 24.32 -58.30 
33.6258 0.5421 20.9544 90.53 3.81 14.36 -1.17 24.32 -58.30 
33.2025 1.0023 20.7923 90.82 3.22 14.36 -1.17 24.61 -58.30 
33.2156 0.6863 20.7332 90.82 3.52 14.36 -1.17 24.61 -58.01 
32.2937 0.9651 20.4382 90.82 3.52 14.36 -1.17 24.61 -58.01 
32.9911 0.8198 20.6804 90.82 3.52 14.36 -1.17 24.61 -58.30 
32.0071 0.9731 20.3493 90.82 3.52 14.36 -1.17 24.61 -58.01 
33.2646 0.8738 20.8269 90.82 3.52 14.36 -1.17 24.61 -58.30 
33.4387 0.9320 20.9199 90.82 3.52 14.36 -1.17 24.61 -58.30 
33.2674 0.7496 20.5530 90.82 3.22 14.36 -1.17 24.61 -58.30 
33.2916 0.8114 20.6342 90.82 3.22 14.36 -1.17 24.61 -58.30 
32.4049 1.2073 20.5640 90.82 2.93 14.36 -1.17 24.61 -58.01 
32.7280 1.1382 20.7407 90.82 2.93 14.36 -1.17 24.61 -58.30 
33.0022 1.1323 20.8212 90.82 2.93 14.36 -1.17 24.61 -58.30 
32.9891 1.2577 20.8820 90.82 2.93 14.36 -1.17 24.61 -58.30 
32.9138 1.2587 20.9098 90.82 2.93 14.36 -1.17 24.61 -58.30 
32.6542 1.2645 20.6313 90.82 2.64 14.36 -1.17 24.61 -58.30 
32.4566 1.2692 20.3892 90.82 2.64 14.36 -1.17 24.61 -58.30 
32.2950 1.1498 20.3032 90.82 2.64 14.36 -1.17 24.61 -58.01 
32.2218 1.1525 20.1304 90.82 2.64 14.36 -1.17 24.61 -58.30 
32.3061 1.3324 20.4421 90.82 2.34 14.36 -1.17 24.61 -58.30 
32.9725 1.7584 21.2852 91.11 1.76 14.36 -1.17 25.20 -58.01 
21.0873 -11.8850 6.4560 91.11 1.76 14.36 -1.17 25.20 -58.01 
21.1012 -11.5325 5.0912 92.29 0.88 14.36 -1.17 25.20 -58.01 
20.6981 -11.4730 6.6187 92.29 0.88 14.36 -1.17 25.20 -58.01 
20.9362 -11.4182 6.5568 92.29 0.88 14.36 -1.17 25.20 -58.01 
20.3753 -11.4951 6.4093 92.29 0.88 14.36 -1.17 25.20 -58.01 
20.3795 -11.5875 5.9968 92.29 0.88 14.36 -1.17 25.49 -58.01 
20.7380 -11.3528 6.3904 92.29 0.88 14.36 -1.17 25.49 -58.01 
20.4756 -11.5286 6.3778 92.29 0.88 14.36 -1.17 25.49 -58.01 
20.4306 -11.5795 5.8856 92.29 0.88 14.36 -1.17 25.49 -58.01 
20.4760 -11.5280 6.3400 92.29 0.88 14.36 -1.17 25.49 -58.01 
20.6122 -11.4965 6.4611 92.29 0.88 14.36 -1.17 25.49 -58.01 
20.6602 -11.5904 6.6563 92.29 0.88 14.36 -1.17 25.49 -58.01 
20.4128 -11.5263 6.4119 92.29 0.88 14.36 -1.17 25.49 -58.01 
20.7360 -11.4537 6.5827 92.29 0.88 14.36 -1.17 25.49 -58.01 
20.6954 -11.4793 6.8862 92.29 0.59 14.36 -1.17 25.49 -58.01 
20.5189 -11.5050 5.8126 92.29 0.88 14.36 -1.17 25.49 -58.01 
20.7348 -11.5543 6.6992 92.29 0.88 14.36 -1.17 25.49 -58.01 
20.4139 -11.5245 6.2989 92.29 0.59 14.36 -1.17 25.49 -58.01 
20.7887 -11.3432 6.3167 92.29 0.59 14.36 -1.17 25.49 -58.01 
20.5736 -11.5168 6.5730 92.29 0.59 14.36 -1.17 25.49 -58.01 
20.3859 -11.4604 6.5974 92.29 0.59 14.36 -1.17 25.49 -58.01 
20.3363 -11.4668 6.5567 92.29 0.59 14.36 -1.17 25.49 -58.01 
20.5861 -11.3321 6.5710 92.29 0.59 14.36 -1.17 25.49 -58.01 
20.6783 -11.2883 7.3387 92.29 0.59 14.36 -1.17 25.49 -58.01 
20.9093 -11.3533 6.7467 92.29 0.29 14.36 -1.17 25.78 -58.01 
20.5596 -11.4122 6.7221 92.29 0.29 14.36 -1.17 26.07 -58.01 
20.5986 -11.1974 6.5697 92.58 -0.29 14.36 -1.17 26.37 -58.01 
20.7340 -11.5069 6.7749 92.58 -0.29 14.36 -1.17 26.37 -58.01 
20.4620 -11.4228 6.4888 92.58 -0.29 14.36 -1.17 26.37 -58.01 
21.0729 -11.3819 6.6428 92.58 -0.29 14.36 -1.17 26.37 -58.01 
20.4480 -11.2703 6.6361 92.58 -0.29 14.36 -1.17 26.37 -58.01 
20.7461 -11.1058 5.5903 93.16 -0.59 14.36 -1.17 26.37 -58.01 
20.6434 -11.4125 5.8539 93.16 -0.59 14.36 -1.17 26.66 -58.01 
20.3586 -11.4938 6.8218 93.75 -0.59 14.36 -1.17 26.66 -58.01 
20.2965 -11.4408 6.7784 93.75 -0.88 14.36 -1.17 26.66 -58.01 
20.1433 -11.1959 5.8745 93.75 -0.59 14.36 -1.17 26.66 -58.01 
20.3993 -11.1621 5.2851 93.75 -0.59 14.36 -1.17 26.66 -58.01 
20.2924 -11.2720 5.9542 93.75 -0.59 14.36 -1.17 26.66 -58.01 
20.4014 -11.4653 6.2975 93.75 -0.59 14.36 -1.17 26.66 -58.01 
20.4671 -10.9337 4.7638 93.75 -0.59 14.36 -1.17 26.66 -58.01 
20.3462 -11.0728 5.5830 93.75 -0.59 14.36 -1.17 26.66 -58.01 
20.3398 -10.9723 4.9889 93.75 -0.59 14.36 -1.17 26.66 -58.01 
20.3814 -11.1989 5.8076 93.75 -0.59 14.36 -1.17 26.66 -58.01 
20.4174 -11.1344 5.9580 93.75 -0.59 14.36 -1.17 26.66 -58.01 
20.4233 -11.3457 6.5981 93.75 -0.88 14.36 -1.17 26.66 -58.01 
20.3155 -10.8124 4.9169 93.75 -0.88 14.36 -1.17 26.66 -58.01 
20.3549 -10.9891 5.9549 93.75 -0.88 14.36 -1.17 26.66 -58.01 
20.4269 -10.9000 5.0259 93.75 -0.88 14.36 -1.17 26.66 -58.01 
20.6648 -10.9458 4.9856 93.75 -0.88 14.36 -1.17 26.66 -58.01 
20.6985 -11.1149 5.3622 93.75 -0.88 14.36 -1.17 26.66 -58.01 
20.3474 -11.0256 5.4715 93.75 -0.88 14.36 -1.17 26.66 -58.01 
20.3765 -10.7663 5.0648 93.75 -0.88 14.36 -1.17 26.66 -58.01 
20.2239 -10.8788 5.3229 93.75 -0.88 14.36 -1.17 26.66 -58.01 
20.3436 -11.0733 5.8433 93.75 -0.88 14.36 -1.17 26.66 -58.01 
20.1978 -10.9992 5.4328 93.75 -0.88 14.36 -1.17 26.66 -58.01 
20.3420 -11.1218 5.9924 93.75 -0.88 14.36 -1.17 26.66 -58.01 
20.5873 -11.4272 6.4587 93.75 -0.88 14.36 -1.17 26.66 -58.01 
20.3417 -11.1221 6.0297 93.75 -0.88 14.36 -1.17 26.66 -58.01 
20.3417 -11.1698 6.0300 93.75 -0.88 14.36 -1.17 26.66 -58.01 
20.3174 -10.7221 4.7331 93.75 -0.88 14.36 -1.17 26.66 -58.01 
20.5496 -10.9494 5.2493 93.75 -0.88 14.36 -1.17 26.66 -58.01 
20.4132 -10.9963 6.3676 93.75 -0.88 14.36 -1.17 26.37 -58.01 
20.3519 -10.7470 5.0281 93.75 -0.88 14.36 -1.17 26.66 -58.01 
20.3193 -10.9111 5.7679 93.75 -0.88 14.36 -1.17 26.37 -58.01 
20.6144 -8.8959 6.2475 92.29 -4.69 14.36 -1.17 18.46 -58.30 
20.3139 -8.4486 6.2996 93.46 -5.27 14.36 -1.17 20.80 -58.30 
18.5502 -10.8049 10.0931 106.93 -0.88 14.36 -1.17 26.66 -58.30 
18.1137 -10.1998 9.9939 108.69 -0.88 14.36 -1.17 26.66 -58.30 
18.6740 -10.9248 10.2079 108.69 -0.59 14.36 -1.17 26.07 -58.30 
18.8730 -10.6397 9.0888 106.93 -0.29 14.36 -1.17 23.44 -58.30 
19.8084 -10.9441 6.8401 100.20 -0.29 14.36 -1.17 19.63 -58.30 
20.2785 -10.2830 6.0950 91.11 -1.46 14.36 -1.17 14.36 -58.30 
16.9712 -6.5115 6.8303 85.25 -2.93 14.36 -1.17 9.38 -58.30 
34.1806 4.9817 7.0378 81.15 1.17 14.36 -1.17 9.96 -58.30 
34.9926 5.3247 5.8633 79.39 1.17 14.36 -1.17 9.38 -58.30 
35.3986 5.0453 4.0469 78.22 2.05 14.36 -1.17 8.20 -58.30 
30.9073 6.0282 4.4485 75.88 6.74 14.36 -1.17 10.55 -73.83 
32.0135 1.6175 6.2732 75.88 12.01 14.36 -1.17 13.48 -73.83 
32.3257 -2.4559 7.5235 75.88 17.29 14.36 -1.17 16.11 -73.83 
33.3518 -5.5151 11.0844 78.52 20.80 14.36 -1.17 19.34 -73.83 
32.0060 -8.3915 11.8992 79.10 24.61 14.36 -1.17 21.09 -73.83 
32.9037 -8.8525 12.1171 78.81 24.90 14.36 -1.17 21.09 -73.83 
32.7541 -8.8611 12.0830 78.81 24.90 14.36 -1.17 21.09 -73.83 
33.9510 -9.5808 12.3763 78.81 25.49 14.36 -1.17 20.80 -73.83 
32.1085 -13.8452 16.5447 77.64 26.37 39.55 -1.17 8.50 -73.83 
28.4757 -2.4931 12.4355 80.57 22.85 51.27 -1.17 -18.16 -87.01 
28.8680 -2.6058 11.9646 80.57 23.73 51.27 -1.17 -19.34 -87.01 
27.5062 -2.6161 11.9002 80.27 23.73 51.56 -1.17 -18.16 -87.01 
27.2181 -2.5638 11.9677 80.27 23.44 51.56 -1.17 -18.16 -87.01 
29.3400 -2.8015 12.2579 80.27 23.44 51.56 -1.17 -18.46 -87.01 
28.8279 -2.4447 12.2176 80.27 22.56 51.56 -1.17 -18.46 -87.01 
28.1197 -2.1134 11.8072 79.98 22.27 51.56 -1.17 -18.46 -87.01 
28.9401 -2.4111 12.2486 79.98 22.56 51.56 -1.17 -18.16 -87.01 
28.2177 -2.6469 11.9976 79.98 22.85 51.27 -1.17 -18.16 -87.01 
27.4564 -2.6066 11.8860 79.98 22.85 51.56 -1.17 -18.16 -87.01 
28.9525 -2.7851 12.2579 79.98 22.85 51.56 -1.17 -18.16 -87.01 
27.3697 -2.4895 11.8093 79.98 22.85 51.56 -1.17 -18.16 -87.01 
27.4325 -2.5502 11.7776 79.98 22.85 51.56 -1.17 -18.16 -87.01 
28.3055 -2.7142 11.9709 79.98 23.44 51.56 -1.17 -18.16 -87.01 
27.4330 -2.4995 11.7267 79.98 22.85 51.27 -1.17 -18.16 -87.01 
28.7049 -2.6834 12.0277 79.98 22.85 51.56 -1.17 -18.16 -87.01 
29.0165 -2.7942 12.1148 79.98 22.85 51.27 -1.17 -18.16 -87.01 
29.0408 -2.7463 12.1745 79.98 22.85 51.56 -1.17 -18.16 -87.01 
28.4426 -2.6880 12.0084 79.98 22.85 51.56 -1.17 -18.16 -87.01 
28.6550 -2.6742 12.0139 79.98 22.85 51.56 -1.17 -18.16 -87.01 
28.7173 -2.6331 12.0303 79.98 22.85 51.56 -1.17 -18.16 -87.01 
29.2029 -2.6689 12.2180 79.98 22.85 51.56 -1.17 -18.16 -87.01 
28.9043 -2.6142 12.0813 79.98 22.85 51.56 -1.17 -18.16 -87.01 
28.9043 -2.6142 12.0813 79.98 22.85 51.56 -1.17 -18.16 -87.01 
29.0907 -2.6487 12.1867 79.98 22.85 51.56 -1.17 -18.16 -87.01 
28.9536 -2.6771 12.1493 79.98 22.85 51.56 -1.17 -18.16 -87.01 
29.1032 -2.6509 12.1902 79.98 22.85 51.27 -1.17 -18.16 -87.01 
29.0533 -2.6419 12.1763 79.98 22.85 51.56 -1.17 -18.16 -87.01 
28.8545 -2.6052 12.0675 79.98 22.85 51.56 -1.17 -18.16 -87.01 
28.7174 -2.5279 12.0287 79.98 22.85 51.56 -1.17 -18.16 -87.01 
28.9417 -2.5678 12.0908 79.98 22.85 51.27 -1.17 -18.16 -87.01 
29.3026 -2.6330 12.2450 79.98 22.85 51.56 -1.17 -18.16 -87.01 
28.9786 -2.5753 12.1546 79.98 22.85 51.56 -1.17 -18.16 -87.01 
28.9287 -2.5664 12.1407 79.98 22.85 51.27 -1.17 -18.16 -87.01 
28.8788 -2.5575 12.1268 79.98 22.85 51.56 -1.17 -18.16 -87.01 
29.0533 -2.5886 12.1755 79.98 22.85 51.56 -1.17 -18.16 -87.01 
29.2777 -2.6285 12.2380 79.98 22.85 51.27 -1.17 -18.16 -87.01 
29.1780 -2.5572 12.2094 79.98 22.85 51.56 -1.17 -18.16 -87.01 
29.1785 -2.5029 12.1547 79.98 22.85 51.27 -1.17 -18.16 -87.01 
29.1655 -2.5015 12.2051 79.98 22.56 51.56 -1.17 -18.16 -87.01 
29.2278 -2.5123 12.2225 79.98 22.56 51.56 -1.17 -18.16 -87.01 
29.2029 -2.5080 12.2156 79.98 22.56 51.27 -1.17 -18.16 -87.01 
29.1124 -2.0175 12.5070 79.98 21.68 51.56 -1.17 -18.16 -87.01 
27.9550 -2.0903 12.0188 79.69 21.97 51.56 -1.17 -17.87 -87.01 
28.9510 -1.8859 12.4049 79.69 21.68 51.56 -1.17 -17.87 -87.01 
27.7743 -1.4652 12.5726 79.69 20.51 51.56 -1.17 -16.70 -87.01 
27.9623 -1.5407 12.5284 79.69 20.51 51.27 -1.17 -16.70 -87.01 
28.6227 -1.7387 12.7324 79.69 20.80 51.56 -1.17 -16.70 -87.01 
29.2127 -2.0856 12.4828 79.39 21.39 51.56 -1.17 -16.99 -87.01 
29.3741 -2.0579 12.5834 79.39 21.39 51.56 -1.17 -16.99 -87.01 
29.0604 -1.9597 12.7069 79.39 21.09 51.56 -1.17 -16.99 -87.01 
29.0994 -2.0163 12.5572 79.39 21.39 51.56 -1.17 -16.99 -87.01 
29.0116 -2.0036 12.5853 79.39 21.39 51.56 -1.17 -16.99 -87.01 
29.0994 -2.0163 12.5572 79.39 21.39 51.56 -1.17 -16.99 -87.01 
29.0740 -1.9600 12.6030 79.39 21.09 51.56 -1.17 -16.99 -87.01 
27.4593 -1.2775 12.8275 79.39 20.51 51.27 -1.17 -16.70 -87.01 
28.9167 -1.8955 13.3097 79.69 20.80 51.56 -1.17 -16.70 -87.01 
28.4705 -1.6688 12.9493 79.69 20.80 51.56 -1.17 -16.99 -87.01 
28.5095 -1.6719 12.8028 79.69 20.80 51.56 -1.17 -16.99 -87.01 
27.8475 -1.4778 12.7499 79.69 20.51 51.56 -1.17 -16.70 -87.01 
27.7224 -1.4109 12.7607 79.69 20.51 51.56 -1.17 -16.70 -87.01 
27.6357 -1.4482 12.6826 79.69 20.51 51.56 -1.17 -16.70 -87.01 
27.7608 -1.4649 12.6710 79.69 20.51 51.56 -1.17 -16.70 -87.01 
27.8242 -1.4722 12.5881 79.69 20.51 51.56 -1.17 -16.99 -87.01 
28.6455 -1.0667 12.9431 79.69 20.21 51.56 -1.17 -16.99 -87.01 
26.7368 -0.3644 12.5812 79.69 18.75 51.27 -1.17 -16.99 -87.01 
27.2114 2.0758 12.6203 79.69 15.23 51.56 -1.17 -17.58 -87.01 
26.2282 6.5571 14.6448 84.96 7.32 51.56 -1.17 -19.63 -81.15 
19.2847 -10.4182 6.7157 93.46 -0.29 51.56 -1.17 -21.09 -76.46 
18.7349 -8.1274 6.6955 95.51 -5.27 51.56 -1.17 -8.79 -76.46 
17.9790 -7.8115 7.2788 96.68 -5.57 51.56 -1.17 -4.69 -76.46 
18.2804 -8.3247 7.1393 96.68 -4.69 51.56 -1.17 -4.98 -76.46 
18.2184 -8.1628 7.0962 96.68 -4.69 51.56 -1.17 -7.91 -76.46 
18.4599 -8.2062 6.7055 96.68 -3.52 51.56 -1.17 -12.30 -76.46 
19.1437 -9.4053 7.0608 99.02 -0.88 51.56 -1.17 -20.80 -76.76 
24.8184 -5.8948 -0.2726 75.88 -14.36 50.98 -1.17 -13.48 -65.04 
28.7661 4.2063 20.7060 79.10 -11.72 50.98 -1.17 14.06 -65.04 
31.1954 0.3156 17.8250 75.29 -8.50 50.98 -1.17 15.82 -65.04 
32.6117 -1.4862 15.0012 70.61 -4.69 50.98 -1.17 15.23 -65.04 
33.1930 -2.0380 14.3824 70.31 -4.10 50.98 -1.17 15.23 -65.04 
33.4088 -1.6872 14.0640 70.31 -3.81 50.98 -1.17 14.06 -65.04 
33.5104 -1.5720 13.9024 69.73 -3.81 50.98 -1.17 13.18 -65.04 
33.2282 -2.1524 13.3864 69.14 -3.22 50.98 -1.17 13.77 -65.04 
33.7176 -1.9638 13.2020 68.55 -2.93 50.98 -1.17 12.30 -65.04 
32.7223 -1.7124 12.7482 68.55 -2.93 50.98 -1.17 12.30 -65.04 
33.9236 -2.0610 13.8364 68.55 -4.10 50.98 -1.17 14.94 -65.04 
33.2605 -2.1018 13.8984 68.55 -3.81 50.98 -1.17 14.94 -65.04 
33.9372 -3.0146 13.7242 68.55 -2.93 50.98 -1.17 14.94 -65.04 
33.2636 -2.7190 13.5925 68.55 -3.22 50.98 -1.17 15.23 -65.04 
34.1602 -2.9888 13.9169 68.55 -3.22 50.98 -1.17 15.53 -65.04 
33.3882 -2.8636 13.6301 68.55 -3.22 50.98 -1.17 15.53 -65.04 
33.4630 -2.9383 13.6524 68.55 -3.22 50.98 -1.17 15.53 -65.04 
33.8244 -2.9337 13.7554 68.55 -3.22 50.98 -1.17 15.53 -65.04 
34.1603 -2.8604 13.9151 68.55 -3.52 50.98 -1.17 15.53 -65.04 
34.2095 -2.7406 13.9926 68.55 -3.52 50.98 -1.17 15.53 -65.04 
34.4594 -2.7129 13.9989 68.55 -3.81 50.98 -1.17 15.53 -65.04 
34.1845 -2.7368 13.9853 68.55 -3.81 50.98 -1.17 15.53 -65.04 
34.0599 -2.6539 13.9481 68.55 -3.81 50.98 -1.17 15.53 -65.04 
33.9346 -2.6997 13.9770 68.55 -3.81 50.98 -1.17 15.53 -65.04 
33.8966 -2.7586 14.0313 68.55 -3.81 50.98 -1.17 15.53 -65.04 
33.9720 -2.6417 13.9871 68.55 -3.81 50.98 -1.17 15.53 -65.04 
33.6598 -2.6589 13.9603 68.55 -3.81 50.98 -1.17 15.53 -65.04 
34.2829 -2.6894 14.1438 68.55 -3.81 50.98 -1.17 15.53 -65.04 
33.7720 -2.6760 13.9935 68.55 -3.81 50.98 -1.17 15.53 -65.04 
34.0953 -2.7262 14.1542 68.55 -3.81 50.98 -1.17 15.53 -65.04 
34.1583 -2.7348 14.1078 68.55 -3.81 50.98 -1.17 15.53 -65.04 
34.0337 -2.7158 14.0709 68.55 -3.81 50.98 -1.17 15.53 -65.04 
34.0829 -2.6604 14.1495 68.55 -3.81 50.98 -1.17 15.53 -65.04 
34.2587 -2.6848 14.0713 68.55 -3.81 50.98 -1.17 15.53 -65.04 
33.8094 -2.6817 14.0045 68.55 -3.81 50.98 -1.17 15.53 -65.04 
33.8592 -2.6892 14.0193 68.55 -3.81 50.98 -1.17 15.53 -64.75 
33.7720 -2.7393 13.9944 68.55 -3.81 50.98 -1.17 15.53 -65.04 
33.8592 -2.7528 14.0202 68.55 -3.81 50.98 -1.17 15.53 -65.04 
33.9838 -2.7720 14.0571 68.55 -3.81 50.98 -1.17 15.53 -65.04 
34.0960 -2.6613 14.0885 68.55 -3.81 50.98 -1.17 15.53 -64.75 
33.7471 -2.7354 13.9870 68.55 -3.81 50.98 -1.17 15.53 -65.04 
34.0835 -2.7874 14.0866 68.55 -3.81 50.98 -1.17 15.53 -65.04 
33.9589 -2.7682 14.0497 68.55 -3.81 50.98 -1.17 15.53 -65.04 
34.0088 -2.7120 14.0636 68.55 -3.81 50.98 -1.17 15.53 -65.04 
34.0088 -2.7120 14.0636 68.55 -3.81 50.98 -1.17 15.53 -65.04 
34.0579 -2.8485 14.1449 68.55 -3.52 50.98 -1.17 15.82 -65.04 
33.3300 -2.6803 14.4348 69.14 -3.81 50.98 -1.17 16.11 -65.04 
33.7772 -2.8789 14.7074 69.43 -3.81 50.98 -1.17 16.11 -65.04 
33.6015 -2.3483 14.7719 69.43 -4.39 50.98 -1.17 16.11 -64.75 
33.4946 -2.4709 15.4473 70.61 -4.39 50.98 -1.17 16.41 -64.75 
34.0066 -2.6719 15.4966 70.61 -4.10 50.98 -1.17 16.41 -64.75 
33.6067 -2.6139 15.4885 70.61 -4.39 50.98 -1.17 16.41 -64.75 
33.0855 -2.8425 15.1211 70.61 -4.10 50.98 -1.17 16.41 -64.75 
33.7247 -3.0657 14.9526 70.61 -3.81 50.98 -1.17 16.70 -64.75 
33.6748 -3.0575 14.9362 70.61 -3.81 50.98 -1.17 16.70 -64.75 
33.4762 -3.0863 14.8077 70.61 -3.52 50.98 -1.17 16.41 -64.75 
34.0119 -3.1122 14.9817 70.61 -3.52 50.98 -1.17 16.41 -64.75 
33.2769 -2.9277 14.7403 70.61 -3.52 50.98 -1.17 16.41 -64.75 
33.7378 -3.2575 14.8955 70.61 -3.52 50.98 -1.17 16.41 -64.75 
33.7253 -3.3190 14.8926 70.61 -3.52 50.98 -1.17 16.41 -64.75 
33.3036 -3.6184 14.5701 70.61 -2.93 50.98 -1.17 16.41 -64.75 
33.4510 -4.5377 14.8284 70.31 -0.29 50.98 -1.17 15.23 -64.75 
23.2268 -8.8066 8.6903 88.77 -3.52 50.98 -1.17 -16.11 -59.18 
24.1035 -8.2012 7.2968 88.77 -7.91 50.98 -1.17 -18.16 -58.89 
23.8969 -6.6865 7.9393 87.01 -6.45 50.98 -1.17 -21.09 -58.89 
24.6141 -7.1077 8.7012 87.01 -6.45 50.98 -1.17 -20.80 -58.89 
24.5755 -6.1642 8.8092 87.01 -6.74 50.98 -1.17 -20.80 -58.89 
23.3108 -6.5868 6.5864 87.01 -6.74 50.98 -1.17 -21.09 -58.89 
30.2881 10.5054 13.6634 87.01 -6.74 50.98 -1.17 -18.46 -58.89 
30.8238 9.7264 15.0519 87.01 -6.45 50.98 -1.17 -16.99 -58.89 
30.7451 9.6186 14.1930 88.77 -4.10 50.98 -1.17 -25.78 -59.77 
29.4971 9.0608 16.4479 94.04 -2.34 54.79 -1.17 -30.18 -62.11 
30.0618 7.6730 16.2345 96.68 1.76 60.64 -1.17 -41.31 -62.99 
28.9225 5.1966 17.6368 97.27 8.20 72.07 -1.17 -49.51 -69.43 
27.9559 1.2306 20.4834 102.25 15.23 62.40 -1.17 -41.02 -73.83 
25.7715 -18.0187 17.7511 101.37 15.23 76.17 -1.17 -46.58 -73.83 
25.2158 -17.7793 18.3119 101.37 15.23 79.69 -1.17 -47.46 -73.83 
20.7073 -9.7024 11.8347 100.78 6.45 72.95 -1.17 -49.51 -72.36 
21.1189 -7.4928 10.7000 99.02 3.81 70.90 -1.17 -49.51 -70.90 
26.1338 -8.6617 12.8837 98.73 3.81 70.90 -1.17 -52.44 -70.90 
26.3508 -9.3734 12.4357 98.73 3.81 70.90 -1.17 -52.44 -70.90 
27.7044 8.0777 15.7430 98.44 4.10 70.90 -1.17 -52.15 -70.90 
27.6553 7.7006 15.6549 98.14 4.39 70.90 -1.17 -52.15 -70.90 
27.1732 -13.3914 13.9058 98.14 11.13 70.90 -1.17 -51.86 -72.95 
26.8517 -15.6544 14.7950 98.14 15.23 70.90 -1.17 -51.56 -73.54 
27.2366 -13.4894 15.0484 98.14 11.13 70.90 -1.17 -48.93 -73.54 
26.4191 -10.2491 14.3124 98.14 8.50 70.90 -1.17 -49.22 -73.54 
27.4067 6.7480 17.9710 98.14 7.03 70.90 -1.17 -49.22 -73.54 
26.3647 6.7132 17.1903 98.14 7.03 70.90 -1.17 -49.22 -73.54 
26.2519 7.5265 17.2168 97.56 5.86 70.90 -1.17 -49.22 -73.54 
26.7015 6.6848 17.2608 97.56 7.03 70.90 -1.17 -49.22 -73.54 
27.4236 6.7363 17.5331 97.56 7.03 70.90 -1.17 -49.22 -73.54 
26.7642 6.6966 17.2403 97.56 7.03 70.90 -1.17 -49.22 -73.54 
26.6025 6.7109 17.1557 97.56 6.74 70.90 -1.17 -48.93 -73.54 
26.5901 6.7081 17.1491 97.56 6.74 70.90 -1.17 -48.93 -73.54 
26.5777 6.7054 17.1425 97.56 6.74 70.90 -1.17 -48.93 -73.54 
25.8680 6.6964 16.8729 97.56 6.74 70.90 -1.17 -48.93 -73.54 
25.8550 6.6954 16.9180 97.56 6.45 70.90 -1.17 -48.63 -73.54 
25.7431 6.8136 16.8629 97.56 6.15 70.90 -1.17 -48.63 -73.54 
25.7063 6.8508 16.7931 97.56 6.15 70.90 -1.17 -48.63 -73.54 
25.7166 6.8134 17.0046 97.56 6.15 70.90 -1.17 -48.34 -73.54 
25.5426 6.8200 16.9110 97.56 6.15 70.90 -1.17 -48.34 -73.54 
26.0516 7.0894 17.2496 97.56 6.15 70.90 -1.17 -48.34 -73.54 
26.3753 7.2654 17.3786 97.56 6.15 70.90 -1.17 -48.34 -73.54 
26.3623 7.2645 17.4253 97.56 6.15 70.90 -1.17 -48.34 -73.54 
26.3741 7.3690 17.4901 97.56 5.86 70.90 -1.17 -47.75 -73.54 
26.3244 7.3564 17.4625 97.56 5.86 70.90 -1.17 -47.75 -73.54 
26.3492 7.4124 17.4785 97.56 5.86 70.90 -1.17 -47.75 -73.54 
26.3288 7.3395 17.0363 96.97 5.57 70.90 -1.17 -47.75 -73.54 
26.4531 7.2716 17.0987 96.68 5.86 70.90 -1.17 -47.75 -73.54 
26.3655 7.4005 17.1114 96.68 5.86 70.90 -1.17 -47.75 -73.54 
26.3282 7.4405 17.0935 96.68 5.57 70.90 -1.17 -47.75 -73.54 
26.4157 7.4607 17.0870 96.68 5.57 70.90 -1.17 -47.75 -73.54 
26.3411 7.4910 17.0492 96.68 5.57 70.90 -1.17 -47.75 -73.54 
25.9428 7.4873 16.8926 96.68 5.57 70.90 -1.17 -47.75 -73.54 
25.5574 7.4334 16.6873 96.68 5.57 70.90 -1.17 -47.75 -73.54 
25.6195 7.4500 16.7208 96.68 5.57 70.90 -1.17 -47.75 -73.54 
25.6444 7.5047 16.7363 97.56 5.57 70.90 -1.17 -47.75 -73.54 
25.9793 7.8908 16.9831 96.68 4.39 70.90 -1.17 -47.46 -73.54 
25.7182 8.0113 16.8513 96.68 4.39 70.90 -1.17 -47.46 -73.54 
25.6514 8.6487 17.2700 96.68 3.52 70.90 -1.17 -46.88 -73.54 
25.2957 8.0965 17.8298 96.68 3.81 70.90 -1.17 -45.70 -73.54 
25.1206 8.2423 17.8425 96.68 3.81 70.90 -1.17 -46.00 -73.54 
24.9841 8.0087 17.7479 96.68 3.81 70.90 -1.17 -45.70 -73.54 
24.9101 7.9358 17.6480 96.68 3.81 70.90 -1.17 -46.00 -73.54 
25.4444 7.9497 17.9609 96.68 3.81 70.90 -1.17 -46.00 -73.54 
25.3946 8.0808 17.9396 96.68 3.81 70.90 -1.17 -45.70 -73.54 
25.0705 7.9421 17.8472 96.68 3.81 70.90 -1.17 -46.00 -73.54 
25.4680 8.1090 18.0914 96.68 3.81 70.90 -1.17 -45.70 -73.54 
25.3190 8.0643 18.0009 96.68 3.81 70.90 -1.17 -45.70 -73.54 
25.3195 8.0614 17.9478 96.68 3.81 70.90 -1.17 -45.70 -73.54 
25.2196 8.0346 17.9406 96.68 3.81 70.90 -1.17 -45.70 -73.54 
24.9457 8.0033 17.8299 96.68 3.81 70.90 -1.17 -45.70 -73.54 
24.8717 8.0254 17.7353 96.68 3.81 70.90 -1.17 -45.70 -73.54 
24.9208 8.0911 17.8207 96.68 3.81 70.90 -1.17 -45.70 -73.54 
24.8582 8.0751 17.8350 96.68 3.81 70.90 -1.17 -45.70 -73.54 
24.8215 8.0132 17.7571 96.68 3.81 70.90 -1.17 -45.70 -73.54 
24.9333 8.0472 17.8253 96.68 3.81 70.90 -1.17 -45.70 -73.54 
24.8458 8.0713 17.8274 96.68 3.81 70.90 -1.17 -45.70 -73.54 
25.0818 8.1437 17.9720 96.68 3.81 70.90 -1.17 -45.70 -73.54 
24.7459 8.0438 17.8185 96.68 3.81 70.90 -1.17 -45.70 -73.54 
24.7459 8.0438 17.8185 96.68 3.81 70.90 -1.17 -45.12 -73.54 
24.8577 8.0305 17.8843 96.68 3.81 70.90 -1.17 -45.12 -73.54 
24.7961 8.0086 17.7939 96.68 3.52 70.90 -1.17 -45.12 -73.54 
26.2818 9.6720 19.1872 96.68 2.05 70.90 -1.17 -44.53 -73.54 
24.6018 9.2863 18.4585 96.68 2.34 70.90 -1.17 -44.53 -73.54 
25.1871 8.8498 18.6767 96.68 2.93 70.90 -1.17 -44.53 -73.54 
25.8977 7.4733 18.8585 96.68 5.57 70.90 -1.17 -44.82 -73.54 
26.7569 4.8536 19.1696 96.68 8.50 70.90 -1.17 -44.82 -73.54 
27.8900 1.9700 19.6010 96.68 12.60 70.90 -1.17 -44.53 -73.54 
27.9322 -0.6382 19.1349 96.68 16.11 70.90 -1.17 -44.82 -73.54 
28.4971 -3.2161 18.8986 96.68 20.80 70.90 -1.17 -46.58 -73.54 
29.7331 -3.5077 19.0402 96.97 20.51 70.90 -1.17 -46.58 -73.54 
29.3351 0.1212 18.8442 96.68 14.94 70.90 -1.17 -47.75 -73.54 
30.4132 1.9482 13.6481 87.60 13.48 70.90 -1.17 -49.22 -73.54 
30.5950 1.9011 8.0964 82.32 13.48 70.90 -1.17 -49.51 -73.54 
32.3387 1.4372 8.6956 82.62 13.77 70.90 -1.17 -49.51 -73.54 
33.3217 -2.9174 7.9095 81.45 21.09 70.90 -1.17 -50.10 -73.54 
33.6897 -7.8648 6.1483 80.57 27.83 70.90 -1.17 -52.44 -73.54 
34.2540 -11.2230 5.9712 80.57 31.93 70.90 -1.17 -52.44 -73.54 
35.0195 -12.9142 4.4530 79.39 33.98 70.90 -1.17 -54.20 -73.54 
35.9022 -12.8192 4.9122 79.39 33.11 70.90 -1.17 -54.20 -73.54 
34.4349 -11.5090 5.3894 79.98 31.93 70.90 -1.17 -53.91 -73.54 
34.6981 -11.6957 5.3243 79.69 32.23 70.90 -1.17 -53.91 -73.54 
33.6383 -11.8369 5.0668 79.69 33.11 70.90 -1.17 -54.20 -73.54 
34.6496 -14.7677 5.1786 79.69 35.74 70.90 -1.17 -54.20 -73.54 
35.2357 -15.0134 5.3125 79.98 35.74 70.90 -1.17 -53.91 -73.54 
34.6968 -14.1312 5.4477 79.98 35.45 70.90 -1.17 -53.91 -73.54 
34.9579 -14.2688 5.5831 79.98 35.45 70.90 -1.17 -53.91 -73.54 
34.7586 -14.1638 5.5146 79.98 35.45 70.90 -1.17 -53.91 -73.54 
35.0454 -14.3148 5.5839 79.98 35.45 70.90 -1.17 -53.91 -73.54 
34.8330 -14.2031 5.5820 79.98 35.45 70.90 -1.17 -53.91 -73.54 
34.6830 -14.1242 5.5806 79.98 35.45 70.90 -1.17 -53.91 -73.54 
35.2329 -14.4134 5.5857 79.98 35.45 70.90 -1.17 -53.91 -73.54 
34.9698 -14.2752 5.6503 79.98 35.45 70.90 -1.17 -53.91 -73.54 
35.3197 -14.4592 5.6543 79.98 35.16 70.90 -1.17 -53.91 -73.54 
34.9823 -14.2817 5.6505 79.98 35.45 70.90 -1.17 -53.91 -73.54 
34.8948 -14.1621 5.6496 79.98 35.45 70.90 -1.17 -53.91 -73.54 
34.6698 -13.9714 5.6472 79.98 35.16 70.90 -1.17 -53.91 -73.54 
34.9697 -14.2014 5.6505 79.98 35.16 70.90 -1.17 -53.91 -73.54 
34.7448 -14.0836 5.6479 79.98 35.16 70.90 -1.17 -53.91 -73.54 
34.6823 -14.0509 5.6472 79.98 35.16 70.90 -1.17 -53.91 -73.54 
34.8823 -14.0821 5.6497 79.98 35.16 70.90 -1.17 -53.91 -73.54 
35.0197 -14.2276 5.6511 79.98 35.16 70.90 -1.17 -53.91 -73.54 
35.0822 -14.1863 5.6519 79.98 35.16 70.90 -1.17 -53.91 -73.54 
34.9572 -14.0476 5.6507 79.98 35.16 70.90 -1.17 -53.91 -73.54 
35.0440 -14.1666 5.7187 79.98 35.16 70.90 -1.17 -53.91 -73.54 
34.9191 -14.0280 5.7171 79.98 35.16 70.90 -1.17 -53.91 -73.54 
35.0440 -14.1666 5.7187 79.98 35.16 70.90 -1.17 -53.91 -73.54 
34.8559 -13.9955 5.7830 79.98 35.16 70.90 -1.17 -53.91 -73.54 
34.8941 -14.0151 5.7168 79.98 35.16 70.90 -1.17 -53.91 -73.54 
34.8191 -13.8300 5.7161 79.98 34.86 70.90 -1.17 -53.91 -73.54 
35.1815 -14.0901 5.7209 79.98 34.86 70.90 -1.17 -53.91 -73.54 
34.7691 -13.8772 5.7152 79.98 34.86 70.90 -1.17 -53.91 -73.54 
34.7691 -13.8772 5.7152 79.98 34.86 70.90 -1.17 -53.91 -73.54 
35.0440 -14.0192 5.7190 79.98 34.86 70.90 -1.17 -53.91 -73.54 
35.2690 -14.1353 5.7221 79.98 34.86 70.90 -1.17 -53.91 -73.54 
34.7684 -13.8042 5.7819 79.98 34.86 70.90 -1.17 -53.91 -73.54 
34.8184 -13.8299 5.7827 79.98 34.86 70.90 -1.17 -53.91 -73.54 
34.8566 -13.8493 5.7166 79.98 34.86 70.90 -1.17 -53.91 -73.54 
34.7816 -13.8108 5.7156 79.98 34.57 70.90 -1.17 -53.91 -73.54 
34.8309 -13.8363 5.7829 79.98 34.86 70.90 -1.17 -53.91 -73.54 
34.8684 -13.8556 5.7835 79.98 34.86 70.90 -1.17 -53.91 -73.54 
34.4435 -13.5652 5.7768 79.98 34.86 70.90 -1.17 -53.91 -73.54 
34.6178 -13.5822 5.8459 79.98 34.57 70.90 -1.17 -53.91 -73.54 
34.8339 -13.2622 6.7146 80.57 34.57 70.90 -1.17 -53.91 -73.54 
35.8631 -13.1839 7.5151 82.03 32.81 70.90 -1.17 -52.73 -73.54 
35.4031 -14.5257 2.3841 79.39 34.57 70.61 -2.34 -54.49 -72.95 
35.2516 -14.3691 2.5359 79.39 34.57 70.61 -2.34 -54.79 -72.95 
35.2641 -14.3757 2.5348 79.39 34.86 70.61 -2.34 -54.49 -72.95 
35.3767 -14.4347 2.5247 79.39 34.57 70.61 -2.34 -54.49 -72.95 
35.1758 -14.1798 2.6133 79.39 34.57 70.61 -2.34 -54.49 -72.95 
35.0000 -14.0875 2.6960 79.39 34.57 70.61 -2.34 -54.49 -72.95 
35.0625 -14.1200 2.6907 79.39 34.57 70.61 -2.34 -54.49 -72.95 
35.1869 -14.1094 2.7492 79.39 34.86 70.61 -2.34 -54.49 -72.95 
35.1751 -14.1043 2.6825 79.39 34.57 70.61 -2.34 -54.49 -72.95 
35.1376 -14.1589 2.6843 79.39 34.57 70.61 -2.34 -54.49 -72.95 
35.1008 -14.3632 2.6157 79.39 34.86 70.61 -2.93 -54.49 -72.95 
35.1251 -14.0784 2.6867 79.39 34.57 70.61 -2.34 -54.49 -72.95 
35.0250 -14.1005 2.6939 79.39 34.57 70.61 -2.34 -54.49 -72.95 
35.0993 -14.0642 2.7565 79.39 34.86 70.61 -2.34 -54.49 -72.95 
35.1126 -14.1459 2.6864 79.39 34.57 70.61 -2.93 -54.49 -72.95 
35.1751 -14.1784 2.6811 79.39 34.57 70.61 -2.34 -54.49 -72.95 
35.1251 -14.0784 2.6867 79.39 34.57 70.61 -2.34 -54.49 -72.95 
35.1251 -14.0784 2.6867 79.39 34.57 70.61 -2.34 -54.79 -72.95 
35.1494 -14.0161 2.7536 79.39 34.57 70.61 -2.34 -54.49 -72.95 
32.1447 1.7739 16.6718 88.48 4.39 17.29 -1.76 19.04 -61.82 
30.8402 1.8895 15.8983 87.60 5.57 19.92 -1.76 16.70 -63.57 
31.3026 1.3136 15.9044 87.01 6.74 21.97 -1.76 14.06 -65.33 
29.8732 1.2311 15.1130 86.43 7.91 24.90 -1.76 11.13 -67.09 
30.7086 0.8742 15.3192 86.43 8.50 26.95 -1.76 8.50 -68.85 
30.9524 0.4152 14.7061 85.25 10.25 28.42 -1.76 5.57 -70.61 
30.7821 -0.0247 14.2412 84.38 11.43 31.35 -1.76 3.22 -72.36 
31.2341 -0.1675 14.0409 83.79 12.89 33.69 -1.76 0.29 -74.41 
30.0427 -0.4599 13.2064 82.91 14.94 37.79 -1.76 -4.39 -77.05 
29.5261 -0.6764 12.3920 82.32 16.41 39.84 -1.76 -7.32 -78.81 
29.4909 -0.9926 12.1672 81.74 17.58 42.48 -1.76 -8.79 -80.86 
29.2942 -1.1275 11.8451 80.57 18.46 45.12 -1.76 -12.30 -82.91 
29.0406 -1.0368 10.9802 79.69 19.92 47.17 -1.76 -14.94 -83.50 
28.5423 -1.2882 10.8161 79.69 21.68 49.51 -1.76 -18.16 -86.13 
28.5428 -1.4426 10.7657 79.10 21.39 50.68 -1.76 -17.87 -87.01 
28.9142 -1.3380 11.1122 78.52 19.92 50.98 -1.76 -15.82 -85.55 
28.9603 -1.0853 11.4916 77.64 17.87 50.98 -1.76 -13.77 -84.67 
30.1810 -1.4506 11.9130 76.46 16.11 50.98 -1.76 -11.13 -82.62 
29.6019 -1.2760 12.3099 76.17 14.65 50.98 -1.76 -9.08 -80.86 
29.8654 -1.1971 12.2161 75.29 12.89 50.98 -1.76 -6.74 -79.69 
30.2002 -1.2937 12.4758 74.41 11.13 50.98 -1.76 -4.98 -77.93 
29.9623 -1.0475 12.5184 74.12 9.67 50.98 -1.76 -2.93 -77.05 
30.4721 -1.1056 12.7759 72.95 7.91 50.98 -1.76 -0.88 -75.59 
30.8217 -1.0873 12.8180 72.36 6.15 50.98 -1.76 1.76 -73.83 
31.6858 -1.4691 12.6519 71.19 3.52 50.98 -1.76 4.98 -71.48 
31.9744 -1.1479 12.5469 70.31 0.88 50.98 -1.76 8.20 -69.43 
31.7043 -1.2898 12.0643 69.14 -0.88 50.98 -1.76 10.25 -68.55 
33.1997 -2.5699 12.5085 68.85 -0.88 50.98 -1.76 12.30 -67.09 
34.8298 -3.5246 12.0053 67.97 -0.59 50.98 -1.76 14.06 -65.62 
34.0861 -3.0702 11.3913 67.97 -0.88 50.98 -1.76 12.01 -65.33 
32.2061 -1.5217 11.8905 69.43 -0.59 52.15 -1.76 7.62 -65.62 
32.8253 -0.4481 12.4569 70.90 -0.88 53.32 -1.76 3.52 -66.21 
32.1703 0.8988 12.9449 72.66 -0.88 54.79 -1.76 -0.29 -66.50 
31.5375 1.7818 13.7123 75.00 -0.59 55.96 -1.76 -4.10 -67.09 
30.6043 3.6282 14.5190 78.81 -0.29 58.59 -1.76 -12.60 -68.26 
29.6259 4.2131 14.8519 80.27 0.29 59.47 -1.76 -15.53 -68.85 
28.5188 4.9880 14.3333 81.74 0.59 60.94 -1.76 -20.80 -69.14 
28.9512 5.2613 14.8279 83.79 2.05 62.40 -1.76 -24.61 -70.02 
28.3762 5.7543 14.8292 85.84 2.64 63.28 -1.76 -28.42 -70.02 
28.5504 6.2025 14.9057 87.01 3.22 65.04 -1.76 -31.93 -71.19 
28.0253 6.7294 14.9237 89.06 3.52 65.92 -1.76 -36.04 -71.48 
27.7638 6.8793 14.8220 90.82 4.10 67.68 -2.05 -41.02 -72.36 
28.3114 7.4706 15.0570 92.58 5.27 68.26 -2.05 -44.53 -72.66 
27.1522 7.1000 14.7370 94.92 6.45 70.02 -1.76 -48.93 -72.95 
28.0525 6.1117 14.7077 94.92 7.32 70.31 -1.76 -49.22 -72.95 
27.4951 5.0055 14.2103 94.92 9.38 70.31 -1.76 -49.51 -72.95 
29.4896 3.4941 13.5180 92.87 12.01 70.31 -1.76 -49.80 -72.95 
30.4503 1.8399 12.4685 91.11 14.94 70.31 -1.76 -50.98 -72.95 
31.3072 0.0174 11.7826 90.23 17.29 70.31 -1.76 -51.27 -72.95 
30.7382 -1.1183 11.2007 89.36 18.16 70.31 -1.76 -51.56 -72.95 
32.2973 -2.2916 10.3036 87.89 19.92 70.31 -1.76 -51.86 -72.95 
32.7401 -3.5042 9.7872 87.30 21.68 70.90 -1.76 -52.15 -72.95 
31.8766 -4.6962 8.6647 86.13 23.44 70.61 -1.76 -52.15 -72.95 
33.3190 -6.4172 8.1718 84.96 25.78 70.61 -1.76 -52.73 -72.95 
33.9774 -7.3121 7.3563 83.79 26.95 70.61 -1.76 -53.32 -72.95 
33.6359 -8.6960 6.5231 82.91 28.71 70.61 -1.76 -53.32 -72.95 
34.6619 -10.4277 5.1981 81.74 30.76 70.61 -1.76 -53.91 -72.95 
34.8846 -11.9227 4.1994 80.27 31.93 70.61 -1.76 -54.20 -72.95 
34.9895 -13.1935 3.7165 79.39 34.57 70.61 -1.76 -54.49 -72.95 
34.8908 -13.0740 3.5892 79.39 34.86 70.61 -1.76 -54.49 -72.95 
34.8665 -13.3520 3.5202 79.39 34.57 70.61 -1.76 -54.49 -72.95 
34.9784 -13.3343 3.5815 79.39 34.57 70.31 -1.76 -54.79 -72.95 
34.8415 -13.2672 3.5226 79.39 34.57 70.61 -1.76 -54.49 -72.95 
34.9159 -13.2309 3.5859 79.39 34.57 70.61 -1.76 -54.49 -72.95 
35.0666 -13.3786 3.5094 79.39 34.57 70.61 -1.76 -54.49 -72.95 
34.9409 -13.2432 3.5845 79.39 34.86 70.61 -1.76 -54.79 -72.95 
34.8415 -13.2672 3.5226 79.39 34.57 70.61 -1.76 -54.49 -72.95 
34.8533 -13.2001 3.5894 79.39 34.57 70.61 -1.76 -54.49 -72.95 
34.8909 -13.2910 3.5864 79.39 34.57 70.61 -1.76 -54.49 -72.95 
34.7401 -13.1437 3.6622 79.39 34.57 70.61 -1.76 -54.49 -72.95 
34.6901 -13.0472 3.6658 79.39 34.57 70.61 -1.76 -54.49 -72.95 
34.9284 -13.2370 3.5852 79.39 34.57 70.61 -1.76 -54.49 -72.95 
34.1286 -12.9143 3.5642 79.39 34.57 70.61 -1.76 -54.49 -73.54 
34.7158 -13.1323 3.5972 79.39 34.57 70.61 -1.76 -54.49 -72.95 
34.8658 -13.2786 3.5878 79.39 34.57 70.61 -1.76 -54.49 -72.95 
35.0916 -13.3181 3.5089 79.39 34.57 70.61 -1.76 -54.49 -72.95 
34.7290 -13.2836 3.5282 79.39 34.57 70.61 -1.76 -54.49 -72.95 
34.9423 -13.3903 3.4489 79.39 34.57 70.61 -1.76 -54.49 -72.95 
34.9402 -13.2423 3.6514 79.39 34.57 70.61 -1.76 -54.49 -72.95 
35.0402 -13.2916 3.6460 79.39 34.57 70.61 -1.76 -54.49 -72.95 
34.8783 -13.1401 3.5890 79.39 34.57 70.61 -1.76 -54.49 -72.95 
35.1320 -13.6332 3.2333 79.39 34.57 70.61 -1.76 -54.49 -72.95 
34.7442 -13.5110 3.2583 79.39 34.86 70.61 -1.76 -54.49 -72.95 
35.0924 -13.4650 3.4398 79.39 34.57 70.61 -1.76 -54.49 -72.95 
35.4801 -13.5839 3.4173 79.39 34.57 70.61 -1.76 -54.49 -72.95 
35.1674 -13.4291 3.4362 79.39 34.57 70.61 -1.76 -54.49 -72.95 
35.1410 -13.3418 3.5733 79.39 34.57 70.61 -1.76 -54.49 -72.95 
35.3418 -13.5884 3.4924 79.39 34.57 70.61 -1.76 -54.79 -72.95 
35.1285 -13.3356 3.5740 79.39 34.57 70.61 -1.76 -54.49 -72.95 
35.0534 -13.2259 3.5791 79.39 34.86 70.61 -1.76 -54.49 -72.95 
35.0792 -13.4578 3.5077 79.39 34.57 70.61 -1.76 -54.49 -72.95 
34.6164 -13.1557 3.5357 79.39 34.57 70.61 -1.76 -54.49 -72.95 
34.4788 -13.0877 3.5438 79.39 34.86 70.61 -1.76 -54.49 -72.95 
34.3788 -13.0381 3.5496 79.39 34.57 70.61 -1.76 -54.49 -72.95 
34.4538 -13.0753 3.5452 79.39 34.57 70.61 -1.76 -54.49 -72.95 
34.9040 -13.2257 3.5199 79.39 34.57 70.61 -1.76 -54.79 -72.95 
34.9291 -13.3105 3.5175 79.39 34.57 70.61 -1.76 -54.49 -72.95 
35.0673 -13.4525 3.4413 79.39 34.57 70.61 -1.76 -54.49 -72.95 
35.0034 -13.2014 3.5819 79.39 34.57 70.61 -1.76 -54.49 -72.95 
35.0910 -13.3171 3.5761 79.39 34.57 70.61 -1.76 -54.49 -72.95 
30.7363 1.8314 16.2731 88.48 4.39 18.46 -1.76 18.75 -62.40 
31.1402 1.9483 15.8981 87.30 5.57 20.80 -1.76 15.53 -64.16 
30.5444 1.1594 15.4890 87.01 7.32 22.85 -1.76 12.89 -65.92 
29.9734 1.2292 15.0944 86.43 8.20 25.20 -1.76 10.55 -67.97 
30.7377 0.8759 14.9192 85.55 9.67 27.25 -1.76 7.32 -69.73 
30.6789 0.2610 14.5524 84.96 10.84 30.18 -1.76 4.69 -71.48 
30.9441 0.1347 14.2946 84.08 12.01 32.23 -1.76 2.05 -72.66 
30.4618 0.1122 13.7874 83.50 13.77 35.45 -1.76 -1.17 -75.59 
29.7941 -0.4375 13.0742 82.91 14.94 37.79 -1.76 -4.10 -77.05 
29.5012 -0.6203 12.3845 81.74 17.29 41.60 -1.76 -8.20 -80.27 
29.4086 -0.9248 11.6567 81.15 18.16 43.65 -1.76 -11.43 -81.74 
29.0742 -1.0970 11.3605 80.27 19.34 46.58 -1.76 -14.06 -83.79 
28.5797 -1.3964 10.8256 79.69 21.09 48.93 -1.76 -16.99 -85.84 
28.4061 -1.6291 10.6850 79.10 21.97 50.68 -1.76 -18.46 -87.01 
28.4903 -1.3353 11.0121 78.22 19.92 50.98 -1.76 -15.82 -85.55 
28.7853 -1.0132 11.4997 76.76 16.99 50.98 -1.76 -12.01 -82.91 
29.1555 -0.9540 11.9680 76.46 15.23 50.98 -1.76 -10.25 -81.74 
29.8778 -1.1440 12.2189 75.59 14.06 50.98 -1.76 -8.20 -80.27 
29.1674 -0.8500 12.0239 74.71 11.43 50.98 -1.76 -5.57 -78.81 
30.1866 -1.0725 12.5818 74.12 9.96 50.98 -1.76 -3.22 -77.05 
30.5249 -0.7731 12.5037 73.24 8.20 50.98 -1.76 -1.76 -76.46 
30.5373 -0.9978 12.5092 72.95 7.03 50.98 -1.76 0.29 -74.41 
31.1962 -0.8983 12.8640 72.36 5.27 50.98 -1.76 2.64 -73.54 
31.0982 -1.1150 12.6645 71.19 3.81 50.98 -1.76 4.69 -72.07 
31.8977 -1.2591 12.7066 70.61 2.05 50.98 -1.76 7.03 -70.61 
31.9269 -1.3168 12.2979 69.73 0.00 50.98 -1.76 9.38 -68.85 
33.2877 -2.0868 12.4626 68.85 -0.88 50.98 -1.76 11.43 -67.68 
33.8538 -3.2313 12.1062 68.26 -0.59 50.98 -1.76 13.18 -66.21 
34.3467 -3.4360 11.5767 67.97 -0.88 50.98 -1.76 13.18 -65.33 
33.5527 -2.1189 12.2137 69.43 -0.59 52.15 -1.76 8.20 -65.62 
32.7492 -0.3223 12.5593 70.90 -0.59 53.32 -1.76 4.10 -65.62 
32.2338 0.6607 12.8429 72.66 -0.88 54.79 -1.76 -0.29 -66.50 
31.1512 1.8390 13.5924 75.00 -0.59 56.25 -1.76 -4.10 -66.50 
31.3689 2.9886 14.3099 76.46 -0.59 57.13 -1.76 -7.91 -67.97 
31.2993 3.7930 15.0026 78.81 -0.29 58.59 -1.76 -12.60 -68.26 
29.7521 4.6050 14.7330 81.15 0.59 60.64 -1.76 -19.04 -69.14 
28.0592 4.9260 14.0554 82.62 1.76 62.40 -1.76 -23.44 -70.02 
28.2393 5.8351 14.7764 86.13 2.64 63.87 -1.76 -29.59 -70.61 
28.1498 6.3407 14.9656 88.48 3.52 65.62 -1.76 -35.16 -71.48 
28.2222 6.7236 15.2197 90.23 4.10 67.09 -1.76 -38.67 -72.07 
27.3406 6.8879 14.6519 91.99 5.27 67.97 -1.76 -42.48 -72.36 
27.6008 7.3561 14.8742 93.75 5.57 69.43 -1.76 -46.29 -72.95 
27.4527 6.8117 14.6951 94.92 6.74 70.31 -1.76 -49.22 -72.95 
27.6537 5.7874 14.5971 94.92 8.20 70.31 -1.76 -49.22 -72.95 
28.8991 4.4525 13.8164 93.75 10.25 70.31 -1.76 -49.51 -72.95 
29.9024 3.2494 13.4845 92.87 12.01 70.31 -1.76 -50.10 -72.95 
30.3047 1.1811 12.0382 90.53 15.23 70.31 -1.76 -51.27 -72.95 
31.6866 -0.7581 11.3512 89.36 17.87 70.61 -1.76 -51.56 -72.95 
32.0329 -1.4299 10.4863 88.77 18.75 70.61 -1.76 -51.56 -72.95 
33.0739 -3.2004 10.1431 87.30 21.09 70.61 -1.76 -52.15 -72.95 
32.7967 -4.0582 9.1343 86.13 22.56 70.61 -1.76 -52.15 -72.95 
33.4677 -5.4458 8.3044 85.55 24.32 70.31 -1.76 -52.44 -72.95 
34.8774 -7.1195 7.3520 83.79 26.37 70.61 -1.76 -53.03 -72.95 
34.0213 -8.3061 6.7288 83.20 28.42 70.61 -1.76 -53.32 -72.95 
34.5684 -9.7064 5.7847 82.03 29.88 70.61 -1.76 -53.91 -72.95 
34.7639 -10.9549 4.9990 80.57 31.64 70.61 -1.76 -54.20 -72.95 
34.5102 -11.9648 4.1456 79.98 33.11 70.61 -1.76 -54.20 -72.95 
34.7915 -13.0261 3.5283 79.39 34.57 70.61 -1.76 -54.49 -72.95 
35.0673 -13.3796 3.4423 79.39 34.57 70.61 -1.76 -54.49 -72.95 
34.6414 -13.2401 3.5333 79.39 34.57 70.61 -1.76 -54.49 -72.95 
34.9791 -13.2626 3.5155 79.39 34.86 70.61 -1.76 -54.49 -72.95 
34.9298 -13.3841 3.4496 79.39 34.57 70.61 -1.76 -54.79 -72.95 
34.7665 -13.2300 3.5270 79.39 34.57 70.61 -1.76 -54.49 -72.95 
34.8290 -13.2610 3.5233 79.39 34.86 70.61 -1.76 -54.49 -72.95 
35.0916 -13.2453 3.5099 79.39 34.57 70.61 -1.76 -54.49 -72.95 
34.8915 -13.2195 3.5206 79.39 34.57 70.61 -1.76 -54.79 -72.95 
35.4801 -13.5839 3.4173 79.39 34.57 70.61 -1.76 -54.49 -72.95 
