36.6000 -5.7973 8.3323 88.48 9.38 24.02 24.32 4.39 -21.68 
35.3298 -0.6825 4.3549 85.25 2.93 20.51 12.30 3.52 -36.33 
32.9853 3.3509 5.3884 85.25 0.88 20.51 12.30 3.81 -41.89 
32.9984 3.4116 5.5085 85.25 0.88 20.51 12.30 4.10 -42.19 
33.2302 2.2143 6.8412 85.25 1.46 20.51 12.01 9.08 -42.19 
34.2362 -1.7306 8.0302 85.25 5.27 20.51 12.01 13.48 -42.19 
34.0964 -2.4799 10.0308 87.01 6.15 20.51 12.01 14.06 -41.89 
34.9956 -6.8308 9.8895 87.30 12.01 20.51 12.01 12.89 -41.60 
36.0153 -11.8586 8.8798 87.30 19.04 20.51 12.01 7.62 -42.19 
35.8768 -13.4884 8.6828 87.01 21.09 20.51 12.01 7.03 -42.19 
35.8514 -11.6394 8.5863 87.30 19.34 20.51 12.01 7.03 -41.89 
35.5514 -8.8318 8.5920 87.30 16.41 20.51 11.72 7.03 -42.19 
34.8493 -4.5963 8.1629 87.30 11.43 20.51 12.01 6.15 -42.48 
34.3676 -1.4268 6.8425 87.01 7.91 20.51 12.01 1.46 -42.19 
33.3184 2.6410 4.5396 87.30 3.81 20.51 11.72 -6.45 -42.19 
32.5399 5.5783 3.8467 87.30 0.29 20.51 11.72 -7.62 -42.19 
32.5031 5.0397 3.9681 86.13 0.00 20.51 11.72 -3.52 -42.19 
32.8879 2.8063 7.9322 86.13 -0.29 20.51 11.72 11.43 -42.19 
31.2457 3.7653 9.8444 86.13 -0.29 20.51 11.72 14.36 -47.46 
27.6155 4.6440 13.0477 86.13 -0.29 20.51 11.72 19.92 -59.47 
25.6434 8.2973 11.7410 91.99 1.46 20.51 11.72 4.98 -62.99 
26.2242 8.4184 9.0094 89.06 1.76 20.51 11.72 2.34 -62.70 
25.5395 9.9809 8.5305 87.89 -0.29 20.51 11.72 2.64 -63.28 
25.4791 9.7755 8.9273 87.89 -0.29 20.80 11.72 3.52 -63.28 
25.4800 10.7451 6.6714 87.60 -0.29 20.51 11.72 -1.76 -63.28 
25.3965 11.4274 4.9946 87.30 -0.59 20.51 11.72 -5.27 -63.28 
25.9341 10.1693 7.4805 87.30 -0.29 20.51 11.72 0.88 -62.40 
25.9874 9.7641 8.1294 87.30 -0.59 20.51 11.72 2.05 -61.52 
26.1651 10.3016 6.1992 86.13 -0.59 20.51 11.72 -0.29 -61.52 
26.3038 9.7728 6.4369 85.25 -0.29 20.51 11.72 1.46 -61.52 
28.3443 3.9062 9.5061 84.08 4.39 20.51 11.72 12.30 -61.23 
29.3865 3.9462 3.1164 83.79 9.96 20.51 11.72 -4.69 -61.23 
28.1847 7.4782 2.7514 83.79 4.98 20.51 11.72 -6.15 -61.23 
27.2274 9.7553 1.3032 84.08 2.64 20.51 11.72 -10.25 -60.94 
26.4243 11.5294 0.6726 85.84 0.29 20.51 11.72 -14.06 -61.23 
26.2002 11.7272 0.8553 85.84 0.00 20.51 11.72 -14.06 -61.23 
27.9027 7.9839 1.3687 89.36 5.57 20.51 11.72 -18.16 -61.23 
28.9697 5.3139 2.2644 88.77 9.08 20.51 11.72 -14.65 -61.23 
29.2094 4.5596 2.7110 87.30 9.96 20.80 11.72 -11.72 -61.23 
30.0098 2.4377 2.7932 84.96 12.89 20.51 11.72 -8.20 -61.23 
30.6463 0.5194 2.6176 81.15 14.36 20.51 11.72 -2.05 -60.94 
31.2743 -0.9987 0.7761 75.00 14.36 20.51 11.72 4.69 -61.23 
31.6192 -2.3217 -0.2281 72.66 15.82 20.51 11.72 6.15 -61.52 
34.9548 -9.3358 1.9043 76.17 19.92 20.51 11.72 10.25 -49.22 
35.2080 -8.8445 7.4342 81.74 15.23 20.51 11.72 17.29 -45.41 
34.6082 -7.1868 9.9021 84.38 12.60 20.80 11.72 18.46 -45.70 
34.0514 -5.6733 11.0071 86.72 11.13 21.09 11.72 16.41 -45.70 
33.1950 -3.7914 12.1799 89.06 10.25 20.51 11.72 14.06 -46.88 
30.1016 -0.3508 13.4086 89.36 8.79 20.51 11.72 14.06 -56.54 
28.8069 1.9914 11.9825 89.36 8.79 20.51 12.01 8.79 -60.64 
27.7343 4.0509 9.9940 89.36 9.38 20.80 11.72 2.34 -64.45 
25.8796 5.6797 6.5860 88.48 11.13 20.80 11.43 -3.81 -71.48 
26.4268 4.4339 3.6059 85.84 14.36 20.80 11.72 -7.62 -72.95 
26.7500 4.5333 0.8240 83.79 15.23 20.80 11.72 -11.13 -72.95 
37.1852 -5.0090 -1.8795 79.98 7.32 20.80 11.72 -4.10 -30.18 
37.0936 -4.9392 2.2112 84.96 7.32 20.80 11.72 -4.10 -30.18 
36.2701 -4.2082 4.9258 87.89 8.20 20.80 11.72 -4.69 -34.57 
34.9463 -2.0715 5.1368 87.89 8.50 20.51 11.43 -5.57 -40.43 
34.7716 -3.1467 5.2008 88.48 11.43 20.80 11.72 -6.45 -42.77 
35.0358 -6.8892 5.5215 87.89 16.99 20.80 11.72 -6.45 -46.29 
34.8999 -10.9399 5.8473 87.89 23.73 20.80 11.72 -6.45 -49.51 
34.7925 -13.8212 4.3838 86.43 29.00 20.51 11.43 -6.45 -52.15 
35.0129 -15.4364 3.4863 85.55 30.47 20.80 11.72 -6.15 -50.68 
35.4378 -14.0150 3.4807 85.55 27.54 20.80 11.72 -5.57 -48.34 
36.0350 -10.3551 2.9383 85.55 20.21 20.80 11.43 -5.57 -42.19 
36.1830 -6.1236 2.5577 85.55 13.18 20.51 11.72 -5.57 -38.09 
35.4062 -0.8912 2.1932 85.55 5.57 20.80 11.43 -5.86 -35.45 
34.8911 2.0458 1.6704 84.96 0.88 20.80 11.72 -5.57 -34.57 
34.9542 1.7891 1.7920 84.96 0.29 20.80 11.43 -4.98 -33.69 
34.6744 1.5354 7.8437 93.75 0.29 21.09 11.72 -7.03 -32.23 
34.6303 -0.6419 11.7744 98.44 1.76 20.80 11.72 -6.74 -32.81 
34.2126 -2.7541 15.6507 103.12 5.57 20.51 11.72 -7.03 -32.81 
34.1369 -2.9329 15.4966 103.12 6.15 20.80 11.43 -7.03 -33.11 
34.3720 -2.6383 15.0439 103.12 6.15 20.80 11.43 -8.79 -33.11 
34.3791 -1.5968 13.9854 103.42 5.27 20.80 11.72 -13.18 -33.11 
34.9517 -1.3703 10.5166 100.20 4.69 20.51 11.43 -14.65 -33.11 
35.5695 -0.9629 6.1543 94.34 4.39 20.80 11.72 -14.65 -33.40 
35.7415 -0.3256 1.7635 88.77 3.52 20.80 11.72 -15.82 -33.40 
35.8703 -0.6084 0.0749 86.43 4.10 20.80 11.72 -16.11 -33.40 
35.9723 -1.2835 0.4584 86.43 4.69 20.80 11.43 -14.65 -33.40 
35.9326 -1.6031 2.4716 86.13 4.39 23.44 11.43 -10.84 -33.40 
35.8334 -1.6515 5.0663 86.13 2.93 31.93 11.72 -11.43 -33.40 
35.6560 -2.3601 7.0418 86.13 3.52 38.38 11.72 -11.72 -33.11 
35.6864 -2.8982 8.1005 85.55 2.05 44.53 11.43 -11.13 -33.98 
35.1946 -4.0824 9.6938 84.08 2.64 51.27 11.72 -11.13 -37.50 
35.1798 -5.3357 9.2442 82.03 3.81 55.08 11.72 -11.13 -38.67 
35.1511 -5.9238 8.5257 79.98 4.69 55.66 11.43 -11.13 -41.02 
35.3469 -6.5051 5.2610 75.88 7.32 55.66 11.72 -13.18 -43.36 
34.5687 -6.7597 4.6192 75.00 11.43 55.66 11.43 -17.58 -48.93 
34.1049 -8.6656 4.3677 75.00 16.70 55.37 11.43 -21.09 -53.61 
33.4291 -10.2779 3.4140 75.00 22.85 52.15 11.43 -21.68 -58.59 
33.2321 -10.4097 2.3208 75.00 26.07 48.34 12.30 -21.39 -59.77 
32.9861 -9.0551 3.1056 77.64 26.07 42.48 13.18 -20.21 -59.77 
32.7385 -8.2487 4.3260 81.15 25.78 39.55 13.18 -20.80 -59.77 
32.3987 -6.6324 5.5619 83.79 23.73 37.50 13.18 -20.51 -59.77 
31.9416 -3.6311 4.1604 83.79 20.21 35.16 13.18 -21.68 -59.77 
31.7670 -1.7867 4.2307 84.96 17.29 35.16 13.18 -23.44 -58.30 
32.4933 -0.7512 4.5004 86.43 13.48 35.16 13.18 -24.61 -52.73 
33.1166 0.5234 4.1820 86.43 9.08 35.45 13.18 -25.49 -47.75 
34.2095 0.3470 2.8203 86.43 7.03 31.93 13.18 -25.49 -41.60 
34.7556 0.2546 2.0691 86.43 5.57 29.88 13.18 -24.90 -37.79 
35.7563 -1.2532 2.2233 86.43 5.57 29.00 13.18 -22.85 -33.98 
36.2941 -4.3629 2.2895 86.43 9.38 27.54 13.18 -21.39 -34.57 
36.3839 -6.5197 2.7423 86.43 12.89 26.95 13.48 -19.04 -35.74 
36.3717 -8.7655 2.7926 86.43 17.29 26.07 13.77 -17.87 -39.55 
35.2888 -9.0189 3.6682 86.43 21.09 26.07 13.48 -15.82 -45.70 
34.8399 -8.9280 3.8875 86.43 23.14 25.49 13.48 -14.65 -48.63 
34.7613 -8.6360 3.1760 86.43 23.14 23.44 13.48 -14.36 -48.93 
34.2923 -7.2685 6.7899 92.58 21.68 21.68 13.48 -14.36 -48.93 
33.5687 -6.0434 9.4837 96.68 20.21 21.68 13.48 -15.23 -48.93 
33.2250 -5.0246 10.7182 99.02 18.75 21.97 13.48 -16.11 -48.93 
32.6321 -2.8934 12.0953 101.37 16.70 21.97 13.48 -16.11 -48.63 
32.2175 -1.1583 11.6791 101.95 13.48 21.97 13.48 -18.16 -48.93 
31.8644 0.6856 11.0592 101.95 11.72 22.27 13.48 -20.21 -48.63 
31.1002 2.7433 10.7248 101.95 8.79 24.90 13.48 -23.14 -48.93 
30.4952 4.8103 9.7204 101.95 6.15 25.20 13.48 -25.78 -48.93 
30.2638 5.8179 8.4821 101.95 4.69 25.20 13.48 -28.71 -48.93 
30.4358 5.6230 7.8985 101.95 5.27 25.20 13.48 -30.76 -48.93 
30.9230 4.3530 7.8328 101.95 7.03 25.20 13.48 -31.05 -48.93 
31.9547 3.0064 4.2859 99.02 8.79 21.97 13.48 -31.05 -48.93 
32.6619 1.0776 3.2482 95.80 11.43 21.97 13.48 -28.12 -48.93 
33.1004 -0.6269 3.4553 91.99 12.60 21.97 13.48 -20.80 -48.63 
33.6851 -2.7910 2.9149 85.25 14.94 21.97 13.48 -8.20 -48.34 
33.8529 -3.5668 3.9582 82.62 14.65 21.97 13.48 -0.29 -48.34 
34.1483 -4.3917 3.0582 79.10 14.65 21.97 13.48 4.98 -48.34 
34.3259 -4.7696 1.1278 76.76 15.23 21.97 13.48 4.39 -48.34 
34.6925 -5.2666 -0.4928 76.17 15.23 21.97 13.48 1.76 -46.58 
36.4070 -3.8914 -2.5293 76.17 8.79 21.97 13.48 2.05 -33.69 
37.1499 -6.2584 -3.9035 76.17 7.91 21.97 13.48 1.46 -28.71 
36.8304 -3.5872 -0.3848 81.15 4.98 21.97 13.48 -2.34 -28.71 
36.4285 -1.9322 1.6794 84.08 3.52 21.97 13.48 -4.98 -28.71 
36.2247 -1.6310 3.3869 86.13 2.93 21.68 13.77 -4.98 -28.71 
36.0195 -1.0040 4.7993 89.65 2.93 17.87 13.48 -3.81 -28.71 
35.9526 -1.1971 6.3928 91.70 3.52 16.99 13.48 -2.05 -28.71 
35.7151 -2.2397 8.8275 95.21 4.98 16.99 13.48 -2.34 -28.71 
35.7653 -3.9355 11.3093 98.73 7.32 16.99 13.18 -4.10 -28.71 
35.8449 -5.2492 12.2179 99.90 8.50 16.99 13.48 -6.15 -28.42 
36.6813 -7.0490 12.0110 99.90 8.50 16.99 13.48 -7.03 -24.02 
36.8823 -8.0366 12.2104 99.90 9.38 16.99 13.48 -6.45 -23.14 
37.3208 -8.2799 9.9660 97.56 9.08 18.16 13.77 -6.45 -23.14 
37.3926 -8.1499 9.3385 95.51 9.08 21.97 13.48 -6.74 -24.02 
37.2126 -8.6933 10.8031 95.51 8.79 26.95 13.48 -7.03 -24.02 
36.9935 -8.4984 11.9602 95.51 7.91 31.35 13.48 -6.74 -24.02 
36.4414 -7.5175 13.9898 95.51 4.69 40.14 13.48 -6.74 -24.02 
36.1427 -6.6682 14.2374 93.75 2.34 46.00 13.77 -6.45 -24.02 
35.4844 -4.1609 12.4913 89.06 0.88 48.05 14.65 -4.69 -29.30 
33.9361 -2.4200 12.9094 86.43 0.88 48.93 15.82 -4.39 -35.16 
33.4201 -1.9682 12.2102 83.50 2.64 49.51 19.92 -5.27 -36.33 
33.3931 -2.0669 9.3635 78.22 4.69 49.51 21.68 -5.57 -38.67 
33.3633 -1.6902 8.4393 76.46 4.98 49.51 21.68 -7.03 -39.55 
33.5027 -2.0113 6.3701 74.41 7.03 49.51 21.68 -9.38 -41.02 
33.6561 -2.2816 4.5883 72.07 7.62 49.51 21.68 -10.84 -41.89 
33.4483 -2.4437 3.0587 69.73 8.79 49.51 21.97 -11.43 -43.95 
33.4414 -2.6992 1.7017 67.68 9.96 49.51 21.68 -11.43 -45.12 
32.9133 -3.1799 0.6389 66.21 12.60 49.51 21.68 -12.01 -48.34 
33.0478 -3.7566 0.5156 65.92 13.18 49.51 21.97 -12.89 -48.93 
33.1689 -4.2253 -0.2535 65.92 15.53 49.51 21.68 -14.94 -48.93 
33.2665 -4.6285 -0.7152 65.92 16.70 49.51 23.73 -17.58 -47.17 
34.3347 -5.0130 2.8495 72.66 15.23 46.29 24.32 -17.87 -41.31 
34.6809 -4.7549 4.5583 75.88 14.36 45.12 24.02 -16.99 -38.09 
34.7174 -4.9561 6.8037 79.10 13.77 44.24 24.02 -16.70 -36.62 
35.2684 -5.7590 9.4563 84.08 12.60 42.48 24.02 -16.11 -30.47 
35.6173 -5.7338 11.7060 89.06 10.25 40.43 24.02 -15.82 -25.20 
36.0778 -5.2889 11.3169 90.23 8.79 38.09 24.61 -15.82 -21.39 
36.4693 -4.0496 9.6692 90.82 7.03 32.52 24.02 -16.11 -17.87 
36.8698 -2.9357 7.3156 90.82 4.69 26.66 24.61 -16.11 -14.36 
36.8124 -1.6212 5.8774 90.82 2.34 22.27 24.02 -16.11 -11.72 
36.1713 0.9228 5.1027 90.82 -0.29 21.68 24.32 -18.46 -11.72 
36.8193 -0.3913 4.7872 90.82 -0.29 20.80 24.32 -24.32 -8.50 
37.3800 -2.1709 4.7469 90.82 0.00 20.80 24.32 -26.07 -4.69 
37.4074 -2.1040 4.9154 90.82 -0.29 20.80 24.32 -26.07 -4.69 
37.0568 -1.1650 4.7828 90.82 0.00 20.80 24.32 -25.78 -7.32 
36.4636 0.1724 4.3595 90.82 0.88 20.80 24.32 -25.78 -11.72 
36.0792 -0.3419 4.2659 90.82 4.39 20.80 24.32 -25.49 -17.58 
35.7418 -1.0465 4.2759 90.82 8.20 20.80 24.32 -23.73 -23.14 
35.3956 -2.4574 5.0035 90.82 12.30 20.80 24.32 -19.63 -28.12 
35.0493 -3.7145 5.7172 90.82 16.11 20.80 24.32 -16.99 -32.52 
35.2118 -4.9997 5.7194 90.82 18.75 20.80 24.32 -16.11 -33.40 
35.1619 -6.8021 3.2951 87.89 22.85 20.80 24.32 -16.11 -37.50 
34.8237 -6.4727 0.7120 84.08 24.02 20.80 24.90 -14.94 -40.14 
34.9251 -7.6891 -1.4457 80.57 25.20 20.80 24.32 -12.60 -40.14 
35.4598 -8.8400 -1.9979 78.52 25.20 20.80 24.32 -8.20 -38.09 
36.6087 -8.7252 -2.1836 78.52 20.51 20.80 24.32 -5.86 -29.88 
37.2800 -8.2261 -2.9001 78.52 16.11 20.80 24.32 -5.27 -23.14 
37.3792 -7.7470 -3.0573 78.52 14.65 20.80 24.32 -5.86 -21.39 
37.0831 -5.7610 -4.7424 77.64 11.72 19.04 24.32 -4.69 -19.63 
37.0506 -4.4491 -3.7660 77.64 9.67 20.80 24.90 -2.34 -19.63 
36.8348 -3.4578 -0.9042 76.46 7.03 30.18 24.32 -2.64 -19.63 
36.6109 -2.5080 0.6963 76.46 4.10 33.98 24.32 -2.34 -19.63 
36.6520 -2.9073 3.8344 76.46 1.17 45.12 24.02 -2.64 -19.63 
36.6357 -3.7935 5.5347 76.46 0.00 51.56 24.02 -2.34 -19.63 
37.3078 -5.0389 4.9822 76.46 0.00 53.91 24.02 -2.64 -16.11 
37.9283 -6.9105 4.1183 76.46 0.00 57.42 24.32 -2.64 -11.72 
37.7496 -7.6585 5.8249 76.46 0.00 61.23 24.32 -1.46 -14.36 
36.6786 -8.1461 9.0461 76.46 -0.29 65.92 24.32 -0.88 -21.09 
35.7156 -8.2276 11.3630 76.46 -0.29 67.97 24.32 -1.17 -26.37 
32.5195 -5.8259 9.6347 66.80 -0.59 69.14 24.32 -4.10 -45.70 
33.2784 -6.2641 6.4914 65.04 5.27 68.55 24.32 -14.06 -45.41 
33.6535 -7.3392 4.0747 63.28 8.79 68.26 24.32 -17.58 -45.70 
33.7957 -8.1159 2.5503 61.23 11.43 68.26 24.32 -19.34 -46.58 
33.2511 -8.7322 1.1557 58.89 14.36 68.26 24.02 -20.51 -50.39 
33.1360 -9.7462 0.6502 58.30 16.99 68.26 24.02 -20.51 -51.56 
33.1908 -10.5995 2.1103 60.35 18.75 68.26 24.32 -22.27 -51.56 
33.2179 -10.7075 4.4454 63.57 18.75 68.26 24.32 -22.56 -50.98 
33.5881 -10.6598 5.9502 66.21 17.29 68.26 24.02 -23.44 -48.05 
33.9436 -8.8687 7.0326 70.31 15.23 65.62 24.32 -24.61 -44.82 
34.3844 -7.7626 7.6927 72.95 12.60 63.87 24.32 -24.02 -40.43 
34.4133 -6.3919 8.4533 75.59 11.43 61.23 24.32 -24.02 -38.09 
34.9814 -6.3553 9.5549 79.10 10.84 57.42 24.02 -24.32 -33.40 
35.5513 -6.0919 8.5682 80.57 10.84 53.03 24.32 -24.61 -29.88 
35.8696 -5.6212 7.2622 80.57 10.25 49.51 24.32 -24.02 -28.71 
35.8415 -5.2064 6.6598 80.57 10.84 47.46 24.32 -24.61 -28.71 
35.9725 -5.2361 5.3955 79.98 11.13 47.17 24.02 -24.32 -28.71 
36.2337 -5.1702 2.6959 77.05 11.43 46.29 24.32 -24.90 -28.71 
36.3066 -5.6034 2.2793 76.17 11.72 46.29 24.32 -23.73 -28.71 
36.4659 -6.3787 -0.7736 72.66 12.30 46.29 24.32 -23.73 -28.71 
36.4585 -7.3203 -4.6685 67.97 12.89 46.29 24.90 -23.44 -28.71 
