33.58 -17.91 7.21 89.94 33.69 13.48 -4.1 4.39 -68.55
33.71 -16.95 8.41 95.8 32.52 13.18 -4.1 -3.22 -67.38
33.4 -15.61 9.51 97.27 30.76 13.48 -4.1 -3.22 -67.97
33.09 -12.96 10.49 98.73 26.95 13.48 -3.81 -3.22 -67.97
33.07 -11.51 10.25 98.73 24.61 13.48 -4.1 -3.81 -67.97
33.0 -10.74 10.24 98.73 23.44 13.48 -4.1 -3.81 -67.97
33.15 -9.86 9.63 98.73 21.97 13.18 -4.1 -5.27 -67.38
32.67 -8.73 10.1 98.73 20.51 13.48 -4.1 -4.1 -68.26
32.63 -8.25 10.19 98.73 19.63 13.48 -4.1 -3.81 -67.97
32.59 -7.52 10.19 98.73 18.46 13.48 -3.81 -3.81 -67.38
32.47 -6.68 10.04 98.73 16.99 13.48 -4.1 -4.1 -67.38
32.38 -5.99 10.02 98.73 15.82 13.48 -4.1 -4.1 -67.09
32.0 -4.84 9.89 98.73 14.36 13.48 -3.81 -4.39 -67.38
31.64 -3.55 9.75 98.44 12.3 13.48 -3.81 -4.1 -67.38
31.22 -2.88 9.99 98.73 11.43 13.48 -3.81 -3.81 -67.97
30.98 -1.61 9.93 98.73 9.08 13.48 -3.81 -3.81 -67.09
30.59 -0.79 10.06 98.73 7.62 13.48 -4.1 -3.22 -67.38
30.0 0.46 9.68 98.73 5.86 13.48 -4.1 -4.1 -67.97
29.12 1.78 9.59 98.73 4.1 13.48 -3.81 -4.1 -68.85
29.04 2.7 9.46 98.44 2.05 13.48 -3.81 -3.81 -67.38
28.4 3.16 10.51 98.44 0.88 13.48 -4.1 -0.59 -67.97
28.31 3.3 11.06 98.73 0.29 13.48 -4.1 0.59 -67.38
27.65 3.59 12.11 98.73 -0.59 13.48 -4.1 3.81 -67.97
27.34 4.03 12.26 98.73 -1.46 13.48 -4.1 4.39 -67.97
26.99 4.39 12.61 98.73 -2.34 13.48 -4.1 5.57 -67.97
26.56 4.1 14.13 98.73 -2.93 13.18 -4.1 10.55 -67.97
26.78 2.57 15.95 98.73 -1.76 13.48 -3.81 15.82 -67.38
28.57 -2.11 17.02 98.73 5.27 13.48 -4.1 18.46 -67.38
29.31 -4.44 16.84 98.44 9.67 13.48 -3.81 17.87 -67.97
29.51 -5.16 16.87 98.44 10.84 13.48 -3.81 17.87 -67.97
30.69 -7.46 15.63 98.44 15.53 13.48 -4.1 13.48 -67.97
31.23 -8.35 14.67 98.44 17.87 13.48 -3.81 10.25 -67.97
31.77 -8.85 14.1 98.44 18.46 13.18 -4.1 8.79 -67.09
31.49 -8.81 14.3 98.73 18.75 13.48 -4.1 8.5 -67.97
32.37 -10.1 14.59 98.73 19.04 13.48 -4.1 9.67 -64.45
33.09 -11.36 15.07 98.73 19.04 13.48 -4.1 11.72 -60.94
33.72 -12.67 15.76 98.73 18.75 13.48 -3.81 14.94 -56.84
33.95 -13.09 15.89 98.73 18.46 13.48 -4.1 15.82 -55.66
34.09 -13.49 15.72 98.73 19.04 13.18 -4.1 15.53 -55.37
34.69 -14.47 15.62 98.73 19.04 13.48 -4.1 15.82 -52.44
34.83 -14.47 15.32 98.73 19.34 13.48 -3.81 14.65 -52.15
35.06 -14.95 14.76 98.73 20.21 13.48 -4.1 12.6 -52.15
35.7 -16.31 14.35 99.02 21.09 13.48 -3.81 11.13 -48.93
36.16 -16.85 13.3 99.02 21.97 13.48 -3.81 7.32 -48.05
35.88 -17.97 14.09 100.49 23.44 13.48 -4.1 6.45 -48.05
35.42 -18.99 15.09 102.54 25.2 13.48 -4.1 4.69 -48.34
35.06 -19.37 16.04 104.88 26.07 13.48 -3.81 2.05 -48.05
34.21 -19.2 18.16 109.28 26.07 13.48 -4.1 -1.46 -48.34
34.12 -18.07 18.61 110.45 24.61 13.48 -4.1 -2.93 -48.34
33.34 -17.84 20.31 111.62 24.02 13.48 -4.1 0.59 -48.34
33.33 -17.77 20.18 111.62 24.32 13.48 -3.81 0.0 -48.63
33.51 -18.38 19.65 111.33 25.2 13.48 -4.1 -1.17 -48.93
34.17 -17.76 18.27 109.57 24.61 13.48 -3.81 -2.05 -48.93
34.93 -17.71 16.42 107.23 24.61 13.48 -3.81 -2.93 -48.93
35.05 -17.89 16.14 106.64 24.61 13.48 -4.1 -2.34 -48.93
35.54 -17.61 14.57 104.59 24.61 13.48 -3.81 -2.93 -49.22
35.81 -18.18 13.75 103.12 25.2 13.48 -3.81 -2.05 -48.93
36.22 -18.59 12.29 100.78 25.49 13.48 -4.1 -1.17 -48.93
36.16 -18.61 12.23 100.2 25.78 13.48 -3.81 0.0 -49.22
36.48 -18.32 11.24 98.73 25.2 13.48 -3.81 0.29 -48.93
36.71 -18.28 10.23 97.56 25.2 13.18 -3.81 0.0 -48.93
36.95 -18.43 9.13 96.09 25.2 13.48 -4.1 -0.29 -48.93
37.15 -18.64 7.84 94.34 25.49 13.48 -4.1 -0.29 -48.93
37.3 -18.3 6.87 92.87 25.2 13.18 -3.81 0.29 -48.93
37.43 -17.18 6.63 92.58 23.44 13.18 -4.1 0.29 -48.93
37.47 -16.52 6.55 92.58 22.56 13.18 -4.1 0.0 -48.93
37.45 -15.76 6.66 92.58 21.68 13.48 -3.81 0.0 -48.93
37.43 -14.95 6.83 92.58 20.51 13.48 -3.81 0.59 -48.93
37.45 -14.49 6.67 92.58 19.92 13.18 -3.81 0.29 -48.93
37.42 -14.34 6.73 92.58 19.63 13.48 -4.1 0.29 -49.22
37.47 -14.23 6.71 92.58 19.34 13.48 -4.1 0.29 -48.93
37.49 -13.52 6.38 92.58 18.46 13.48 -4.1 -0.88 -48.93
37.59 -12.53 4.97 90.23 16.99 13.48 -4.1 0.29 -48.93
37.59 -12.02 4.77 89.06 16.11 13.48 -3.81 2.64 -48.63
37.6 -11.39 3.9 87.89 15.23 13.48 -3.81 2.64 -48.63
37.71 -11.17 0.66 84.08 14.65 13.48 -4.39 1.46 -48.63
37.56 -10.83 -0.86 81.45 14.65 13.48 -3.52 2.64 -48.63
37.47 -10.97 -2.62 79.1 14.65 12.89 -3.81 3.22 -48.63
37.55 -11.19 -1.9 79.1 14.65 13.18 -3.81 5.57 -48.63
37.6 -11.26 -1.54 79.1 14.36 13.18 -4.1 7.03 -48.63
37.55 -10.67 -1.0 79.1 13.48 12.89 -3.81 9.08 -48.63
37.63 -11.03 -0.5 79.1 13.48 13.18 -4.1 10.84 -48.63
37.72 -11.48 0.02 78.81 13.48 12.89 -4.1 14.06 -48.34
37.68 -11.76 1.29 79.1 13.48 13.18 -3.81 17.58 -48.63
37.7 -11.73 1.11 78.81 13.18 13.18 -4.1 17.87 -48.63
37.66 -11.48 -0.27 77.05 12.89 13.18 -4.1 17.58 -48.63
37.66 -11.02 -0.16 77.05 12.01 13.18 -4.1 18.16 -48.34
37.57 -10.15 -0.22 77.05 10.84 13.18 -4.1 17.87 -48.34
37.44 -9.12 -0.18 77.05 9.38 13.18 -4.1 17.87 -48.34
37.2 -7.92 -0.24 77.05 7.91 13.18 -4.1 17.29 -48.63
37.19 -7.63 -0.2 77.05 7.32 13.18 -4.1 17.58 -48.34
36.99 -6.53 0.07 77.05 5.57 13.18 -4.1 18.46 -48.34
36.93 -6.26 0.3 77.05 4.98 13.18 -4.1 19.34 -48.34
36.78 -5.76 0.67 77.05 4.1 13.18 -4.1 20.51 -48.63
36.79 -5.85 1.1 77.05 3.81 13.18 -4.1 22.27 -48.63
36.72 -5.36 0.93 76.76 2.93 13.18 -4.1 22.56 -48.34
35.88 -3.4 -3.77 72.95 2.05 13.18 -4.1 14.06 -48.63
35.39 -2.2 -4.7 71.48 0.29 13.18 -4.1 14.06 -48.63
35.03 -1.13 -4.47 71.48 -1.17 13.18 -3.81 14.36 -48.63
35.1 -0.76 -3.16 72.95 -2.05 13.48 -3.81 15.23 -48.34
35.09 -0.45 -2.41 74.12 -2.64 13.18 -4.1 15.23 -48.34
34.86 0.16 -1.81 74.71 -3.52 13.18 -4.1 15.53 -48.63
34.84 0.41 -0.98 75.88 -3.81 13.18 -3.81 15.53 -48.34
34.88 0.31 -0.3 76.76 -3.81 13.48 -4.1 15.53 -48.63
34.91 0.44 0.9 78.52 -4.1 13.18 -4.1 15.82 -48.34
34.64 1.1 1.81 79.98 -4.98 13.18 -4.1 15.23 -48.34
34.38 1.68 2.25 80.57 -5.86 13.48 -4.1 14.94 -48.34
33.73 2.8 3.61 82.32 -7.32 13.48 -3.81 14.94 -48.63
33.6 3.2 3.44 82.32 -7.91 13.48 -3.81 14.36 -48.34
33.18 4.06 3.27 82.32 -9.08 13.18 -3.81 13.77 -48.34
32.69 4.9 3.29 82.32 -10.25 13.48 -3.81 13.18 -48.63
32.21 5.86 3.1 82.32 -11.72 13.18 -3.81 12.6 -48.34
31.8 6.58 2.76 82.32 -12.6 13.18 -3.81 11.13 -48.34
31.56 6.97 2.72 82.32 -13.18 13.18 -3.81 10.84 -48.34
31.53 7.04 2.57 82.32 -13.18 13.18 -3.81 10.25 -48.34
31.25 7.49 2.37 82.32 -13.77 13.18 -3.81 9.38 -48.34
31.23 7.52 2.29 82.32 -13.77 13.18 -3.81 9.08 -48.34
31.08 7.61 0.67 80.27 -13.48 13.48 -3.81 7.32 -48.93
31.56 6.99 -0.11 79.39 -12.6 13.48 -3.81 7.03 -48.34
31.88 6.42 -0.84 78.22 -11.72 13.18 -3.81 7.62 -48.34
32.24 5.86 -0.72 78.22 -11.13 13.48 -4.1 8.2 -48.34
32.47 5.42 -0.72 78.22 -10.25 13.18 -3.81 8.5 -48.34
32.82 4.73 -1.54 77.05 -9.38 13.48 -4.1 8.5 -48.34
33.79 2.89 -0.96 77.05 -7.03 13.18 -4.1 11.72 -48.34
34.38 1.6 -0.78 77.05 -5.27 13.18 -4.1 12.89 -48.34
35.25 -0.49 -0.26 77.64 -2.34 13.48 -4.1 13.77 -48.34
35.87 -2.33 1.12 78.22 -0.29 13.18 -3.81 18.16 -48.34
35.97 -2.87 1.08 78.22 0.59 12.89 -4.1 18.16 -48.93
35.0 -2.3 1.88 78.22 1.46 13.48 -3.81 17.58 -53.32
34.64 -2.58 3.26 79.98 2.64 13.48 -4.1 16.99 -55.66
34.27 -2.85 7.38 84.96 2.64 13.18 -3.81 19.63 -55.66
33.72 -3.44 11.04 89.36 2.64 13.18 -4.1 22.27 -55.66
33.23 -3.44 12.8 91.99 2.64 13.48 -4.1 21.97 -55.66
31.99 -2.67 13.38 92.29 2.93 13.18 -3.81 21.97 -59.47
31.21 -2.3 13.44 92.29 3.52 13.18 -3.81 21.09 -62.4
32.41 -3.29 10.63 88.48 5.27 13.48 -4.1 19.63 -62.4
32.51 -3.14 9.73 87.3 5.57 13.77 -3.52 18.75 -62.4
33.01 -2.22 5.12 82.03 4.98 13.18 -3.81 15.53 -62.4
33.9 -4.71 4.06 80.27 8.5 13.18 -4.1 16.41 -62.4
34.26 -5.71 3.6 80.27 9.96 12.89 -4.69 15.53 -62.4
34.45 -6.46 0.72 76.46 11.72 13.48 -4.1 14.06 -62.4
34.78 -8.17 -1.21 74.12 14.36 13.48 -4.1 13.48 -62.11
34.81 -8.67 -1.19 74.12 15.23 13.18 -4.1 13.77 -62.4
35.03 -10.67 -0.93 74.12 18.46 13.48 -3.52 14.36 -62.4
35.15 -11.62 -0.23 74.12 19.34 13.18 -3.52 16.99 -62.4
35.35 -14.25 -0.25 74.12 22.85 13.48 -4.1 16.99 -62.4
35.37 -15.1 -0.8 74.12 24.61 13.18 -3.81 15.53 -62.11
35.3 -17.71 1.55 77.93 28.71 13.18 -4.1 14.36 -62.4
34.74 -20.57 5.5 83.2 33.11 13.48 -3.81 14.65 -62.4
34.93 -18.53 6.18 84.38 29.88 13.18 -4.1 14.65 -62.4
35.02 -16.84 6.19 84.38 27.54 13.18 -3.81 14.65 -62.4
34.88 -16.25 7.36 86.72 26.95 13.48 -3.81 12.89 -62.4
34.84 -16.21 7.68 87.3 26.95 13.48 -3.81 12.6 -62.4
34.54 -16.09 9.38 87.6 25.49 13.18 -4.1 17.87 -62.4
34.25 -14.72 10.26 87.3 22.85 13.18 -3.81 21.39 -62.7
33.77 -14.18 12.17 89.06 21.09 13.18 -4.1 24.02 -62.7
33.53 -13.24 13.15 90.23 19.34 13.18 -3.81 24.9 -62.11
32.93 -10.82 13.28 90.23 17.87 13.18 -0.88 24.32 -62.4
32.74 -9.76 13.24 90.23 16.7 13.18 -0.29 24.02 -62.4
32.47 -6.28 11.86 90.23 12.89 13.18 0.0 19.04 -62.4
32.32 -5.38 11.6 90.23 11.72 13.18 0.0 18.16 -62.4
31.99 -3.82 10.65 89.06 9.67 13.18 0.0 17.29 -62.99
32.29 -3.4 9.69 87.89 8.5 13.18 -0.59 16.99 -62.4
32.17 -2.1 7.35 84.38 7.03 13.18 0.0 16.41 -62.7
31.88 -0.9 5.73 81.45 4.98 13.18 0.0 16.99 -62.99
32.17 -0.73 4.08 78.52 4.1 13.18 0.0 18.16 -62.11
32.18 -0.95 4.17 77.93 4.1 13.18 0.0 19.63 -62.4
32.18 -0.95 4.17 77.93 4.1 13.18 0.0 19.63 -62.4
32.1 -0.89 4.85 79.1 4.1 13.48 0.0 19.04 -62.4
32.13 -1.55 7.06 82.91 5.27 13.18 0.0 18.75 -62.11
30.1 2.8 7.57 82.91 -2.34 13.18 0.0 19.63 -62.11
28.42 5.78 7.02 82.32 -7.32 13.18 -0.29 18.16 -62.4
28.0 6.81 4.86 78.81 -8.79 13.18 0.0 17.29 -62.4
28.03 6.94 4.01 77.05 -9.38 13.48 -0.29 17.58 -62.4
28.62 5.91 5.17 76.76 -9.08 13.48 0.0 22.56 -62.11
32.22 0.74 7.15 78.22 -4.69 13.48 0.0 32.52 -57.13
32.98 -0.88 8.5 80.57 -2.93 13.18 -0.29 33.98 -55.66
33.61 -4.3 12.25 85.55 0.59 13.18 0.0 38.38 -53.61
34.18 -5.15 12.24 85.84 1.17 13.48 0.0 38.96 -51.86
34.79 -6.49 12.18 85.84 2.34 13.48 0.0 40.43 -50.39
35.26 -8.21 12.08 85.84 4.69 13.18 0.0 41.02 -49.8
36.09 -11.29 11.83 85.84 8.2 13.18 0.0 42.48 -47.75
36.42 -13.69 10.88 84.38 11.72 13.18 0.0 42.77 -48.05
36.69 -15.09 9.98 82.91 13.18 13.18 0.0 44.24 -47.75
36.84 -16.7 9.06 81.45 15.23 13.48 0.0 44.82 -47.75
37.11 -17.56 7.27 79.1 16.41 13.18 -0.29 44.82 -47.75
37.45 -17.22 4.28 75.59 16.7 13.18 -0.29 42.48 -47.75
37.52 -16.02 0.74 70.9 15.82 13.48 0.29 41.02 -48.05
37.36 -14.84 -3.54 65.92 14.36 12.89 -0.29 39.26 -47.75
36.86 -17.46 -5.77 60.06 14.65 12.6 0.29 51.27 -48.05
37.2 -19.86 -1.63 65.04 16.41 13.18 0.0 54.79 -47.75
37.38 -18.08 2.91 72.07 16.11 13.18 0.29 49.22 -48.05
37.6 -16.63 1.67 72.07 15.53 13.77 -0.59 42.19 -47.75
38.38 -16.38 0.23 72.36 14.65 15.53 0.59 38.96 -42.19
38.52 -15.1 -0.09 73.24 13.18 15.23 -0.59 34.86 -41.89
38.49 -13.67 -0.45 73.24 11.72 15.53 -0.59 32.52 -41.89
38.32 -11.66 -0.59 73.54 10.25 15.53 0.29 29.59 -41.89
38.16 -10.03 -0.92 73.54 8.2 15.53 0.0 27.83 -41.89
37.89 -8.21 -1.25 73.54 6.15 15.23 0.0 26.07 -41.89
37.74 -7.34 -1.26 73.54 4.98 15.53 0.0 25.49 -41.89
37.51 -6.21 -1.32 73.54 3.52 15.53 0.0 24.9 -41.89
37.18 -4.77 -1.22 73.54 1.46 15.23 0.0 25.2 -41.89
37.12 -4.31 -1.38 73.54 0.29 15.23 -0.88 24.9 -41.89
36.71 -3.0 -1.02 73.54 -1.17 15.53 0.0 25.2 -41.89
36.41 -2.0 -0.69 73.54 -2.93 15.53 0.0 26.37 -41.89
36.16 -1.18 -0.6 73.54 -4.39 15.53 -0.29 26.66 -41.89
35.61 0.28 -0.58 73.54 -6.15 15.53 0.0 25.78 -41.89
35.08 1.54 -0.78 73.54 -7.62 15.82 0.0 23.73 -41.89
34.61 2.59 -1.01 73.54 -8.79 15.53 0.0 22.27 -41.89
34.55 2.75 -1.64 73.54 -8.79 15.53 -0.59 19.63 -41.89
33.68 4.45 -1.74 73.54 -10.84 15.23 -0.29 18.16 -41.89
32.84 6.01 -1.62 73.54 -13.18 15.53 -0.29 17.29 -41.89
32.18 7.04 -1.48 73.54 -14.36 15.53 0.29 16.7 -41.89
31.43 8.25 -1.2 73.54 -16.41 15.53 0.29 16.99 -41.89
31.02 8.97 -0.95 73.54 -18.16 15.53 -0.29 17.87 -41.89
30.62 9.55 -0.18 74.41 -19.04 14.94 0.0 18.75 -41.89
30.87 9.25 1.95 77.05 -19.34 15.82 -0.29 20.51 -41.89
31.13 8.91 2.94 78.52 -19.04 15.53 -0.29 21.68 -41.6
31.49 7.83 6.01 82.62 -17.58 15.53 0.0 24.02 -41.89
31.48 7.3 8.21 86.13 -16.7 15.53 0.0 24.02 -41.89
31.56 6.99 9.25 87.89 -16.7 15.53 -0.59 24.32 -41.6
31.26 6.3 11.71 91.11 -15.53 15.53 0.0 25.78 -41.89
31.68 5.23 12.5 92.29 -14.06 15.23 -0.29 26.37 -41.89
31.92 4.34 13.28 92.29 -13.77 15.53 -0.29 30.18 -41.89
27.62 4.36 20.63 102.25 -8.5 15.53 9.38 31.93 -41.89
26.76 6.76 19.4 102.25 -9.67 15.53 12.3 26.66 -39.84
26.62 7.66 18.48 102.25 -10.25 15.53 12.01 22.27 -39.84
26.17 7.91 18.69 101.95 -10.84 15.53 12.3 24.02 -40.43
26.09 8.53 17.85 101.37 -11.13 15.23 12.6 21.97 -40.43
25.95 9.4 16.9 100.49 -12.6 15.53 12.01 19.92 -40.43
27.77 9.59 12.43 92.58 -12.89 15.53 12.3 19.92 -39.84
28.88 8.65 11.41 90.23 -11.72 15.82 12.3 21.39 -39.55
30.43 6.41 11.78 89.65 -9.38 15.82 11.72 25.78 -39.26
30.69 5.86 12.01 89.36 -8.5 15.53 12.89 28.42 -38.67
30.92 5.45 12.34 89.36 -8.79 15.53 12.3 30.76 -38.67
33.77 -4.0 16.26 93.75 4.1 15.53 12.3 37.21 -38.38
33.58 -4.79 17.29 95.21 5.27 15.82 12.3 36.91 -38.38
33.97 -6.0 17.08 95.51 7.91 15.53 12.6 34.57 -38.09
34.15 -6.93 17.24 95.8 9.08 15.23 12.3 34.86 -38.09
34.41 -8.11 17.32 95.8 10.25 15.53 11.72 35.16 -38.09
34.55 -9.51 17.49 95.8 12.3 15.82 12.01 35.45 -38.09
34.61 -10.14 17.46 95.8 13.48 15.53 12.3 35.45 -38.09
34.93 -12.13 17.3 95.8 16.11 15.23 11.72 35.16 -38.09
34.83 -17.46 17.42 95.8 24.32 15.53 12.6 34.86 -38.09
34.96 -17.78 17.28 95.8 24.32 15.82 12.01 34.28 -37.79
35.84 -17.07 14.84 92.87 24.02 14.94 12.01 32.81 -38.09
36.34 -16.69 13.2 90.23 23.44 15.82 12.3 32.81 -38.09
36.56 -16.58 12.44 89.06 23.14 15.82 12.3 33.4 -38.09
36.88 -16.42 11.21 87.6 23.14 15.53 12.3 32.81 -38.09
37.04 -15.92 10.44 86.43 22.56 15.53 12.6 33.11 -38.09
37.48 -14.93 8.36 83.79 21.09 15.53 12.3 32.52 -38.09
37.65 -14.52 7.23 82.32 20.51 15.23 12.3 32.81 -38.09
37.71 -14.3 6.08 80.27 20.51 15.82 13.18 33.4 -38.09
37.78 -16.4 6.4 79.98 21.68 15.23 12.3 38.67 -38.09
37.66 -17.99 6.54 79.98 24.02 15.23 12.6 39.26 -38.09
37.62 -19.97 5.7 78.81 26.37 15.53 12.01 39.26 -38.09
37.59 -20.06 5.58 78.81 26.95 15.23 12.3 38.67 -38.09
37.52 -20.46 5.42 78.81 28.12 15.23 12.6 37.21 -38.09
37.64 -20.05 4.93 78.81 27.83 15.82 12.01 33.69 -38.09
37.76 -18.87 4.31 78.81 27.25 15.82 12.3 29.88 -38.09
37.85 -19.1 3.33 78.22 27.83 16.11 12.01 26.95 -37.79
37.84 -18.99 2.12 77.64 28.71 15.82 12.01 22.85 -38.09
37.89 -18.57 0.45 76.17 28.71 15.53 12.3 20.51 -37.79
37.84 -17.62 -1.09 75.0 28.12 15.53 12.3 16.99 -38.09
37.64 -16.59 -3.52 74.12 28.12 15.53 12.6 8.5 -38.09
37.47 -16.45 -4.68 63.28 21.97 46.29 12.3 -0.59 -38.09
37.66 -17.61 -2.16 63.28 19.63 57.71 12.3 -0.88 -38.09
37.31 -16.64 -1.13 63.28 18.75 58.89 12.3 -1.17 -41.02
37.3 -15.68 -0.88 63.28 16.99 59.77 12.3 -1.17 -41.31
37.28 -14.09 -0.35 63.28 13.77 61.82 12.6 -1.17 -41.31
37.34 -12.95 0.89 64.16 9.67 66.8 12.3 -1.76 -41.02
37.07 -11.2 1.77 64.16 6.15 73.24 13.18 -7.62 -41.31
36.26 -10.85 4.74 64.16 4.98 79.69 18.75 -12.89 -41.02
35.08 -10.76 7.84 64.16 4.98 81.15 25.49 -13.48 -40.14
36.72 -9.95 6.55 65.62 2.93 81.15 27.54 -17.87 -29.59
36.58 -10.38 8.63 66.8 2.64 82.03 33.98 -19.92 -22.85
34.71 -9.92 11.97 66.8 2.64 82.32 41.02 -20.8 -22.85
38.9 -15.48 5.22 67.09 0.29 87.6 45.7 -19.63 8.79
38.85 -15.83 5.19 67.09 0.88 86.72 47.17 -19.34 11.13
38.68 -15.25 5.89 67.09 1.46 84.96 47.17 -19.34 9.08
38.02 -14.68 7.74 66.8 2.05 84.96 47.17 -20.51 2.93
36.72 -12.01 10.16 66.8 1.46 82.91 47.17 -22.85 -5.27
37.6 -11.52 5.05 60.64 1.46 81.15 47.17 -23.44 -3.81
37.6 -11.13 4.67 60.06 0.59 81.45 47.17 -23.44 -3.81
37.59 -11.01 4.65 60.06 0.59 81.15 47.17 -23.44 -3.81
37.62 -10.66 3.8 58.89 0.0 81.15 47.17 -23.44 -3.81
37.63 -10.48 3.16 58.01 -0.29 81.15 47.17 -23.44 -3.81
37.59 -9.8 1.25 55.37 -1.46 81.15 47.17 -23.14 -3.81
37.52 -9.9 1.15 54.79 -1.46 81.45 47.75 -23.14 -3.81
37.46 -9.59 -0.16 53.03 -1.76 81.15 47.75 -23.44 -3.81
37.53 -9.62 -0.47 53.03 -1.76 81.15 47.17 -23.14 -3.81
37.45 -9.62 -1.99 50.98 -1.76 81.15 47.17 -23.44 -3.81
37.39 -9.77 -1.91 50.68 -1.46 81.15 47.75 -23.44 -3.81
37.52 -10.79 -1.78 50.98 0.29 81.15 47.75 -23.44 -3.81
37.48 -10.45 -1.76 50.98 -0.29 81.15 47.75 -23.44 -3.81
37.21 -7.91 4.83 60.94 -1.17 76.17 46.88 -23.14 -3.81
35.77 -3.0 6.92 63.87 -5.86 70.9 47.17 -23.14 -3.81
33.69 1.98 7.69 63.87 -12.89 68.26 47.75 -23.44 -3.81
31.37 6.56 7.58 63.87 -18.16 63.28 47.17 -23.44 -3.81
31.76 5.97 7.38 63.87 -16.99 63.28 47.17 -23.44 -3.81
33.45 3.07 5.87 62.11 -12.01 64.16 47.75 -23.14 -3.81
33.89 2.57 4.85 61.23 -11.13 64.16 47.17 -23.44 -3.81
34.2 1.71 4.77 60.94 -9.67 64.45 47.75 -23.44 -3.81
35.15 -0.1 2.9 59.18 -6.74 64.75 47.17 -23.14 -3.81
36.16 -3.03 3.15 59.18 -4.69 69.14 47.17 -23.44 -3.52
36.79 -5.6 3.59 59.18 -3.22 73.54 47.17 -23.14 -3.81
37.38 -8.7 3.65 59.18 0.0 76.46 47.17 -23.14 -3.81
37.63 -11.76 3.98 59.18 3.81 78.52 47.75 -23.44 -3.81
37.85 -15.86 3.7 59.18 9.96 79.39 47.17 -23.44 -3.81
37.64 -19.18 3.83 59.18 15.53 79.39 47.17 -23.44 -3.81
37.33 -21.44 4.01 59.18 19.34 79.39 47.17 -23.14 -3.81
37.58 -20.7 1.16 59.18 27.83 63.57 47.17 -24.32 -3.81
37.86 -17.73 -1.7 59.18 27.83 53.91 46.88 -23.73 -3.81
40.74 -10.03 0.46 82.62 5.27 29.59 16.11 -0.88 -3.81
40.64 -9.49 2.01 84.96 5.27 26.66 16.7 -0.88 -3.81
40.67 -9.61 2.36 85.55 5.27 26.37 16.41 -0.88 -3.81
40.64 -11.41 5.92 89.94 7.32 27.25 16.11 -0.88 -3.81
40.32 -11.37 8.38 93.16 7.32 26.66 16.11 -0.88 -3.81
40.06 -9.68 8.78 93.46 5.27 27.25 16.41 -0.59 -3.81
39.41 -8.55 11.46 97.27 3.52 26.37 15.82 -0.88 -3.81
39.1 -6.77 11.47 97.27 1.17 26.66 15.82 -0.88 -3.81
38.68 -4.83 11.44 97.27 -1.17 26.37 16.11 -0.88 -3.81
38.23 -3.0 11.36 97.27 -3.81 26.66 15.82 -0.88 -3.81
37.56 -0.91 11.35 97.27 -6.45 26.66 16.11 -0.59 -3.81
36.7 1.37 11.31 97.27 -9.38 26.66 16.41 -0.88 -3.81
36.01 3.05 11.22 97.27 -11.72 26.66 16.41 -0.88 -3.81
35.37 4.45 11.11 97.27 -13.77 26.66 16.11 -0.88 -4.1
34.92 5.44 10.99 97.27 -15.53 26.95 15.82 -0.59 -3.81
33.96 7.11 10.96 97.27 -17.58 26.66 16.41 -0.59 -3.81
33.61 7.78 10.84 97.27 -18.75 26.66 16.11 -0.88 -3.81
33.6 7.83 10.82 97.27 -19.04 26.95 15.82 -0.59 -3.81
34.5 6.27 10.88 97.27 -16.7 26.66 15.82 -0.88 -3.81
34.71 5.16 12.29 99.02 -14.94 26.95 16.11 -0.88 -3.81
34.38 4.14 15.01 102.83 -13.48 26.95 16.11 -0.88 -3.81
34.45 3.54 15.64 103.71 -12.6 26.66 16.11 -0.88 -3.81
32.86 3.09 19.89 109.28 -12.3 29.59 16.11 -0.88 -3.81
32.61 1.57 21.74 111.62 -10.25 30.18 16.11 -0.88 -3.81
34.25 -0.75 20.43 109.28 -7.03 29.88 16.11 -0.88 -3.81
34.92 -2.73 20.47 108.98 -4.39 30.18 16.11 -0.88 -3.81
35.74 -4.49 19.8 107.81 -2.05 30.18 16.11 -0.59 -3.81
36.34 -5.73 19.18 106.93 -0.59 30.18 15.82 -0.88 -3.81
36.74 -7.97 19.31 106.93 2.34 30.18 15.82 -0.59 -3.81
36.85 -8.93 19.37 106.93 3.81 29.88 16.11 -0.59 -3.81
37.13 -10.76 19.26 106.64 6.15 30.18 16.11 -0.59 -3.81
37.28 -12.55 19.25 106.64 8.5 29.88 16.11 -0.88 -3.81
37.32 -14.4 19.32 106.64 10.84 30.18 16.11 -0.59 -3.81
37.34 -15.5 19.27 106.64 12.3 29.88 16.11 -0.88 -3.81
40.54 -17.86 7.12 90.82 15.53 29.88 16.41 -0.88 -3.81
40.52 -18.46 7.05 90.82 16.11 29.88 16.11 -0.59 -3.81
40.52 -18.46 7.05 90.82 16.11 29.88 16.11 -0.59 -3.81
40.52 -18.55 6.9 90.53 16.41 29.88 16.41 -0.59 -3.81
40.54 -19.11 6.59 90.23 16.7 30.47 15.82 -0.59 -3.81
40.5 -19.22 6.72 90.23 16.99 30.76 16.11 -0.29 -3.81
40.09 -19.9 9.03 93.16 17.87 30.76 16.11 -0.59 -3.81
40.61 -20.0 4.52 87.3 18.16 31.05 16.41 -0.59 -3.81
40.81 -18.31 4.15 87.01 15.82 30.76 16.11 -0.59 -3.81
41.07 -15.7 0.52 82.91 11.72 30.76 14.94 -0.59 -3.81
41.02 -13.06 0.61 82.91 8.5 30.76 15.23 -0.59 -3.81
40.85 -11.08 0.92 82.91 6.45 31.05 16.11 -0.59 -3.81
40.68 -9.37 0.81 82.91 4.1 30.76 15.82 -0.59 -3.81
40.49 -8.11 0.91 82.91 2.64 30.76 16.11 -0.59 -3.81
40.26 -6.77 0.94 82.91 0.88 30.76 16.11 -0.59 -3.81
39.94 -5.21 1.21 83.2 -1.17 30.76 16.11 -0.59 -3.81
39.56 -3.66 1.03 82.91 -3.22 30.76 16.11 -0.59 -3.81
38.99 -1.69 1.1 82.91 -5.86 30.76 16.11 -0.59 -3.81
38.34 0.25 1.85 83.79 -8.5 30.76 16.11 -0.59 -3.81
38.06 0.67 4.51 87.3 -9.08 30.76 16.11 -0.59 -3.81
37.61 0.67 8.24 92.29 -9.08 30.76 16.11 -0.88 -3.81
37.5 0.67 8.89 93.16 -9.08 30.76 16.11 -0.59 -3.81
36.92 0.46 11.93 97.27 -8.79 30.76 16.11 -0.59 -3.81
36.07 -0.19 15.57 102.25 -7.91 30.76 16.11 -0.59 -3.81
36.33 -1.69 16.3 103.12 -5.86 30.76 16.11 -0.88 -3.81
38.15 -11.92 16.93 103.42 7.62 30.47 16.11 -0.88 -3.81
40.14 -17.37 9.92 94.34 14.65 30.47 16.11 -1.17 -3.81
40.47 -15.24 5.25 86.43 15.82 30.47 22.27 -2.64 -3.81
39.95 -13.07 3.16 81.45 17.87 30.47 29.59 -8.2 -4.1
38.93 -9.78 2.7 78.52 18.46 30.47 37.5 -16.41 -3.81
36.77 -6.29 2.25 74.12 21.68 30.47 49.8 -24.9 -4.1
25.12 -0.36 5.81 36.04 0.88 72.07 67.09 -25.49 -37.5
22.42 -0.21 10.9 40.14 -3.52 75.0 72.66 -29.59 -37.79
22.17 0.38 10.8 39.26 -5.86 75.0 72.66 -30.76 -37.79
21.77 3.19 7.84 34.86 -7.62 72.07 72.66 -37.21 -37.5
20.53 5.02 8.07 35.45 -9.96 69.73 72.66 -39.84 -37.5
19.87 5.79 8.33 35.45 -11.72 68.85 72.66 -40.72 -37.5
19.48 6.11 8.77 35.45 -13.48 68.85 72.66 -41.31 -37.5
20.33 5.29 7.74 35.45 -9.08 68.85 72.66 -39.84 -37.79
20.87 4.35 7.79 35.45 -7.32 68.85 72.66 -36.04 -37.5
23.31 -0.59 7.76 35.45 2.05 70.9 72.66 -22.56 -37.5
23.84 -1.47 7.18 34.86 4.69 71.19 72.66 -21.09 -37.5
24.05 -2.13 7.38 35.45 6.45 71.19 72.66 -19.34 -37.5
25.26 -6.06 7.67 35.74 14.36 73.24 72.66 -12.01 -37.5
25.55 -7.13 7.62 35.74 17.29 73.54 72.66 -10.25 -37.5
25.83 -8.35 7.53 35.74 21.09 73.54 72.66 -7.91 -37.5
25.95 -9.49 7.59 35.74 24.61 73.54 72.66 -5.57 -37.79
26.22 -10.9 7.62 35.74 28.71 73.83 72.66 -3.52 -37.5
26.3 -11.89 7.75 35.74 31.64 73.83 72.66 -1.46 -37.5
26.37 -14.86 8.01 34.57 39.55 75.88 72.66 1.46 -37.5
26.28 -14.52 8.07 34.57 38.09 75.88 72.66 1.46 -37.79
26.42 -13.08 7.54 34.57 33.98 75.88 72.66 -2.34 -37.5
26.39 -11.15 7.08 34.57 28.71 75.88 72.66 -7.03 -37.5
26.26 -9.49 6.78 34.57 24.32 75.88 72.66 -11.13 -37.5
26.15 -8.63 6.68 34.57 21.97 75.88 72.66 -13.18 -37.5
26.06 -7.94 6.59 34.57 20.21 75.88 72.66 -14.94 -37.5
25.96 -7.2 6.55 34.86 18.75 75.88 72.66 -17.29 -37.5
25.76 -6.41 6.87 35.74 16.99 75.88 72.66 -19.63 -37.5
25.29 -4.52 6.84 35.74 12.3 75.29 72.66 -23.14 -37.5
24.98 -3.74 6.93 35.74 10.25 75.29 72.66 -24.9 -37.79
24.98 -3.45 6.89 35.74 9.38 75.29 72.66 -25.78 -37.5
24.42 -2.28 7.28 35.74 5.57 75.29 72.66 -27.83 -37.79
24.45 -1.83 7.03 35.74 4.98 75.29 72.66 -29.88 -37.5
24.21 -0.69 5.78 35.74 7.32 72.66 72.66 -31.93 -37.79
25.29 -2.58 4.21 35.74 16.11 71.48 72.66 -29.59 -37.5
25.53 -2.95 1.85 35.74 24.02 67.09 72.66 -28.12 -37.79
26.07 -4.34 1.16 35.74 28.71 67.09 72.66 -27.83 -37.79
26.31 -5.0 0.52 35.74 31.64 66.5 72.66 -27.83 -37.79
26.03 -4.02 -0.28 35.74 31.05 64.16 72.66 -27.83 -37.5
25.56 -2.94 -0.61 35.74 29.59 62.7 72.66 -28.12 -37.79
25.21 -1.91 1.03 38.38 26.95 61.82 72.66 -27.54 -37.5
24.75 -0.88 1.16 39.55 25.78 60.06 72.66 -27.83 -37.5
24.15 0.35 0.48 39.55 24.61 57.71 72.66 -28.12 -37.5
23.67 1.08 0.11 39.55 24.02 56.25 72.66 -28.12 -37.79
23.98 0.78 0.02 39.55 24.32 57.13 72.66 -29.59 -37.5
25.09 -1.42 0.52 39.55 27.83 60.64 72.95 -30.47 -37.5
25.69 -2.71 0.27 39.55 30.76 61.23 72.66 -29.88 -37.5
26.14 -3.98 1.02 40.14 32.81 63.28 72.95 -30.47 -37.5
26.42 -4.72 1.02 39.55 33.69 64.16 72.66 -29.59 -37.5
26.85 -5.61 1.42 39.55 33.98 67.09 72.66 -32.81 -37.5
27.86 -7.29 -0.27 39.55 37.79 69.43 72.66 -42.48 -37.5
27.16 -8.39 2.28 39.55 41.02 66.8 72.66 -24.9 -37.5
28.62 -10.61 0.7 37.21 43.95 59.18 72.66 -4.1 -30.47
29.31 -13.8 -0.15 36.04 50.1 52.73 72.66 18.46 -29.3
18.23 1.49 3.56 24.32 8.5 56.25 72.36 -6.74 -51.86
18.07 0.78 6.22 28.71 7.32 57.42 72.66 -5.27 -52.15
16.17 1.07 6.79 28.71 7.32 56.84 72.95 -6.74 -56.54
16.01 2.15 5.61 28.71 8.79 52.73 72.66 -5.27 -55.66
16.32 2.28 3.22 27.25 14.36 47.75 72.66 -0.88 -55.66
16.57 2.03 2.88 27.25 15.82 47.17 72.66 0.29 -55.66
14.77 4.16 2.67 27.25 12.01 42.19 72.36 0.0 -55.66
14.49 4.16 3.09 27.25 11.13 41.89 72.36 0.59 -56.25
16.17 2.63 2.41 27.25 15.82 42.19 72.66 4.98 -55.66
16.9 1.72 1.62 27.25 19.63 42.19 72.36 6.45 -56.25
18.85 -2.41 0.72 27.25 32.52 41.6 72.66 15.23 -59.47
12.3 -8.93 7.33 38.67 69.43 53.61 72.66 12.89 -85.25
11.9 -7.81 6.03 43.65 70.9 53.61 72.66 5.27 -85.84
11.43 -6.66 5.61 43.65 64.75 53.32 72.66 2.64 -85.84
10.3 -5.19 6.19 43.65 54.2 53.61 72.66 0.59 -85.84
9.97 -4.4 6.39 41.89 47.46 54.2 72.66 -0.59 -84.96
9.36 -3.23 5.04 36.04 39.84 59.47 72.66 -7.91 -85.55
9.23 -1.94 3.56 29.88 32.52 62.11 72.36 -13.77 -84.96
8.79 -1.65 4.23 29.0 27.83 62.7 72.36 -14.36 -84.96
8.99 -0.71 4.96 22.27 13.48 69.14 72.66 -21.39 -82.91
10.99 -0.27 4.96 22.27 11.72 69.73 72.66 -22.27 -77.34
12.14 -0.38 5.26 22.27 9.96 71.48 72.66 -23.14 -74.71
12.39 -0.52 5.46 22.27 9.38 71.78 72.66 -22.85 -74.12
13.17 -0.35 5.42 22.27 8.5 71.78 72.66 -23.14 -71.78
13.89 -0.37 5.56 22.27 7.32 72.07 72.66 -23.14 -69.73
14.16 -0.64 4.96 22.27 10.25 71.78 72.36 -22.27 -70.02
13.58 0.3 2.66 22.27 17.87 65.33 72.66 -19.92 -70.02
18.18 -2.64 2.8 27.54 29.3 62.7 72.66 -9.96 -60.94
20.11 -4.23 3.97 32.23 34.28 60.94 72.66 -4.98 -56.54
21.31 -6.58 6.19 37.21 40.14 60.06 72.36 1.17 -54.49
22.39 -6.95 6.01 37.79 40.43 59.47 72.66 2.05 -50.98
26.78 -8.66 2.92 37.79 41.02 59.47 72.66 -1.76 -36.91
26.99 -9.97 3.85 37.79 42.19 61.23 72.66 0.29 -36.62
27.04 -10.62 4.25 37.79 43.07 61.23 72.66 2.93 -36.62
26.93 -9.72 4.56 37.79 39.26 61.52 72.66 2.93 -36.33
26.68 -8.27 4.78 37.79 34.28 61.52 72.66 2.05 -36.04
26.32 -6.81 4.78 37.79 30.47 61.52 72.66 -0.59 -36.04
25.28 -4.55 5.25 37.79 24.61 61.52 72.66 -4.1 -37.21
22.29 -2.6 6.91 37.79 20.51 61.52 72.66 -6.15 -44.53
20.29 -1.11 7.68 37.79 16.7 61.52 72.66 -9.08 -48.34
17.35 0.24 8.69 37.79 12.6 61.52 72.66 -12.01 -54.2
16.94 0.79 7.45 34.86 12.01 61.52 72.66 -14.06 -55.66
16.63 1.34 6.81 34.28 12.01 61.52 72.66 -16.41 -56.25
15.55 1.64 6.51 33.69 12.3 61.52 72.66 -17.87 -59.18
15.01 1.6 6.39 33.69 13.18 61.52 72.66 -18.16 -60.94
15.39 1.19 6.11 33.69 15.23 61.52 72.66 -17.29 -60.94
15.89 0.69 5.76 32.81 16.7 61.52 72.66 -15.82 -60.64
16.88 -0.23 5.33 31.64 18.75 62.7 72.66 -14.65 -59.77
17.83 -1.35 4.31 29.59 22.27 63.87 72.66 -13.48 -59.47
19.79 -2.47 2.85 27.25 24.32 65.62 72.66 -13.48 -55.66
20.69 -4.18 2.43 25.49 27.25 68.85 72.66 -13.18 -55.37
39.8 -20.05 -4.5 68.26 18.75 56.25 21.09 -21.09 -8.2
40.07 -18.44 -4.12 68.85 15.53 58.89 20.21 -21.39 -8.2
40.47 -13.23 -0.56 73.24 7.91 61.23 19.92 -23.14 -8.2
40.34 -10.41 1.96 77.05 4.39 61.23 19.63 -31.93 -8.2
40.93 -9.36 -1.53 83.2 -2.34 61.23 3.22 -40.72 -8.2
40.87 -8.41 1.06 86.13 -3.52 61.82 3.52 -39.84 -8.2
40.93 -8.77 0.78 86.13 -2.93 61.82 3.52 -45.12 -8.2
40.88 -8.41 0.0 86.43 -3.22 61.82 3.52 -63.87 -8.2
40.91 -8.65 -0.21 86.43 -2.93 61.82 3.52 -67.68 -8.2
40.71 -7.4 -0.19 86.43 -4.39 61.82 3.52 -67.38 -8.5
40.73 -7.51 -0.39 86.13 -4.39 61.82 3.52 -66.8 -8.2
40.64 -7.33 -1.15 83.2 -4.98 61.82 3.52 -37.5 -8.2
40.55 -7.41 -2.44 80.27 -5.86 61.82 3.52 -14.06 -8.2
37.42 -7.98 6.21 77.64 -20.51 48.93 5.57 77.34 -42.19
38.71 -4.12 0.54 75.29 -20.51 48.93 5.86 78.52 -27.54
38.69 -4.03 -0.19 74.12 -20.21 48.93 6.15 77.34 -27.25
38.53 -3.7 0.31 73.54 -19.04 48.93 5.86 67.68 -27.54
37.9 -2.1 0.21 71.19 -19.34 48.93 8.79 63.57 -27.54
37.19 -0.55 1.88 71.19 -20.21 48.93 12.3 62.99 -27.54
36.45 1.01 2.82 71.19 -21.97 48.93 14.06 62.99 -27.54
36.08 1.45 3.73 71.19 -21.97 48.93 16.11 62.99 -27.54
35.79 1.75 4.39 71.19 -21.97 48.93 17.58 62.99 -27.54
34.88 2.56 6.23 71.19 -21.97 48.93 21.68 62.7 -27.54
34.4 3.1 6.47 70.31 -21.97 48.93 23.14 60.35 -27.54
30.42 7.15 5.88 61.23 -20.51 45.41 33.69 42.48 -27.54
28.89 7.85 6.3 58.59 -19.04 46.0 38.09 33.11 -27.54
29.49 2.08 8.06 51.56 -13.48 61.23 49.51 15.53 -27.25
28.88 -7.57 12.12 52.73 11.72 69.14 63.28 -0.29 -27.54
29.39 -8.59 11.15 52.73 17.87 69.14 63.28 -7.03 -27.83
29.74 -8.56 10.51 52.73 19.04 69.14 62.99 -10.84 -27.54
30.06 -12.48 10.81 52.73 27.83 72.66 63.87 -16.11 -27.54
30.48 -14.13 10.41 52.73 31.35 74.41 63.28 -21.39 -27.54
30.94 -15.12 9.61 52.73 34.57 74.41 62.99 -26.07 -27.25
31.03 -14.96 9.29 52.73 34.86 74.41 62.99 -28.42 -27.54
31.26 -15.26 8.73 52.73 36.33 74.71 63.28 -33.4 -27.54
31.91 -14.56 6.92 52.73 36.91 72.36 62.99 -38.67 -27.25
31.99 -12.33 4.84 52.73 37.21 65.92 63.28 -36.33 -27.25
31.85 -9.76 2.08 52.73 36.91 58.89 63.28 -35.16 -27.54
31.65 -8.11 0.45 52.73 35.74 55.08 62.99 -34.86 -27.54
31.14 -6.02 -0.93 53.03 33.98 50.98 62.99 -34.28 -27.54
30.49 -4.38 0.3 55.66 32.81 47.75 63.87 -30.47 -27.25
29.95 -2.47 -0.73 55.66 29.88 45.41 62.99 -30.76 -27.54
29.29 -0.73 0.92 57.42 26.37 45.41 63.28 -30.47 -27.25
28.42 1.23 2.7 60.06 22.27 45.12 62.7 -30.76 -27.54
27.25 2.94 4.07 60.64 18.46 45.7 63.28 -30.47 -27.54
26.49 4.02 5.75 63.57 16.11 45.41 62.99 -31.05 -27.54
26.25 3.96 7.34 64.45 14.65 47.75 62.99 -31.64 -27.54
26.45 4.18 7.19 64.45 13.48 49.51 62.99 -38.09 -27.25
25.75 4.26 8.71 64.45 12.01 49.8 62.99 -30.76 -27.25
25.52 3.96 9.46 64.45 12.01 50.39 63.28 -28.12 -27.54
25.57 3.54 10.24 64.45 11.43 51.86 63.28 -27.25 -27.25
25.71 1.33 13.25 64.45 9.67 58.89 63.28 -25.78 -27.25
28.7 -3.7 9.32 51.56 11.72 64.75 63.28 -11.72 -27.54
29.15 -4.12 8.14 49.8 12.6 64.45 62.99 -10.25 -27.54
29.39 -4.87 8.08 49.8 14.36 64.45 63.28 -9.38 -27.25
30.31 -6.39 4.23 44.24 18.75 64.45 63.28 -9.67 -27.54
30.56 -7.06 3.95 44.24 20.51 64.45 63.28 -9.96 -27.25
30.99 -9.32 3.4 43.95 26.37 64.45 63.28 -9.38 -27.54
31.14 -10.2 3.21 43.95 28.71 64.45 63.28 -9.67 -27.54
31.42 -12.4 3.11 43.95 33.69 64.45 63.28 -8.2 -27.25
31.54 -14.31 3.28 43.95 37.5 64.45 62.99 -5.57 -27.25
31.54 -14.59 2.85 43.95 39.55 64.16 63.28 -8.5 -27.25
31.83 -13.95 0.53 43.95 41.02 63.87 63.28 -22.56 -27.25
31.68 -13.72 -1.04 40.14 39.26 63.87 62.99 -16.7 -27.25
31.61 -13.81 -1.42 39.55 39.84 63.87 63.28 -17.29 -27.25
31.42 -12.8 -1.56 38.09 36.62 64.16 63.28 -13.77 -27.54
31.44 -12.46 -1.13 38.09 34.86 64.16 63.28 -10.84 -27.25
33.85 -14.33 0.52 45.7 33.11 59.18 63.28 4.69 -14.36
34.36 -13.17 1.4 53.03 35.45 48.93 63.28 17.29 -11.72
34.34 -11.84 2.48 61.52 38.96 36.62 63.87 29.0 -11.72
34.33 -11.82 3.05 62.7 38.96 35.74 62.99 29.3 -12.89
33.94 -11.58 4.84 64.45 38.96 35.74 63.28 31.05 -14.36
34.04 -11.62 4.47 64.16 38.96 35.45 63.28 31.93 -14.06
33.97 -9.94 3.67 64.16 36.62 33.69 62.99 31.93 -14.06
33.74 -9.02 4.3 64.45 34.86 34.28 63.28 32.52 -14.06
33.53 -7.99 4.2 64.45 33.4 33.69 63.28 32.52 -14.36
33.1 -5.93 1.88 64.45 32.52 26.66 63.28 38.67 -16.11
33.05 -5.01 0.61 64.45 31.35 23.44 63.28 44.53 -15.82
33.18 -4.69 -0.16 65.04 30.76 20.51 62.99 51.27 -15.82
32.95 -3.7 0.99 68.55 29.88 17.29 63.28 55.37 -16.11
33.04 -3.33 1.04 71.78 29.88 12.89 63.28 60.64 -15.82
33.19 -3.04 1.63 74.41 29.0 10.25 62.4 64.45 -16.11
32.78 -1.97 2.18 76.17 27.83 8.5 63.28 67.97 -16.11
33.24 -2.75 3.73 81.74 29.0 4.1 62.99 74.12 -16.11
32.9 -2.95 5.04 82.62 29.59 3.22 62.99 73.54 -19.34
32.77 -2.36 3.92 82.62 29.3 1.17 63.28 73.24 -19.04
32.87 -2.65 4.36 83.2 29.59 1.46 62.7 71.48 -19.04
32.73 -4.44 8.65 92.29 33.4 -1.76 62.99 69.73 -19.04
32.64 -3.68 7.79 101.66 33.11 -15.53 63.28 70.02 -19.04
32.12 -3.8 10.65 105.76 33.11 -15.23 62.99 70.02 -19.04
31.9 -3.81 11.19 106.93 33.4 -15.53 63.28 69.43 -19.04
31.76 -3.27 11.09 106.93 32.52 -15.53 62.99 68.26 -19.04
31.87 -3.31 10.82 106.64 32.52 -15.53 62.99 68.26 -18.75
31.18 -1.49 10.72 106.64 29.88 -15.53 63.28 68.55 -19.04
29.83 1.79 10.3 106.64 24.61 -15.53 63.28 68.26 -19.04
29.05 3.38 10.07 106.64 21.97 -15.53 63.28 68.26 -19.04
28.49 4.41 9.9 106.64 20.21 -15.53 63.28 68.26 -19.04
28.01 5.25 9.75 106.64 18.75 -15.53 63.28 68.26 -19.04
27.4 6.25 9.57 106.64 16.99 -15.53 63.28 68.26 -19.04
27.28 7.7 4.33 98.73 14.36 -16.41 62.99 66.5 -19.04
26.41 8.68 2.08 95.51 13.18 -16.41 63.28 61.82 -19.04
29.5 6.15 0.68 87.6 15.82 -2.34 63.28 56.84 -6.45
29.64 5.69 3.5 83.79 15.82 8.2 62.99 46.58 -6.45
29.82 4.99 5.0 79.1 15.23 17.29 62.99 38.67 -6.45
30.18 3.27 8.3 78.81 15.82 24.61 63.28 38.67 -6.45
30.54 1.53 10.77 78.81 16.11 30.47 62.99 38.38 -6.15
31.33 1.23 10.61 81.15 16.11 30.47 62.99 37.21 -0.88
30.61 -0.47 15.58 86.72 16.7 35.45 63.28 37.21 1.46
32.55 -5.17 14.68 83.79 23.44 37.79 63.28 28.12 1.17
32.8 -6.32 14.77 83.79 25.2 38.09 63.28 28.71 1.17
33.3 -8.39 14.59 83.79 28.71 37.79 63.28 28.71 1.17
33.54 -9.84 14.57 83.79 31.05 37.79 63.28 28.71 1.17
33.6 -12.03 14.77 83.79 34.86 38.09 63.87 28.42 1.17
34.54 -12.96 12.33 80.57 36.04 37.79 63.28 28.42 1.17
34.61 -14.13 12.24 80.27 37.79 38.09 63.28 28.12 1.17
34.32 -15.96 12.86 80.27 40.72 39.26 63.87 28.12 1.17
34.22 -18.66 12.88 77.64 42.77 43.95 63.28 28.42 1.17
33.78 -20.84 13.63 75.88 43.65 49.22 62.7 27.83 1.17
33.28 -20.46 15.07 75.88 41.31 53.03 62.99 25.78 1.17
33.17 -18.28 15.9 76.17 36.62 54.79 63.28 18.46 1.17
33.25 -15.35 16.06 76.17 31.05 55.37 63.28 16.7 1.17
28.9 2.75 15.62 72.07 -4.98 57.71 62.99 16.7 1.17
27.5 6.2 13.84 67.38 -12.89 57.71 62.99 11.13 1.17
29.13 6.31 8.06 58.3 -11.72 56.25 62.99 10.84 1.17
31.73 2.91 -0.25 47.46 -4.1 56.25 62.99 10.84 1.17
33.92 -2.38 0.05 47.46 0.88 62.99 62.99 10.84 1.17
34.12 -2.43 10.96 67.38 -7.91 73.54 62.99 9.96 15.82
34.71 -10.85 11.35 62.4 5.27 75.29 63.28 -13.18 3.81
35.39 -11.07 8.83 59.18 5.27 75.29 62.99 -16.41 4.39
35.72 -12.14 6.78 55.96 7.32 75.29 63.28 -21.09 4.1
36.03 -12.54 4.57 53.03 7.91 75.29 62.99 -23.73 4.1
36.09 -12.82 3.19 50.98 8.79 75.0 63.28 -23.73 4.1
36.12 -13.38 1.4 48.34 9.96 75.29 62.99 -23.73 3.22
35.72 -12.99 0.48 45.7 11.13 75.0 63.28 -24.02 0.0
35.34 -13.24 -2.25 41.02 12.6 75.29 62.99 -23.73 -2.64
33.51 -14.67 -2.7 35.74 24.02 74.41 63.28 -20.8 -15.53
33.62 -14.57 -0.68 38.67 24.02 74.41 63.28 -21.09 -15.82
32.55 -12.53 3.35 42.77 22.85 74.41 63.28 -20.8 -21.68
31.18 -9.25 5.31 44.24 17.87 74.12 63.28 -21.68 -26.37
30.61 -7.6 7.45 47.46 13.77 74.41 63.28 -24.02 -26.37
28.76 -2.57 10.59 52.73 2.93 74.41 62.99 -33.69 -26.37
26.28 0.31 8.96 48.63 1.46 73.24 62.7 -35.74 -35.16
25.93 0.41 7.23 45.12 2.93 73.24 63.28 -36.33 -37.79
25.62 0.29 6.33 43.95 4.98 73.54 62.99 -37.21 -40.72
25.14 -0.21 6.64 43.95 7.32 73.54 63.87 -36.04 -42.48
26.28 -1.9 5.08 41.89 11.13 73.54 62.99 -33.11 -42.19
26.59 -4.02 5.41 41.31 15.82 73.54 63.87 -27.83 -42.19
27.38 -6.22 5.13 41.31 20.8 73.54 62.99 -24.32 -42.19
26.81 -7.24 5.23 41.02 25.78 73.24 63.28 -22.27 -45.12
27.16 -8.67 5.16 40.72 28.71 73.24 62.7 -19.63 -45.12
27.34 -9.69 2.23 34.28 30.76 73.54 63.28 -16.99 -45.12
27.49 -11.06 2.03 31.93 30.76 75.29 62.99 -13.77 -45.12
27.52 -11.56 0.86 28.71 29.59 77.05 62.99 -13.48 -45.12
27.44 -12.7 -1.74 21.09 24.61 82.32 63.28 -13.48 -44.82
28.7 -5.0 0.64 31.93 6.15 84.08 63.28 -39.84 -38.38
28.53 -4.64 3.56 36.91 5.27 84.08 62.99 -40.14 -38.67
27.89 -2.97 4.82 39.26 2.34 84.08 62.99 -43.95 -39.55
27.04 -1.01 4.4 39.26 0.29 84.08 62.99 -49.51 -41.89
26.96 -0.09 3.78 39.26 -0.59 84.08 63.28 -53.91 -41.89
25.96 1.65 3.23 39.26 -2.05 84.08 63.28 -58.89 -44.82
25.62 2.3 2.03 38.38 -0.59 81.74 63.28 -58.89 -45.12
24.45 3.55 2.37 38.38 -0.59 76.76 63.28 -53.32 -44.53
35.07 -10.09 1.87 48.05 12.89 67.38 62.99 9.96 -3.81
34.95 -10.26 1.14 46.29 12.89 67.38 63.28 19.63 -4.69
34.97 -10.41 0.72 45.7 13.18 67.38 63.28 19.92 -4.69
34.79 -11.3 1.72 45.7 13.48 67.38 62.99 33.69 -7.91
34.62 -11.49 2.25 45.7 13.48 67.38 63.28 36.33 -9.08
33.41 -14.08 5.15 45.41 14.94 67.38 63.28 44.24 -19.04
33.6 -15.02 4.87 45.41 16.11 67.38 62.99 47.75 -19.04
33.7 -15.82 4.75 45.41 17.29 67.38 63.28 51.56 -18.75
33.72 -16.93 4.69 45.41 19.34 67.38 62.99 52.73 -19.04
33.85 -17.59 3.59 43.95 20.21 67.38 62.99 55.37 -19.04
33.86 -17.28 3.4 43.65 19.63 67.38 62.99 54.79 -19.04
33.9 -15.83 3.38 43.65 16.41 67.38 62.99 53.91 -19.04
33.8 -14.19 3.53 43.65 13.18 67.38 62.99 51.27 -19.04
33.68 -13.32 3.74 43.65 11.43 67.38 63.28 50.39 -19.04
33.54 -12.08 3.9 43.65 8.79 67.38 63.28 48.93 -19.04
33.48 -10.69 3.85 43.65 5.57 67.38 62.7 47.46 -19.04
33.25 -9.94 4.22 43.65 3.81 67.38 63.28 47.75 -19.04
33.01 -8.63 4.47 43.65 0.59 67.38 63.28 47.46 -19.04
32.81 -7.59 4.63 43.65 -1.76 67.38 62.99 46.0 -19.04
32.45 -6.56 4.74 43.07 -3.81 67.38 63.28 43.65 -19.04
31.51 -4.54 4.5 41.31 -4.39 67.38 63.28 26.07 -19.04
30.99 -3.14 1.01 36.91 0.29 67.09 63.28 0.88 -19.04
31.89 -6.51 -2.33 36.62 15.23 64.16 63.28 -7.91 -19.04
33.11 -14.49 5.15 63.87 47.46 45.12 62.99 -17.58 -19.63
28.03 -7.47 7.71 77.05 50.1 33.98 63.28 -16.41 -39.55
26.78 -5.79 8.41 84.96 50.1 25.49 62.99 -13.18 -42.48
27.22 -5.57 7.58 84.96 49.51 24.32 63.28 -14.65 -41.02
28.61 -7.64 14.13 84.96 43.65 40.14 63.87 -28.71 -29.3
29.99 -8.1 15.11 75.88 31.35 60.06 62.99 -51.27 -25.2
30.63 -7.86 15.19 72.66 23.73 68.85 63.28 -65.62 -24.02
28.52 -8.5 20.82 82.62 23.14 70.61 63.28 -75.0 -24.02
29.57 -7.95 20.37 81.74 16.99 75.29 63.28 -91.41 -24.02
31.01 -8.52 17.77 76.76 16.7 77.05 62.99 -90.82 -24.02
31.27 -9.17 17.19 75.59 18.16 77.05 62.99 -88.77 -24.02
30.83 -10.02 17.82 75.59 19.92 77.05 60.64 -75.29 -24.02
31.24 -10.68 17.44 75.29 20.51 77.05 58.01 -69.14 -24.32
31.32 -11.45 16.9 73.24 21.68 77.05 57.71 -62.11 -24.02
31.69 -11.22 15.49 70.61 21.68 76.46 57.42 -57.71 -24.32
32.77 -11.54 12.05 64.45 21.68 76.76 57.42 -54.2 -24.02
33.44 -12.05 7.5 54.79 20.21 78.52 57.42 -44.24 -24.02
34.05 -13.13 2.32 47.46 22.27 79.39 57.42 -47.17 -24.32
40.64 -11.9 -1.87 86.43 1.17 36.33 -10.25 -16.7 -24.02
40.52 -9.73 2.19 90.82 -1.76 36.33 -10.25 -13.18 -24.32
40.26 -7.89 2.73 91.99 -4.1 36.33 -10.25 -15.53 -24.02
39.81 -6.71 6.3 96.39 -5.86 36.33 -10.25 -14.36 -23.73
39.68 -6.18 6.37 96.39 -6.45 36.33 -10.25 -14.06 -24.02
39.44 -5.05 6.3 96.39 -7.91 36.33 -10.25 -14.36 -24.02
39.4 -4.95 6.34 96.39 -7.91 36.33 -10.25 -14.36 -24.32
39.42 -5.14 6.62 96.68 -7.62 36.33 -9.96 -14.36 -24.02
37.61 -4.71 14.51 108.11 -7.62 36.33 -9.67 -20.51 -24.02
37.55 -5.38 15.2 108.98 -6.74 36.33 -9.67 -20.51 -24.02
37.69 -6.05 15.25 108.98 -5.86 36.33 -9.67 -20.51 -24.02
38.24 -6.3 13.72 106.35 -5.86 36.33 -9.67 -17.29 -23.73
39.4 -6.07 8.16 98.73 -6.15 36.33 -9.67 -15.53 -24.02
39.3 -5.98 8.5 98.73 -6.15 36.33 -9.67 -13.77 -24.61
39.28 -5.94 8.67 98.73 -6.45 36.33 -9.67 -12.3 -24.32
38.97 -4.61 8.87 98.73 -8.5 36.33 -9.67 -10.25 -24.02
38.39 -2.45 8.86 98.73 -11.43 36.33 -9.67 -9.67 -24.02
37.84 -0.71 8.78 98.73 -13.77 36.33 -9.67 -9.67 -24.02
37.39 0.58 8.71 98.73 -15.53 36.33 -9.67 -9.67 -24.02
37.4 0.31 9.24 98.73 -15.53 36.33 -9.67 -5.86 -24.02
36.98 1.39 9.32 98.73 -17.29 36.33 -9.67 -4.39 -23.73
36.76 1.85 9.42 98.73 -17.87 36.33 -9.67 -3.81 -24.02
36.41 2.69 9.37 98.73 -19.04 36.33 -9.67 -3.81 -24.02
35.95 3.71 9.34 98.73 -20.51 36.33 -9.67 -3.52 -24.02
35.65 4.37 9.21 98.73 -21.39 36.33 -9.67 -4.1 -24.02
35.51 4.87 8.63 98.73 -21.68 36.33 -9.67 -8.2 -24.02
35.07 6.35 6.21 96.68 -23.14 36.33 -9.67 -14.65 -24.32
35.68 5.2 6.41 96.68 -21.68 36.33 -9.67 -13.48 -24.02
36.23 4.01 6.76 96.68 -19.63 36.33 -8.79 -13.18 -23.73
37.32 1.16 7.6 97.56 -15.53 36.33 -8.79 -13.18 -24.02
38.22 -1.28 7.63 97.56 -12.3 36.33 -8.79 -13.48 -23.73
38.75 -3.01 7.4 97.56 -9.67 36.33 -8.79 -15.82 -24.02
39.15 -4.54 7.41 97.56 -7.62 36.33 -8.79 -16.11 -24.02
39.42 -5.46 7.06 96.97 -6.45 36.33 -8.79 -15.53 -24.02
39.85 -7.56 7.03 96.97 -3.81 36.33 -8.79 -15.82 -23.73
39.98 -8.73 7.17 96.97 -2.05 36.33 -8.79 -15.53 -24.32
40.29 -10.64 6.7 96.39 0.29 36.33 -8.79 -15.53 -24.02
40.55 -10.41 -0.75 87.01 0.0 36.33 -8.79 -15.53 -24.02
40.29 -9.24 -2.89 84.08 -1.76 36.33 -8.79 -14.06 -23.73
39.26 -5.22 -5.46 79.98 -7.32 36.33 -8.79 -10.25 -23.73
38.45 -1.96 -4.98 79.98 -11.72 36.33 -8.79 -8.2 -24.02
37.64 0.43 -4.88 79.98 -14.94 36.33 -8.79 -8.5 -24.02
36.77 2.71 -4.57 79.98 -18.16 38.38 -8.79 -8.5 -24.02
35.71 5.13 -3.82 79.98 -21.68 47.46 -8.5 -9.96 -24.02
34.55 7.38 -3.12 80.27 -24.9 52.15 -8.2 -11.43 -24.02
34.36 8.09 0.7 85.55 -26.07 53.91 -8.2 -11.43 -24.02
34.44 7.89 3.26 89.06 -26.07 60.06 -8.5 -12.6 -24.02
35.08 6.1 7.06 94.04 -23.44 64.45 -8.2 -13.77 -24.02
36.29 3.66 7.25 94.34 -20.21 68.55 -8.79 -14.65 -24.02
37.74 -0.06 7.75 94.34 -14.94 71.19 -8.2 -15.53 -24.02
38.94 -4.04 7.89 94.34 -9.67 71.19 -8.2 -14.94 -24.02
39.8 -8.29 7.98 94.34 -4.1 71.48 -8.2 -14.94 -24.02
40.28 -11.91 7.69 94.34 0.59 71.48 -8.5 -15.82 -23.73
40.29 -16.98 7.9 94.34 7.32 70.9 -8.2 -15.82 -24.02
39.82 -21.98 7.64 94.34 13.77 69.43 -8.5 -15.53 -24.02
38.84 -21.52 5.43 79.1 24.02 48.93 14.65 0.29 -24.02
37.89 -16.77 7.13 79.1 26.95 39.55 26.07 1.46 -24.32
36.44 -14.72 10.75 82.32 28.71 39.55 32.52 -2.64 -24.32
36.41 -13.85 10.52 82.32 28.12 40.14 33.11 -7.03 -24.32
35.46 -12.71 14.17 87.6 26.07 43.36 33.11 -15.82 -24.02
33.42 -13.02 19.18 93.16 25.78 46.29 33.69 -15.23 -24.02
35.18 -1.31 1.26 67.09 7.32 48.34 33.11 -20.21 -24.32
34.59 -0.03 -2.41 61.82 5.27 48.34 33.11 -21.39 -24.02
32.13 1.47 -0.6 58.01 8.5 48.34 45.12 -23.14 -24.32
31.12 1.0 1.67 58.59 12.89 48.34 52.15 -24.61 -24.32
28.52 -4.49 13.98 70.9 26.07 55.08 64.16 -26.66 -24.02
28.32 1.36 3.32 54.79 17.87 49.8 65.04 -27.83 -24.02
26.54 3.85 1.0 50.98 15.53 39.26 65.04 -1.46 -24.32
28.61 0.05 6.17 58.89 19.63 36.33 65.04 26.37 -24.02
25.72 2.3 12.38 70.31 16.41 36.33 65.04 19.04 -24.02
22.57 5.8 13.65 69.73 7.03 43.07 65.04 -2.05 -24.02
23.11 7.54 8.42 61.23 5.27 42.48 65.04 -11.43 -24.02
33.12 -2.98 -1.67 46.29 11.43 54.79 65.04 -10.55 -3.52
33.11 -4.13 0.5 46.58 11.43 59.18 65.04 -13.48 -6.74
32.82 -5.68 4.02 48.34 11.43 64.75 65.04 -16.41 -10.84
33.16 -7.88 6.41 50.39 10.25 70.61 64.45 -19.63 -10.84
32.83 -10.1 9.9 54.79 12.3 73.54 64.75 -20.51 -10.84
32.47 -11.63 11.75 57.13 14.36 75.0 65.04 -21.09 -10.84
32.5 -12.68 11.79 57.13 16.7 75.29 65.04 -21.39 -11.13
33.53 -14.02 7.62 51.27 20.51 74.41 65.04 -20.51 -10.84
34.03 -13.94 2.5 44.24 21.97 72.66 65.04 -18.46 -10.84
34.02 -14.08 -0.28 40.14 22.27 72.66 65.04 -18.16 -10.84
34.85 -19.05 0.02 42.77 27.83 73.24 65.04 -15.23 -3.22
34.41 -20.92 4.5 48.63 32.23 73.24 65.04 -14.65 -3.81
33.56 -19.95 6.86 50.39 33.69 73.24 65.04 -15.82 -9.08
32.39 -15.85 8.46 51.27 30.47 73.24 65.04 -20.51 -17.29
32.52 -15.2 8.23 51.27 29.0 73.24 65.04 -22.56 -16.99
30.68 -10.34 8.31 51.27 26.37 73.24 65.04 -32.23 -27.25
30.58 -7.25 7.52 51.27 20.21 72.66 65.04 -38.96 -26.95
29.71 -4.08 7.74 51.27 13.18 72.66 65.04 -42.48 -27.54
28.19 -0.72 8.97 51.27 3.81 72.66 65.04 -42.77 -27.25
26.87 2.37 7.97 46.88 -5.27 72.66 65.04 -43.95 -27.25
26.11 3.52 8.27 46.0 -9.08 72.66 65.04 -44.24 -27.25
25.85 3.85 8.31 45.7 -9.96 72.66 65.04 -44.53 -27.54
27.15 2.79 4.87 41.02 -6.45 72.66 65.04 -44.53 -27.25
29.05 -1.59 3.69 40.72 4.1 72.66 65.04 -35.74 -27.25
30.13 -5.33 3.32 40.72 12.6 72.66 65.04 -28.71 -27.25
30.47 -7.12 3.56 41.02 16.41 72.66 65.04 -24.9 -27.25
30.66 -8.96 3.69 40.72 20.21 72.66 65.04 -20.21 -27.54
30.83 -11.49 4.34 41.02 25.2 72.66 65.04 -14.06 -27.54
30.89 -13.38 4.6 40.72 28.71 73.24 65.04 -10.84 -27.54
30.89 -16.35 5.23 40.72 34.57 73.54 65.04 -5.27 -26.95
30.62 -18.14 5.8 40.72 38.96 73.54 65.04 -2.05 -27.25
30.65 -18.26 5.6 40.72 40.14 73.54 65.04 -4.1 -27.25
30.89 -17.18 5.14 41.02 38.09 73.54 65.04 -8.2 -26.95
31.05 -12.42 4.08 41.02 27.54 73.54 65.04 -16.99 -27.25
30.79 -9.51 4.0 41.02 20.51 73.54 65.04 -20.51 -27.25
30.76 -8.68 3.57 41.02 19.63 73.24 65.04 -23.73 -27.25
30.43 -5.68 2.6 41.02 14.94 72.66 65.04 -33.11 -27.25
30.05 -3.96 3.04 41.02 9.67 72.66 64.45 -32.81 -26.95
31.41 -3.95 1.2 41.02 4.69 74.71 57.42 -30.76 -27.25
34.03 -8.32 -2.37 40.72 3.81 83.2 48.05 -30.76 -27.25
40.09 -16.45 7.16 87.3 16.41 34.57 33.11 -5.27 12.01
38.8 -12.08 10.06 87.6 15.82 34.57 41.6 -8.2 11.72
37.38 -10.23 12.01 87.6 17.87 34.57 49.22 -8.2 12.01
37.46 -11.04 10.65 84.96 20.8 34.57 52.15 -7.03 12.3
38.4 -12.71 5.66 78.81 23.44 34.57 52.15 -2.05 12.3
38.41 -13.16 5.56 78.81 24.32 34.57 52.15 0.0 12.01
38.4 -13.98 5.89 78.81 25.2 35.16 52.15 -2.05 12.01
37.93 -11.91 6.29 78.22 24.61 35.16 52.15 -0.88 7.03
37.58 -10.55 3.36 72.95 25.2 35.16 52.15 -1.17 1.46
37.29 -8.7 0.33 68.55 22.85 35.16 52.15 0.0 0.59
36.08 -6.74 6.3 75.29 22.27 35.16 52.44 0.0 -4.39
35.63 -5.11 6.62 75.59 19.92 35.16 52.44 -1.76 -4.69
35.3 -4.19 6.75 75.59 18.75 35.16 52.44 -2.34 -5.27
35.03 -5.33 10.2 79.39 19.34 37.5 52.44 -2.64 -4.69
34.07 -6.32 14.31 83.2 19.34 41.31 52.44 -2.05 -4.98
33.72 -6.89 15.7 83.2 18.16 45.41 52.44 -2.64 -4.69
33.09 -7.59 17.51 84.38 17.87 48.34 52.44 -2.34 -4.98
32.38 -6.7 18.67 85.84 16.11 48.93 52.44 -2.93 -4.98
29.1 -0.04 13.55 75.29 17.29 42.19 66.5 -1.46 -8.2
29.21 2.33 7.04 67.97 17.87 36.04 68.85 -1.76 -8.2
29.42 2.43 6.43 67.97 17.87 35.16 68.55 -2.93 -7.62
29.78 0.61 9.74 70.61 18.46 39.55 68.55 -3.22 -6.74
28.48 -2.61 16.96 79.39 21.68 44.53 68.85 -2.93 -6.74
29.58 -7.03 17.71 82.03 30.76 43.36 68.55 -3.52 -6.74
29.8 -7.21 17.1 81.15 31.64 43.07 68.85 -3.81 -7.03
29.8 -6.97 17.09 81.15 31.05 43.07 68.85 -3.81 -6.74
29.91 -6.82 16.74 80.57 30.76 43.07 68.85 -3.81 -6.74
29.76 -6.82 17.09 81.15 30.76 43.07 68.85 -3.81 -6.74
30.03 -7.29 16.72 80.57 31.64 43.07 68.85 -3.81 -6.74
30.32 -8.55 16.67 80.57 33.98 43.07 68.85 -3.81 -6.74
30.38 -8.87 16.66 80.57 34.57 43.07 68.85 -3.81 -6.74
30.22 -8.08 16.69 80.57 33.11 43.07 68.85 -3.81 -6.74
29.71 -6.27 16.79 80.57 29.88 43.07 68.85 -3.81 -7.03
28.19 -2.31 14.63 74.12 23.73 45.41 68.85 -6.74 -13.48
28.36 1.86 7.93 62.7 15.82 45.12 68.85 -15.82 -13.48
28.54 1.95 6.26 59.77 15.82 45.12 69.14 -16.41 -13.48
29.34 0.28 6.4 59.18 17.87 47.17 68.85 -16.11 -13.77
29.76 -0.39 6.31 59.18 18.75 47.46 68.55 -15.53 -13.48
30.11 -1.35 6.26 59.18 20.8 47.75 68.85 -15.53 -13.48
30.89 -3.1 5.25 58.01 24.32 48.05 68.85 -15.53 -13.48
31.45 -4.29 4.59 57.42 26.37 48.05 68.55 -14.65 -13.18
31.86 -5.5 3.09 55.37 29.0 48.05 68.55 -14.36 -13.48
32.12 -6.5 2.88 55.37 31.05 48.05 68.55 -14.65 -13.48
32.45 -7.97 2.68 55.37 33.98 48.05 68.55 -14.36 -13.48
32.66 -9.48 2.56 55.37 37.21 48.05 68.85 -14.36 -13.48
32.96 -11.42 2.39 55.37 40.72 48.05 68.55 -13.48 -13.48
33.04 -12.61 2.4 55.37 43.07 48.05 68.85 -13.18 -13.18
33.13 -14.15 2.3 55.37 46.0 48.05 68.55 -13.18 -13.48
33.12 -15.44 2.48 55.37 48.34 48.34 68.55 -12.6 -13.48
33.03 -16.6 2.49 55.37 50.98 48.05 68.85 -12.01 -13.48
32.94 -17.94 2.55 55.37 53.61 48.05 68.85 -12.01 -13.48
32.84 -19.51 3.23 55.37 55.66 49.51 68.85 -12.89 -12.89
31.42 -19.38 11.43 64.16 52.73 55.08 68.55 -13.18 -13.48
32.27 -16.64 8.88 64.16 50.39 49.51 68.85 -13.18 -13.48
32.43 -15.58 8.29 64.16 48.93 48.34 68.85 -13.48 -13.48
32.0 -14.95 10.35 67.09 47.46 48.93 68.85 -14.94 -13.48
31.31 -14.18 12.86 71.78 46.29 48.34 68.55 -16.99 -13.77
30.49 -14.85 15.3 75.59 47.46 48.34 68.85 -16.99 -13.18
29.98 -15.94 16.39 77.05 49.51 48.93 68.85 -17.87 -13.48
30.08 -17.94 17.6 79.39 50.39 48.34 68.85 -17.58 -8.79
30.65 -19.29 17.52 79.39 49.8 48.34 68.55 -16.7 -4.69
31.74 -18.51 14.96 75.29 48.63 48.34 68.85 -16.99 -4.69
32.86 -18.65 11.62 70.31 48.63 48.34 68.55 -17.87 -4.69
33.5 -17.97 9.43 67.09 47.17 48.34 68.55 -17.87 -4.39
34.43 -15.09 3.27 58.59 42.19 47.75 68.55 -19.34 -4.39
23.54 7.64 15.07 55.96 -26.95 65.62 68.85 -36.91 -4.39
24.68 7.54 12.6 53.03 -23.14 63.57 68.85 -36.91 -4.69
26.15 8.24 4.77 42.77 -16.7 57.71 68.85 -38.38 -4.69
27.35 6.6 4.89 42.77 -16.11 61.23 68.85 -41.31 -4.69
27.85 4.25 10.13 50.68 -16.99 66.8 68.85 -38.09 -4.39
27.99 4.48 8.99 48.63 -17.29 66.5 68.85 -38.09 -4.39
29.17 3.62 5.28 43.36 -14.65 66.5 68.85 -38.38 -4.39
29.51 3.12 4.76 43.07 -13.18 66.5 68.85 -38.38 -4.39
30.39 1.88 2.38 40.72 -9.67 66.5 68.55 -38.38 -4.39
30.53 1.4 -0.09 36.91 -8.2 66.5 68.85 -38.38 -4.69
29.1 4.31 1.33 38.38 -12.3 63.28 68.55 -38.09 -4.39
28.71 4.77 3.16 41.02 -12.89 62.7 68.85 -38.09 -4.39
28.24 4.49 8.44 50.68 -12.01 62.7 68.55 -38.67 -4.39
28.04 4.14 9.87 53.03 -11.43 62.99 68.85 -38.38 -4.39
27.95 3.47 11.58 56.25 -10.25 63.57 68.85 -38.67 -4.39
27.75 2.23 14.12 61.23 -7.62 64.16 68.85 -38.67 -4.39
27.84 2.01 14.2 61.52 -7.03 64.16 68.85 -38.67 -4.39
30.53 1.57 1.08 40.14 -5.86 64.16 68.85 -38.38 -4.39
30.74 1.12 0.82 40.14 -4.69 64.16 68.85 -38.38 -4.39
33.21 -9.34 8.31 55.66 18.75 64.16 68.85 -17.58 -4.39
33.8 -10.19 4.9 50.68 20.51 64.16 68.85 -15.82 -4.39
34.01 -12.49 4.84 50.68 25.2 64.16 68.85 -9.67 -4.39
34.02 -11.88 4.39 50.68 25.2 62.7 68.85 -8.79 -4.39
34.06 -11.97 4.1 50.68 26.07 62.11 68.85 -12.01 -4.39
34.18 -12.26 1.29 46.58 26.66 62.11 68.85 -11.72 -4.39
34.19 -12.82 -0.34 44.24 27.83 62.11 68.85 -11.43 -4.39
34.22 -13.51 -0.38 44.24 29.3 62.11 68.85 -11.72 -4.39
34.23 -13.8 -0.39 44.24 29.88 62.11 68.85 -11.43 -4.39
34.24 -14.08 -0.4 44.24 30.47 62.11 68.85 -11.43 -4.39
34.25 -15.21 -0.39 44.24 32.81 62.11 68.85 -10.55 -4.39
34.23 -16.21 -0.34 44.24 34.86 62.11 68.85 -9.38 -4.39
34.19 -17.18 -0.3 44.24 36.91 62.11 68.85 -9.38 -4.39
34.08 -18.2 -0.16 44.24 39.26 62.11 68.85 -9.38 -4.69
33.99 -19.47 0.11 44.24 41.31 62.7 68.85 -9.38 -4.39
33.91 -20.14 0.19 44.24 42.77 62.7 68.85 -9.96 -4.39
33.85 -20.55 0.25 44.24 43.65 62.7 68.85 -9.96 -4.39
34.06 -18.87 -0.03 44.24 40.14 62.7 68.85 -12.89 -4.39
34.27 -15.18 -0.36 44.24 32.52 62.7 68.85 -18.16 -4.39
34.18 -11.91 1.08 46.29 25.78 62.7 68.85 -21.68 -4.39
33.86 -9.08 1.29 46.29 19.92 62.7 68.85 -26.07 -4.39
33.3 -6.21 1.57 46.29 14.36 62.11 68.85 -27.83 -4.39
32.31 -2.56 1.46 46.29 8.79 59.47 68.55 -27.83 -4.39
31.38 -0.32 2.17 46.29 4.39 58.89 68.85 -28.42 -4.39
29.96 2.66 2.67 46.29 -0.59 56.84 68.85 -29.0 -4.39
28.87 4.59 2.94 46.29 -3.52 55.08 68.85 -29.3 -4.39
27.81 6.14 3.92 46.29 -7.62 55.08 68.85 -30.76 -4.39
26.84 7.38 4.82 46.29 -11.13 55.08 68.85 -31.64 -4.39
26.22 7.37 8.59 50.68 -14.94 58.01 68.55 -30.47 -4.39
25.49 6.43 12.84 56.25 -17.29 61.82 68.85 -30.76 -4.39
26.2 5.15 13.29 56.54 -16.99 64.45 68.85 -30.76 -4.39
26.01 3.43 16.22 61.23 -16.7 67.97 68.85 -30.76 -4.39
29.77 -6.55 17.27 64.16 -1.17 76.46 68.85 -29.88 -4.39
30.52 -10.16 17.29 64.16 3.52 79.69 68.55 -29.88 -4.39
30.53 -13.02 17.65 64.16 7.32 82.32 68.85 -29.88 -4.69
30.42 -16.68 17.99 64.16 10.84 86.43 68.85 -30.18 -4.39
32.16 -19.97 12.92 55.96 18.46 86.72 68.55 -29.88 -4.39
33.54 -17.11 8.29 50.1 18.46 81.15 68.85 -30.18 -4.39
34.09 -14.25 4.85 46.58 17.87 75.88 68.85 -30.18 -4.39
34.17 -12.12 1.65 43.36 17.87 71.48 68.85 -30.47 -4.39
33.99 -10.2 0.5 42.77 16.99 68.26 68.85 -30.47 -4.39
33.55 -7.33 0.11 42.77 13.18 65.92 68.55 -31.93 -4.69
32.69 -4.03 -0.28 42.77 9.67 62.11 68.85 -31.93 -4.39
31.33 -0.3 -0.39 42.77 5.27 58.3 68.85 -31.93 -4.69
25.93 7.17 9.8 55.66 -9.96 55.08 68.85 -33.4 -5.27
29.6 -1.24 11.88 55.96 -2.64 68.85 68.85 -33.4 -8.2
32.11 -10.95 11.82 55.96 12.89 75.88 68.85 -33.4 -8.2
32.15 -12.54 12.01 55.96 15.53 77.05 68.85 -33.4 -8.5
32.27 -14.97 12.04 55.96 20.51 77.64 68.85 -33.4 -8.2
32.22 -16.32 12.09 55.96 23.73 77.64 68.85 -32.52 -8.2
32.91 -18.48 8.89 50.98 28.71 77.64 68.55 -31.05 -8.2
32.95 -18.38 8.66 50.68 28.71 77.34 68.55 -29.88 -8.2
33.4 -16.88 6.01 47.46 28.12 75.0 68.85 -29.88 -8.5
33.79 -13.98 2.49 44.53 26.37 70.02 68.85 -30.18 -8.2
33.57 -10.31 0.69 44.24 23.44 64.75 68.85 -31.64 -8.2
33.13 -7.5 0.64 44.24 18.46 63.57 68.85 -33.11 -8.2
32.64 -5.4 0.79 44.24 14.65 62.7 68.85 -33.4 -8.2
31.73 -2.42 0.89 44.24 9.96 60.64 68.85 -33.4 -8.2
30.32 1.19 0.62 44.24 5.27 56.84 68.55 -33.4 -8.2
26.92 6.89 1.29 44.24 -2.93 50.98 68.85 -33.4 -8.2
25.8 8.14 4.49 48.34 -6.45 50.98 68.85 -33.4 -8.2
25.9 7.24 7.95 53.03 -7.32 53.91 68.85 -33.4 -8.2
26.6 5.39 10.48 56.25 -7.03 58.01 68.55 -33.4 -8.2
27.23 3.53 12.14 58.3 -5.86 61.23 68.55 -33.11 -8.2
30.66 -9.73 15.52 61.82 10.84 75.0 68.85 -31.64 -8.2
32.82 -12.13 9.43 52.73 16.7 75.0 68.85 -32.23 -8.2
33.16 -12.25 7.68 50.1 16.99 75.0 68.85 -32.23 -8.2
33.45 -10.83 4.44 46.29 16.99 72.07 68.85 -32.23 -8.2
33.37 -9.34 2.83 44.53 15.82 70.02 68.85 -32.23 -8.2
33.06 -7.5 2.68 44.53 13.18 68.55 68.85 -32.52 -8.2
32.55 -5.3 2.7 44.53 9.67 67.09 68.85 -33.11 -8.2
31.52 -2.14 2.78 44.53 5.27 64.45 68.85 -33.4 -8.5
30.69 0.08 2.61 44.53 2.64 61.82 68.85 -33.69 -8.2
29.51 2.61 2.31 44.53 0.29 58.3 68.85 -33.98 -8.2
28.14 4.98 2.48 44.53 -2.93 55.66 68.85 -34.28 -8.2
26.9 6.91 2.24 46.0 -2.93 50.98 68.85 -33.98 -8.2
29.69 2.37 1.89 46.58 4.39 55.08 68.85 -33.98 -8.2
32.02 -3.43 3.4 48.34 11.72 61.23 68.85 -33.98 -8.2
33.53 -10.74 4.28 48.93 22.85 66.5 68.85 -34.57 -8.2
33.74 -17.01 4.09 48.93 36.62 66.5 68.85 -34.86 -8.2
39.35 -10.7 9.47 86.13 8.2 55.96 24.02 -46.29 -8.2
38.65 -5.76 9.24 86.13 1.46 55.66 24.02 -50.68 -7.91
37.05 -0.25 9.18 86.13 -5.86 54.79 24.02 -50.68 -8.2
34.65 5.26 9.02 86.13 -13.48 53.03 24.02 -50.68 -8.2
32.26 9.31 8.84 86.13 -19.34 51.27 24.02 -50.68 -8.2
32.93 9.46 2.23 79.1 -17.29 41.89 24.02 -50.39 -8.2
35.9 4.25 -0.41 76.17 -9.38 41.6 24.02 -48.93 -7.91
37.71 -0.09 0.21 76.17 -3.81 45.41 24.32 -46.88 -7.91
39.33 -5.99 0.86 76.17 3.81 48.93 24.61 -43.36 -8.2
39.87 -8.89 0.48 76.17 7.62 48.93 24.32 -46.0 -8.2
40.14 -11.85 0.72 76.17 11.72 48.93 24.61 -42.19 -8.2
40.12 -12.16 1.26 76.17 12.01 48.93 24.61 -32.23 -8.2
40.1 -12.0 1.45 76.17 11.72 48.93 24.61 -28.71 -8.2
39.71 -8.72 1.82 76.17 7.32 48.93 24.9 -25.49 -8.2
38.76 -4.94 3.02 76.17 2.93 48.93 26.95 -21.39 -8.2
37.3 -0.83 4.15 76.17 -2.05 48.93 29.0 -21.09 -8.2
36.15 1.93 4.66 76.17 -6.15 48.93 29.3 -18.46 -8.2
34.77 3.99 5.67 75.59 -8.2 48.93 32.23 -17.87 -8.2
34.03 3.86 3.64 68.55 -4.98 48.93 39.84 -20.21 -8.2
33.36 2.3 2.02 61.23 1.46 48.93 49.51 -20.21 -8.2
33.59 0.79 0.46 58.01 5.27 48.93 52.15 -19.92 -8.2
33.23 0.28 -0.07 55.66 7.62 48.93 55.37 -19.92 -8.2
32.28 2.07 0.99 55.96 4.69 49.51 56.54 -26.07 -8.2
31.95 2.36 4.79 59.18 1.17 53.61 56.54 -26.66 -8.2
31.21 2.56 8.75 64.16 -0.59 55.08 56.54 -23.73 -8.2
29.03 4.53 2.12 50.68 0.59 55.96 56.54 -30.18 -20.8
26.2 8.75 2.67 53.61 -3.52 49.51 56.54 -32.23 -20.8
27.72 6.29 5.82 55.96 -3.52 56.25 56.54 -32.81 -20.51
28.85 4.19 6.54 55.96 -1.76 59.77 56.84 -32.81 -20.51
29.97 1.43 8.68 58.59 0.59 63.87 56.54 -32.52 -20.51
30.0 -1.51 13.03 65.62 5.27 65.92 56.54 -31.93 -20.8
31.66 -5.88 12.37 65.62 14.36 66.21 56.54 -31.93 -20.8
32.28 -8.3 12.09 65.62 19.34 66.21 56.54 -31.93 -20.8
32.76 -10.72 11.88 65.62 24.02 66.21 56.54 -31.93 -20.51
33.05 -15.02 11.75 65.62 32.52 66.21 56.54 -31.93 -20.51
32.74 -19.33 11.92 65.62 41.02 66.21 56.54 -31.64 -20.51
34.65 -15.38 1.5 51.86 33.69 66.21 56.54 -38.96 -20.51
34.61 -12.75 0.99 51.27 28.71 66.21 56.54 -40.14 -20.51
34.19 -7.99 0.87 51.56 19.92 66.21 56.54 -46.0 -20.51
33.55 -5.15 1.19 51.27 14.36 66.21 56.54 -46.0 -20.51
32.9 -2.94 1.64 51.27 9.96 66.21 56.54 -46.58 -20.51
31.84 -0.07 2.36 51.27 4.1 66.21 56.54 -47.75 -20.51
31.11 1.59 2.74 51.27 0.88 65.92 56.54 -48.63 -20.51
29.71 4.32 2.88 50.98 -3.52 64.16 56.54 -49.8 -20.51
28.9 5.69 2.59 49.8 -6.15 63.57 56.54 -50.1 -20.51
28.4 6.43 3.1 49.8 -8.2 63.87 56.54 -50.39 -20.51
27.97 6.99 3.5 49.8 -9.67 63.87 56.54 -50.1 -20.51
27.36 7.8 3.98 49.8 -11.72 63.87 56.54 -50.39 -20.51
26.76 8.34 5.16 50.98 -13.18 63.87 56.84 -50.39 -20.51
26.12 8.78 7.41 54.79 -14.36 63.87 56.54 -50.39 -20.51
26.46 6.21 12.68 62.7 -13.18 69.14 56.84 -50.39 -20.51
28.31 4.46 10.68 59.77 -10.25 70.61 56.54 -50.39 -20.51
29.13 3.16 10.53 60.94 -6.15 69.73 56.54 -50.39 -20.51
30.55 2.28 5.75 54.2 -3.22 68.85 56.54 -50.39 -20.51
31.04 1.4 5.36 54.2 -1.17 68.85 56.54 -50.68 -20.51
30.78 -0.03 10.3 62.11 0.88 70.02 56.54 -50.68 -20.51
30.11 -1.9 14.78 69.14 3.52 71.48 56.54 -50.39 -20.51
29.92 -0.95 14.25 67.97 1.46 71.48 56.54 -50.39 -20.51
30.81 0.22 9.68 60.94 0.29 70.02 56.54 -50.39 -20.51
31.05 1.1 6.43 56.54 0.29 67.97 56.54 -50.39 -20.51
31.03 1.9 2.87 52.44 1.46 64.75 56.54 -50.39 -20.51
30.92 2.22 1.83 51.56 2.05 63.28 56.54 -50.39 -20.51
30.7 2.78 0.9 51.27 2.64 60.94 56.54 -50.39 -20.21
30.26 3.52 1.08 51.27 1.46 60.64 56.54 -50.39 -20.51
29.95 3.98 1.68 51.56 0.29 60.64 56.54 -48.93 -20.51
29.58 4.22 4.18 54.79 -0.59 60.64 56.54 -46.0 -20.51
29.62 3.78 5.17 56.25 0.29 60.64 56.54 -43.95 -20.8
29.82 2.33 6.68 56.54 1.46 60.64 56.54 -30.76 -20.8
30.53 0.31 7.03 56.54 4.69 60.06 56.54 -21.09 -20.8
26.22 2.65 3.3 48.63 9.38 57.42 56.54 -24.02 -38.38
25.06 2.58 2.63 47.46 12.01 57.42 56.54 -25.2 -43.65
25.25 3.05 1.33 47.46 12.3 57.71 56.54 -30.76 -43.07
26.01 1.49 3.35 47.75 11.43 62.7 56.54 -30.47 -43.07
25.85 1.12 6.33 51.27 9.67 65.33 56.54 -30.76 -43.07
24.46 -0.57 13.9 63.57 10.25 68.85 56.54 -30.47 -43.07
26.27 0.2 7.48 53.32 10.25 68.85 56.54 -35.16 -43.36
26.86 0.15 4.54 49.22 11.43 68.55 56.54 -36.91 -43.36
26.55 1.08 0.85 44.24 12.01 65.92 56.84 -37.5 -43.36
26.57 1.16 0.17 43.65 12.3 65.33 56.54 -37.5 -43.36
26.88 0.07 4.37 50.1 13.48 65.92 56.54 -34.57 -43.07
26.6 -0.78 8.35 55.96 13.48 67.97 56.54 -34.28 -43.07
26.24 -0.95 9.83 58.3 13.48 68.55 56.54 -34.28 -43.36
25.89 -2.73 13.51 65.62 17.29 70.02 56.54 -36.04 -43.36
26.34 -4.15 13.55 65.62 20.51 70.02 56.54 -34.57 -43.36
27.74 -5.37 10.86 61.23 23.44 70.02 56.54 -34.57 -43.07
28.73 -5.25 8.68 57.42 21.97 70.02 56.54 -34.86 -41.02
29.92 -5.53 6.16 53.61 21.09 70.02 56.54 -35.74 -38.09
30.12 -5.13 4.68 51.27 19.92 70.02 56.54 -36.33 -37.5
31.76 -5.95 1.7 47.75 18.46 70.02 56.54 -38.38 -31.35
31.9 -5.13 1.36 47.46 15.82 70.02 56.54 -39.84 -29.59
32.54 -5.21 1.04 47.75 14.36 70.02 56.54 -41.89 -26.37
32.28 -5.3 5.44 54.2 14.36 70.02 56.54 -40.72 -26.37
31.95 -4.33 6.45 55.96 12.6 70.02 56.54 -42.77 -26.37
32.66 -3.69 4.8 55.66 10.25 70.02 53.03 -44.24 -26.37
34.21 -3.05 3.06 58.89 6.45 69.73 43.65 -44.53 -26.37
35.16 -2.32 4.38 65.92 2.93 69.73 35.16 -44.24 -26.37
34.88 -2.35 7.52 70.61 2.64 70.02 34.57 -43.95 -26.37
34.35 -3.04 11.13 75.29 2.93 71.48 34.57 -43.65 -26.37
34.32 -2.92 11.13 75.29 2.64 71.78 34.57 -44.24 -26.37
33.9 -3.15 12.71 77.05 2.64 71.78 34.57 -41.6 -26.37
33.44 -1.94 12.8 77.05 0.88 70.9 34.57 -40.14 -26.37
33.2 -0.07 11.11 75.0 -1.17 68.85 34.57 -39.84 -26.37
33.15 2.63 4.44 66.21 -3.22 63.87 34.86 -38.96 -26.07
33.22 2.75 1.08 61.82 -2.64 62.99 34.86 -40.14 -26.37
33.95 1.15 -0.11 60.94 0.29 62.99 34.86 -41.31 -26.37
35.12 -1.82 -1.0 60.94 5.27 62.99 34.57 -42.19 -26.37
35.64 -3.41 -1.53 60.94 7.91 63.28 34.57 -44.24 -26.37
36.29 -5.84 -1.28 60.94 10.84 65.33 34.57 -44.53 -26.37
36.78 -8.16 0.83 62.4 12.6 69.43 34.86 -44.82 -26.37
36.74 -9.71 5.91 67.97 12.89 73.54 34.86 -44.82 -26.37
36.66 -11.75 8.05 70.61 15.53 74.71 34.86 -44.82 -26.37
36.47 -16.96 9.59 72.95 24.02 74.41 34.86 -45.12 -26.37
36.45 -18.69 9.3 72.66 26.66 74.41 34.57 -45.12 -26.37
36.95 -19.02 5.52 68.55 29.0 70.9 34.86 -45.12 -26.37
37.34 -16.85 1.77 64.75 26.95 67.97 34.86 -45.41 -26.37
37.41 -14.0 0.75 64.45 23.44 65.62 34.57 -45.12 -26.37
37.08 -10.0 0.23 64.45 18.46 63.28 34.86 -45.41 -26.37
36.36 -5.9 0.25 64.45 12.6 62.11 34.86 -45.12 -26.37
35.39 -2.27 0.23 64.45 7.32 61.23 34.86 -46.29 -26.37
33.9 1.63 0.55 64.45 1.46 60.06 34.86 -46.29 -26.37
32.37 4.5 1.59 64.45 -3.22 60.06 35.74 -46.29 -26.37
30.94 5.3 4.29 64.45 -3.81 60.94 41.02 -46.29 -26.37
30.31 5.59 7.6 68.26 -5.86 63.28 41.02 -46.29 -26.37
30.22 3.9 11.95 74.12 -4.69 66.5 41.02 -46.29 -26.37
32.06 -1.96 -0.53 55.08 17.87 55.96 54.49 -44.53 -26.37
32.99 -4.37 -1.28 52.73 19.34 61.23 54.49 -50.1 -26.37
33.39 -5.71 1.9 54.79 18.46 66.21 54.49 -50.1 -26.37
34.48 -6.3 0.15 55.66 17.29 65.92 48.93 -50.1 -26.37
36.93 -7.05 -0.01 65.04 12.6 65.33 33.11 -50.1 -26.37
38.07 -6.45 1.2 73.24 7.91 65.33 21.97 -50.1 -26.37
38.35 -8.16 3.93 76.17 9.08 68.85 21.39 -50.1 -26.37
38.75 -12.0 7.26 81.74 12.6 72.07 18.16 -50.39 -26.37
38.88 -15.92 7.18 82.03 18.16 72.07 18.16 -52.15 -26.37
38.61 -20.11 7.08 82.03 24.02 72.07 18.16 -53.03 -26.37
38.8 -20.32 5.26 79.69 24.32 72.07 18.16 -53.32 -26.37
38.5 -9.01 -3.09 65.92 7.32 72.07 18.16 -39.84 -26.37
37.88 -5.54 -2.82 65.92 2.34 72.07 18.16 -39.84 -26.37
37.33 -3.22 -2.32 65.92 -1.46 73.24 18.16 -39.84 -26.37
36.39 -0.03 -1.23 66.8 -6.45 73.54 18.16 -39.84 -26.07
35.16 2.91 2.99 72.07 -10.84 73.54 18.16 -40.14 -26.37
34.19 4.9 3.29 72.36 -13.77 73.54 18.16 -41.6 -26.37
32.13 6.63 10.71 83.2 -16.7 73.54 18.16 -41.6 -26.07
32.79 4.75 12.13 85.55 -13.48 73.54 18.16 -41.89 -26.37
33.22 2.15 13.8 85.55 -9.67 75.29 21.39 -42.19 -26.37
34.79 -5.67 15.75 85.55 2.34 77.34 25.78 -43.36 -26.37
35.49 -8.89 15.61 85.55 7.32 77.34 25.78 -43.95 -26.37
36.48 -11.8 13.65 82.91 11.72 77.34 25.78 -44.24 -26.37
37.56 -13.89 9.85 77.93 14.94 77.34 25.78 -45.12 -26.37
38.37 -14.01 3.62 70.31 16.11 75.0 25.78 -45.12 -26.37
38.23 -12.17 -1.98 63.57 14.36 72.66 25.78 -45.12 -26.37
35.93 -4.76 -2.07 60.06 7.62 70.02 30.18 -45.12 -30.76
34.83 -2.66 0.36 60.06 5.27 70.02 34.57 -44.53 -30.76
32.41 -0.36 4.96 60.06 2.93 70.61 43.65 -44.53 -30.76
30.23 1.84 6.27 60.06 2.93 66.8 48.93 -44.53 -31.35
30.14 2.86 1.39 56.54 6.15 59.77 48.93 -44.82 -31.35
30.18 2.75 -0.17 55.66 7.91 57.42 48.93 -44.53 -31.35
28.63 3.47 1.88 55.66 8.79 57.42 54.49 -44.82 -31.93
28.71 2.76 5.71 60.94 8.79 59.47 54.49 -44.82 -31.93
28.26 1.38 11.01 67.38 8.5 63.57 54.49 -44.53 -31.93
27.09 -0.03 15.85 74.12 9.08 66.8 54.49 -44.82 -32.23
27.97 3.13 7.65 64.45 8.79 59.18 54.49 -44.82 -33.11
27.67 4.63 3.38 60.35 9.08 54.2 54.49 -44.82 -33.11
27.52 5.02 1.04 58.3 9.96 51.56 54.49 -44.82 -33.11
29.35 1.86 2.51 58.01 12.6 58.01 54.49 -46.58 -33.11
30.43 -0.71 4.04 58.3 14.65 62.7 54.49 -46.88 -33.11
31.18 -3.42 6.29 60.64 17.87 65.92 54.49 -46.88 -33.11
31.94 -6.12 6.42 60.64 22.27 67.38 54.49 -46.88 -33.11
32.46 -9.27 7.11 60.64 26.66 70.02 54.49 -46.88 -33.11
32.7 -11.55 7.44 60.64 30.18 71.48 54.49 -47.17 -33.11
32.68 -14.33 8.4 60.64 33.69 74.41 54.49 -47.46 -33.11
32.89 -16.44 7.11 58.59 37.79 74.71 54.49 -47.75 -33.11
33.26 -18.12 3.84 53.61 40.43 75.88 54.49 -50.1 -33.11
33.34 -17.97 2.13 50.98 40.14 75.88 54.49 -49.8 -33.11
33.38 -16.49 0.25 48.34 37.5 75.29 54.49 -48.93 -33.11
33.31 -13.73 -0.26 47.46 32.23 74.71 54.49 -47.46 -33.11
33.22 -11.07 -0.09 47.46 26.37 74.71 54.49 -47.46 -32.52
32.91 -8.81 0.19 47.46 21.68 74.71 54.49 -47.46 -32.52
32.32 -5.71 0.61 47.46 15.23 74.41 54.49 -47.75 -32.23
31.46 -2.73 1.33 47.46 8.79 74.12 54.49 -47.75 -31.93
30.39 0.15 1.5 47.46 4.1 72.07 54.49 -48.05 -31.64
28.83 3.44 1.55 47.46 -0.59 68.85 54.49 -48.63 -31.35
26.14 7.22 5.14 53.32 -6.15 64.75 54.49 -48.63 -31.35
27.48 2.22 12.74 64.75 -1.46 72.66 54.49 -48.63 -31.35
23.99 4.26 17.52 75.0 -2.93 69.14 54.49 -48.05 -31.64
24.23 4.95 16.24 74.71 -1.46 65.92 54.49 -48.05 -31.64
25.44 4.75 13.93 73.54 2.64 62.11 54.49 -48.05 -31.93
27.01 3.35 12.17 70.9 5.86 62.11 54.49 -48.05 -31.93
28.15 2.2 10.66 70.31 9.96 60.06 54.49 -48.05 -31.93
29.48 0.73 8.34 67.38 13.48 59.47 54.49 -48.05 -31.93
30.47 -1.09 7.64 66.8 16.99 59.47 54.49 -48.05 -31.64
31.63 -3.08 4.48 62.7 21.09 59.47 54.49 -48.93 -31.93
32.34 -5.04 0.27 56.25 24.61 59.47 54.49 -47.46 -31.64
28.23 -0.93 1.1 38.09 9.08 71.78 67.38 -45.12 -30.47
27.2 -0.61 1.2 33.98 7.03 73.24 71.19 -45.12 -30.47
25.92 0.07 4.6 36.91 5.27 73.24 74.41 -45.12 -30.47
24.26 2.13 7.96 40.43 -2.64 73.24 74.41 -46.58 -30.47
24.72 0.73 10.04 50.1 7.91 70.9 74.41 -48.05 -30.47
23.73 1.81 12.06 65.62 19.04 60.06 74.41 -50.39 -30.76
23.42 2.4 11.02 75.29 26.95 50.39 74.41 -51.56 -33.69
22.31 0.79 15.28 80.27 28.71 53.91 74.41 -49.22 -33.98
35.31 -5.54 18.18 111.33 3.52 51.56 1.46 -48.93 -31.64
37.26 -7.73 15.29 108.4 3.52 51.27 -2.93 -45.12 -29.59
37.49 -8.1 15.0 109.86 2.93 51.86 -5.57 -47.75 -29.59
36.69 -9.03 17.84 118.65 0.29 50.1 -14.06 -48.93 -29.59
36.94 -9.03 17.19 117.77 0.29 50.1 -14.06 -48.93 -29.59
36.88 -9.02 17.36 118.07 0.29 50.1 -14.06 -49.22 -29.59
36.96 -9.02 17.14 117.77 0.29 50.1 -14.06 -49.22 -29.59
36.94 -9.03 17.19 117.77 0.29 50.1 -14.06 -48.93 -29.59
36.76 -7.71 17.1 117.77 -1.46 50.1 -14.06 -48.93 -29.59
36.68 -6.6 16.69 117.77 -2.93 50.1 -14.06 -50.68 -29.59
36.49 -5.29 16.4 117.77 -4.69 50.1 -14.06 -51.56 -29.59
36.39 -4.43 16.2 116.6 -5.86 50.1 -14.06 -47.46 -29.59
36.59 -3.75 15.1 115.14 -6.74 50.39 -14.06 -47.46 -29.59
36.12 -2.2 15.14 115.14 -8.79 50.98 -14.06 -46.58 -29.59
35.92 -1.57 15.1 115.14 -9.67 50.98 -14.06 -46.29 -29.59
35.67 -0.72 14.98 115.14 -10.84 50.98 -14.06 -46.29 -29.59
35.23 0.57 14.82 115.14 -12.6 51.27 -14.06 -46.29 -29.59
35.21 0.35 15.2 115.14 -12.3 51.56 -14.06 -44.53 -29.59
34.93 0.45 16.03 115.14 -12.6 51.56 -14.06 -39.84 -29.59
34.93 0.71 15.67 115.14 -12.89 51.56 -14.06 -41.6 -29.59
35.06 0.22 15.91 114.84 -12.3 51.56 -14.06 -39.55 -29.59
35.76 -0.8 15.12 112.5 -11.13 51.56 -14.06 -35.45 -29.59
35.71 -1.2 15.78 112.5 -10.84 51.56 -14.06 -31.93 -29.59
36.95 -2.02 13.43 109.57 -10.84 51.56 -14.06 -32.23 -26.95
38.3 -3.94 11.87 108.69 -10.84 51.56 -14.06 -35.16 -20.8
38.81 -5.06 11.6 108.69 -11.13 51.56 -14.06 -34.86 -16.99
38.79 -4.77 11.36 108.69 -11.43 51.56 -14.06 -36.91 -16.99
39.13 -6.3 11.34 108.69 -9.38 51.56 -14.06 -38.09 -16.99
40.24 -7.37 5.61 101.66 -7.91 51.56 -14.06 -40.72 -16.99
39.97 -5.06 2.52 97.56 -10.84 51.56 -14.06 -38.96 -17.29
39.58 -3.42 2.54 97.56 -13.18 51.56 -14.06 -38.09 -16.99
39.35 -2.59 2.76 97.56 -14.36 51.56 -14.06 -35.74 -16.99
38.66 -0.75 5.27 97.56 -14.36 51.56 -8.5 -34.28 -16.99
38.45 -0.27 5.69 97.56 -14.65 51.56 -7.62 -33.69 -16.99
37.57 -0.03 10.58 103.71 -14.94 51.56 -7.62 -31.35 -17.29
37.47 -0.84 12.23 105.18 -13.48 51.56 -6.45 -31.05 -16.99
36.76 -0.99 14.7 106.35 -12.01 51.56 -3.22 -28.42 -16.99
36.13 0.63 14.8 106.35 -14.36 51.56 -3.22 -25.78 -16.99
35.85 1.83 14.37 106.35 -16.41 51.56 -3.22 -27.25 -15.82
36.64 0.96 13.69 106.35 -17.29 51.56 -3.22 -28.42 -10.84
37.66 1.22 8.92 100.49 -17.29 51.56 -3.22 -35.45 -11.13
37.64 2.41 5.72 96.39 -19.04 51.56 -3.22 -36.04 -10.84
37.34 3.58 2.41 91.99 -20.51 51.56 -3.22 -36.62 -11.13
36.46 5.44 0.93 89.94 -23.14 51.56 -3.22 -36.04 -11.13
35.6 6.86 1.24 89.94 -24.02 51.56 -3.22 -35.74 -13.77
35.09 7.59 1.22 89.65 -24.32 51.56 -3.22 -35.74 -15.53
34.77 8.25 2.58 89.65 -24.9 51.56 1.17 -38.09 -12.01
34.64 8.21 4.78 91.99 -24.32 51.56 2.93 -39.84 -11.43
33.86 9.31 5.81 93.75 -26.07 51.56 2.93 -41.6 -11.13
33.48 9.9 5.72 93.75 -26.95 51.56 2.93 -42.48 -11.13
33.75 9.69 5.65 93.75 -27.83 51.56 2.93 -41.31 -8.5
32.86 10.49 7.32 93.75 -27.54 51.56 6.74 -40.14 -8.5
33.11 9.91 7.93 93.75 -26.37 51.56 7.91 -38.09 -8.2
33.53 8.94 8.74 94.04 -24.32 51.56 9.08 -36.91 -8.5
33.74 8.05 10.42 96.39 -23.14 51.56 9.08 -35.74 -8.2
34.19 7.15 10.73 96.68 -21.68 51.56 9.08 -35.16 -8.5
33.46 6.51 14.47 101.95 -20.8 51.56 9.08 -33.11 -8.5
33.42 6.3 14.92 102.54 -20.51 51.56 9.08 -32.52 -8.5
33.42 6.31 14.9 102.54 -20.51 51.56 9.08 -32.81 -8.5
33.42 6.31 14.9 102.54 -20.51 51.56 9.08 -32.81 -8.5
33.95 6.32 13.29 100.2 -20.51 51.56 9.08 -33.4 -8.5
34.57 5.71 12.35 98.73 -19.63 51.56 9.08 -33.11 -8.5
35.25 5.31 10.51 96.09 -19.04 51.56 9.08 -33.69 -8.5
35.74 5.53 7.35 91.7 -19.34 51.56 9.08 -34.57 -8.5
35.5 6.36 5.83 89.65 -20.51 51.56 9.08 -35.74 -8.5
34.47 8.17 5.74 89.65 -23.14 51.56 9.08 -37.5 -8.5
33.49 9.72 5.71 89.65 -25.49 51.56 9.08 -38.09 -8.5
32.71 10.85 5.71 89.65 -27.25 51.56 9.08 -38.09 -8.5
32.32 11.4 5.72 89.65 -28.12 51.56 9.08 -38.09 -8.5
32.04 11.77 5.72 89.65 -28.71 51.56 9.08 -38.09 -8.5
31.76 12.14 5.72 89.65 -29.3 51.56 9.08 -38.09 -8.5
31.63 12.32 5.72 89.65 -29.59 51.56 9.08 -38.09 -8.5
32.04 11.77 5.72 89.65 -28.71 51.56 9.08 -38.09 -8.5
32.45 11.22 5.72 89.65 -27.83 51.56 9.08 -38.09 -8.5
32.85 10.66 5.71 89.65 -26.95 51.56 9.08 -38.09 -8.5
32.7 10.44 7.76 92.58 -26.66 51.56 9.08 -36.04 -8.5
32.56 10.44 8.53 93.75 -26.66 51.56 9.08 -36.04 -8.5
32.0 10.6 10.52 96.68 -26.95 51.56 9.08 -34.28 -8.5
30.97 10.55 14.04 101.95 -26.95 51.56 9.08 -31.35 -8.5
30.83 10.53 14.44 102.54 -26.95 51.56 9.08 -30.76 -8.5
30.74 10.31 15.11 103.42 -26.66 51.56 9.08 -29.0 -8.5
30.35 10.48 15.44 103.71 -26.07 51.56 9.08 -29.88 -10.55
30.85 9.73 15.56 103.71 -24.9 51.56 9.08 -29.88 -10.55
35.14 3.7 12.85 98.44 -14.65 51.56 9.08 -32.23 -13.48
37.67 -2.0 11.84 96.68 -6.74 51.56 9.08 -32.52 -13.48
