38.59 -15.4 5.97 89.94 33.69 13.48 -4.1 4.39 -68.55
38.72 -14.44 7.17 95.8 32.52 13.18 -4.1 -3.22 -67.38
38.41 -13.1 8.27 97.27 30.76 13.48 -4.1 -3.22 -67.97
38.1 -10.45 9.25 98.73 26.95 13.48 -3.81 -3.22 -67.97
38.08 -9.0 9.01 98.73 24.61 13.48 -4.1 -3.81 -67.97
38.01 -8.23 9.0 98.73 23.44 13.48 -4.1 -3.81 -67.97
38.16 -7.35 8.39 98.73 21.97 13.18 -4.1 -5.27 -67.38
37.68 -6.22 8.86 98.73 20.51 13.48 -4.1 -4.1 -68.26
37.64 -5.74 8.95 98.73 19.63 13.48 -4.1 -3.81 -67.97
37.6 -5.01 8.95 98.73 18.46 13.48 -3.81 -3.81 -67.38
37.48 -4.17 8.8 98.73 16.99 13.48 -4.1 -4.1 -67.38
37.39 -3.48 8.78 98.73 15.82 13.48 -4.1 -4.1 -67.09
37.01 -2.33 8.65 98.73 14.36 13.48 -3.81 -4.39 -67.38
36.65 -1.04 8.51 98.44 12.3 13.48 -3.81 -4.1 -67.38
36.23 -0.37 8.75 98.73 11.43 13.48 -3.81 -3.81 -67.97
35.99 0.9 8.69 98.73 9.08 13.48 -3.81 -3.81 -67.09
35.6 1.72 8.82 98.73 7.62 13.48 -4.1 -3.22 -67.38
35.01 2.97 8.44 98.73 5.86 13.48 -4.1 -4.1 -67.97
34.13 4.29 8.35 98.73 4.1 13.48 -3.81 -4.1 -68.85
34.05 5.21 8.22 98.44 2.05 13.48 -3.81 -3.81 -67.38
33.41 5.67 9.27 98.44 0.88 13.48 -4.1 -0.59 -67.97
33.32 5.81 9.82 98.73 0.29 13.48 -4.1 0.59 -67.38
32.66 6.1 10.87 98.73 -0.59 13.48 -4.1 3.81 -67.97
32.35 6.54 11.02 98.73 -1.46 13.48 -4.1 4.39 -67.97
32.0 6.9 11.37 98.73 -2.34 13.48 -4.1 5.57 -67.97
31.57 6.61 12.89 98.73 -2.93 13.18 -4.1 10.55 -67.97
31.79 5.08 14.71 98.73 -1.76 13.48 -3.81 15.82 -67.38
33.58 0.4 15.78 98.73 5.27 13.48 -4.1 18.46 -67.38
34.32 -1.93 15.6 98.44 9.67 13.48 -3.81 17.87 -67.97
34.52 -2.65 15.63 98.44 10.84 13.48 -3.81 17.87 -67.97
35.7 -4.95 14.39 98.44 15.53 13.48 -4.1 13.48 -67.97
36.24 -5.84 13.43 98.44 17.87 13.48 -3.81 10.25 -67.97
36.78 -6.34 12.86 98.44 18.46 13.18 -4.1 8.79 -67.09
36.5 -6.3 13.06 98.73 18.75 13.48 -4.1 8.5 -67.97
37.38 -7.59 13.35 98.73 19.04 13.48 -4.1 9.67 -64.45
38.1 -8.85 13.83 98.73 19.04 13.48 -4.1 11.72 -60.94
38.73 -10.16 14.52 98.73 18.75 13.48 -3.81 14.94 -56.84
38.96 -10.58 14.65 98.73 18.46 13.48 -4.1 15.82 -55.66
39.1 -10.98 14.48 98.73 19.04 13.18 -4.1 15.53 -55.37
39.7 -11.96 14.38 98.73 19.04 13.48 -4.1 15.82 -52.44
39.84 -11.96 14.08 98.73 19.34 13.48 -3.81 14.65 -52.15
40.07 -12.44 13.52 98.73 20.21 13.48 -4.1 12.6 -52.15
40.71 -13.8 13.11 99.02 21.09 13.48 -3.81 11.13 -48.93
41.17 -14.34 12.06 99.02 21.97 13.48 -3.81 7.32 -48.05
40.89 -15.46 12.85 100.49 23.44 13.48 -4.1 6.45 -48.05
40.43 -16.48 13.85 102.54 25.2 13.48 -4.1 4.69 -48.34
40.07 -16.86 14.8 104.88 26.07 13.48 -3.81 2.05 -48.05
39.22 -16.69 16.92 109.28 26.07 13.48 -4.1 -1.46 -48.34
39.13 -15.56 17.37 110.45 24.61 13.48 -4.1 -2.93 -48.34
38.35 -15.33 19.07 111.62 24.02 13.48 -4.1 0.59 -48.34
38.34 -15.26 18.94 111.62 24.32 13.48 -3.81 0.0 -48.63
38.52 -15.87 18.41 111.33 25.2 13.48 -4.1 -1.17 -48.93
39.18 -15.25 17.03 109.57 24.61 13.48 -3.81 -2.05 -48.93
39.94 -15.2 15.18 107.23 24.61 13.48 -3.81 -2.93 -48.93
40.06 -15.38 14.9 106.64 24.61 13.48 -4.1 -2.34 -48.93
40.55 -15.1 13.33 104.59 24.61 13.48 -3.81 -2.93 -49.22
40.82 -15.67 12.51 103.12 25.2 13.48 -3.81 -2.05 -48.93
41.23 -16.08 11.05 100.78 25.49 13.48 -4.1 -1.17 -48.93
41.17 -16.1 10.99 100.2 25.78 13.48 -3.81 0.0 -49.22
41.49 -15.81 10.0 98.73 25.2 13.48 -3.81 0.29 -48.93
41.72 -15.77 8.99 97.56 25.2 13.18 -3.81 0.0 -48.93
41.96 -15.92 7.89 96.09 25.2 13.48 -4.1 -0.29 -48.93
42.16 -16.13 6.6 94.34 25.49 13.48 -4.1 -0.29 -48.93
42.31 -15.79 5.63 92.87 25.2 13.18 -3.81 0.29 -48.93
42.44 -14.67 5.39 92.58 23.44 13.18 -4.1 0.29 -48.93
42.48 -14.01 5.31 92.58 22.56 13.18 -4.1 0.0 -48.93
42.46 -13.25 5.42 92.58 21.68 13.48 -3.81 0.0 -48.93
42.44 -12.44 5.59 92.58 20.51 13.48 -3.81 0.59 -48.93
42.46 -11.98 5.43 92.58 19.92 13.18 -3.81 0.29 -48.93
42.43 -11.83 5.49 92.58 19.63 13.48 -4.1 0.29 -49.22
42.48 -11.72 5.47 92.58 19.34 13.48 -4.1 0.29 -48.93
42.5 -11.01 5.14 92.58 18.46 13.48 -4.1 -0.88 -48.93
42.6 -10.02 3.73 90.23 16.99 13.48 -4.1 0.29 -48.93
42.6 -9.51 3.53 89.06 16.11 13.48 -3.81 2.64 -48.63
42.61 -8.88 2.66 87.89 15.23 13.48 -3.81 2.64 -48.63
42.72 -8.66 -0.58 84.08 14.65 13.48 -4.39 1.46 -48.63
42.57 -8.32 -2.1 81.45 14.65 13.48 -3.52 2.64 -48.63
42.48 -8.46 -3.86 79.1 14.65 12.89 -3.81 3.22 -48.63
42.56 -8.68 -3.14 79.1 14.65 13.18 -3.81 5.57 -48.63
42.61 -8.75 -2.78 79.1 14.36 13.18 -4.1 7.03 -48.63
42.56 -8.16 -2.24 79.1 13.48 12.89 -3.81 9.08 -48.63
42.64 -8.52 -1.74 79.1 13.48 13.18 -4.1 10.84 -48.63
42.73 -8.97 -1.22 78.81 13.48 12.89 -4.1 14.06 -48.34
42.69 -9.25 0.05 79.1 13.48 13.18 -3.81 17.58 -48.63
42.71 -9.22 -0.13 78.81 13.18 13.18 -4.1 17.87 -48.63
42.67 -8.97 -1.51 77.05 12.89 13.18 -4.1 17.58 -48.63
42.67 -8.51 -1.4 77.05 12.01 13.18 -4.1 18.16 -48.34
42.58 -7.64 -1.46 77.05 10.84 13.18 -4.1 17.87 -48.34
42.45 -6.61 -1.42 77.05 9.38 13.18 -4.1 17.87 -48.34
42.21 -5.41 -1.48 77.05 7.91 13.18 -4.1 17.29 -48.63
42.2 -5.12 -1.44 77.05 7.32 13.18 -4.1 17.58 -48.34
42.0 -4.02 -1.17 77.05 5.57 13.18 -4.1 18.46 -48.34
41.94 -3.75 -0.94 77.05 4.98 13.18 -4.1 19.34 -48.34
41.79 -3.25 -0.57 77.05 4.1 13.18 -4.1 20.51 -48.63
41.8 -3.34 -0.14 77.05 3.81 13.18 -4.1 22.27 -48.63
41.73 -2.85 -0.31 76.76 2.93 13.18 -4.1 22.56 -48.34
40.89 -0.89 -5.01 72.95 2.05 13.18 -4.1 14.06 -48.63
40.4 0.31 -5.94 71.48 0.29 13.18 -4.1 14.06 -48.63
40.04 1.38 -5.71 71.48 -1.17 13.18 -3.81 14.36 -48.63
40.11 1.75 -4.4 72.95 -2.05 13.48 -3.81 15.23 -48.34
40.1 2.06 -3.65 74.12 -2.64 13.18 -4.1 15.23 -48.34
39.87 2.67 -3.05 74.71 -3.52 13.18 -4.1 15.53 -48.63
39.85 2.92 -2.22 75.88 -3.81 13.18 -3.81 15.53 -48.34
39.89 2.82 -1.54 76.76 -3.81 13.48 -4.1 15.53 -48.63
39.92 2.95 -0.34 78.52 -4.1 13.18 -4.1 15.82 -48.34
39.65 3.61 0.57 79.98 -4.98 13.18 -4.1 15.23 -48.34
39.39 4.19 1.01 80.57 -5.86 13.48 -4.1 14.94 -48.34
38.74 5.31 2.37 82.32 -7.32 13.48 -3.81 14.94 -48.63
38.61 5.71 2.2 82.32 -7.91 13.48 -3.81 14.36 -48.34
38.19 6.57 2.03 82.32 -9.08 13.18 -3.81 13.77 -48.34
37.7 7.41 2.05 82.32 -10.25 13.48 -3.81 13.18 -48.63
37.22 8.37 1.86 82.32 -11.72 13.18 -3.81 12.6 -48.34
36.81 9.09 1.52 82.32 -12.6 13.18 -3.81 11.13 -48.34
36.57 9.48 1.48 82.32 -13.18 13.18 -3.81 10.84 -48.34
36.54 9.55 1.33 82.32 -13.18 13.18 -3.81 10.25 -48.34
36.26 10.0 1.13 82.32 -13.77 13.18 -3.81 9.38 -48.34
36.24 10.03 1.05 82.32 -13.77 13.18 -3.81 9.08 -48.34
36.09 10.12 -0.57 80.27 -13.48 13.48 -3.81 7.32 -48.93
36.57 9.5 -1.35 79.39 -12.6 13.48 -3.81 7.03 -48.34
36.89 8.93 -2.08 78.22 -11.72 13.18 -3.81 7.62 -48.34
37.25 8.37 -1.96 78.22 -11.13 13.48 -4.1 8.2 -48.34
37.48 7.93 -1.96 78.22 -10.25 13.18 -3.81 8.5 -48.34
37.83 7.24 -2.78 77.05 -9.38 13.48 -4.1 8.5 -48.34
38.8 5.4 -2.2 77.05 -7.03 13.18 -4.1 11.72 -48.34
39.39 4.11 -2.02 77.05 -5.27 13.18 -4.1 12.89 -48.34
40.26 2.02 -1.5 77.64 -2.34 13.48 -4.1 13.77 -48.34
40.88 0.18 -0.12 78.22 -0.29 13.18 -3.81 18.16 -48.34
40.98 -0.36 -0.16 78.22 0.59 12.89 -4.1 18.16 -48.93
40.01 0.21 0.64 78.22 1.46 13.48 -3.81 17.58 -53.32
39.65 -0.07 2.02 79.98 2.64 13.48 -4.1 16.99 -55.66
39.28 -0.34 6.14 84.96 2.64 13.18 -3.81 19.63 -55.66
38.73 -0.93 9.8 89.36 2.64 13.18 -4.1 22.27 -55.66
38.24 -0.93 11.56 91.99 2.64 13.48 -4.1 21.97 -55.66
37.0 -0.16 12.14 92.29 2.93 13.18 -3.81 21.97 -59.47
36.22 0.21 12.2 92.29 3.52 13.18 -3.81 21.09 -62.4
37.42 -0.78 9.39 88.48 5.27 13.48 -4.1 19.63 -62.4
37.52 -0.63 8.49 87.3 5.57 13.77 -3.52 18.75 -62.4
38.02 0.29 3.88 82.03 4.98 13.18 -3.81 15.53 -62.4
38.91 -2.2 2.82 80.27 8.5 13.18 -4.1 16.41 -62.4
39.27 -3.2 2.36 80.27 9.96 12.89 -4.69 15.53 -62.4
39.46 -3.95 -0.52 76.46 11.72 13.48 -4.1 14.06 -62.4
39.79 -5.66 -2.45 74.12 14.36 13.48 -4.1 13.48 -62.11
39.82 -6.16 -2.43 74.12 15.23 13.18 -4.1 13.77 -62.4
40.04 -8.16 -2.17 74.12 18.46 13.48 -3.52 14.36 -62.4
40.16 -9.11 -1.47 74.12 19.34 13.18 -3.52 16.99 -62.4
40.36 -11.74 -1.49 74.12 22.85 13.48 -4.1 16.99 -62.4
40.38 -12.59 -2.04 74.12 24.61 13.18 -3.81 15.53 -62.11
40.31 -15.2 0.31 77.93 28.71 13.18 -4.1 14.36 -62.4
39.75 -18.06 4.26 83.2 33.11 13.48 -3.81 14.65 -62.4
39.94 -16.02 4.94 84.38 29.88 13.18 -4.1 14.65 -62.4
40.03 -14.33 4.95 84.38 27.54 13.18 -3.81 14.65 -62.4
39.89 -13.74 6.12 86.72 26.95 13.48 -3.81 12.89 -62.4
39.85 -13.7 6.44 87.3 26.95 13.48 -3.81 12.6 -62.4
39.55 -13.58 8.14 87.6 25.49 13.18 -4.1 17.87 -62.4
39.26 -12.21 9.02 87.3 22.85 13.18 -3.81 21.39 -62.7
38.78 -11.67 10.93 89.06 21.09 13.18 -4.1 24.02 -62.7
38.54 -10.73 11.91 90.23 19.34 13.18 -3.81 24.9 -62.11
37.94 -8.31 12.04 90.23 17.87 13.18 -0.88 24.32 -62.4
37.75 -7.25 12.0 90.23 16.7 13.18 -0.29 24.02 -62.4
37.48 -3.77 10.62 90.23 12.89 13.18 0.0 19.04 -62.4
37.33 -2.87 10.36 90.23 11.72 13.18 0.0 18.16 -62.4
37.0 -1.31 9.41 89.06 9.67 13.18 0.0 17.29 -62.99
37.3 -0.89 8.45 87.89 8.5 13.18 -0.59 16.99 -62.4
37.18 0.41 6.11 84.38 7.03 13.18 0.0 16.41 -62.7
36.89 1.61 4.49 81.45 4.98 13.18 0.0 16.99 -62.99
37.18 1.78 2.84 78.52 4.1 13.18 0.0 18.16 -62.11
37.19 1.56 2.93 77.93 4.1 13.18 0.0 19.63 -62.4
37.19 1.56 2.93 77.93 4.1 13.18 0.0 19.63 -62.4
37.11 1.62 3.61 79.1 4.1 13.48 0.0 19.04 -62.4
37.14 0.96 5.82 82.91 5.27 13.18 0.0 18.75 -62.11
35.11 5.31 6.33 82.91 -2.34 13.18 0.0 19.63 -62.11
33.43 8.29 5.78 82.32 -7.32 13.18 -0.29 18.16 -62.4
33.01 9.32 3.62 78.81 -8.79 13.18 0.0 17.29 -62.4
33.04 9.45 2.77 77.05 -9.38 13.48 -0.29 17.58 -62.4
33.63 8.42 3.93 76.76 -9.08 13.48 0.0 22.56 -62.11
37.23 3.25 5.91 78.22 -4.69 13.48 0.0 32.52 -57.13
37.99 1.63 7.26 80.57 -2.93 13.18 -0.29 33.98 -55.66
38.62 -1.79 11.01 85.55 0.59 13.18 0.0 38.38 -53.61
39.19 -2.64 11.0 85.84 1.17 13.48 0.0 38.96 -51.86
39.8 -3.98 10.94 85.84 2.34 13.48 0.0 40.43 -50.39
40.27 -5.7 10.84 85.84 4.69 13.18 0.0 41.02 -49.8
41.1 -8.78 10.59 85.84 8.2 13.18 0.0 42.48 -47.75
41.43 -11.18 9.64 84.38 11.72 13.18 0.0 42.77 -48.05
41.7 -12.58 8.74 82.91 13.18 13.18 0.0 44.24 -47.75
41.85 -14.19 7.82 81.45 15.23 13.48 0.0 44.82 -47.75
42.12 -15.05 6.03 79.1 16.41 13.18 -0.29 44.82 -47.75
42.46 -14.71 3.04 75.59 16.7 13.18 -0.29 42.48 -47.75
42.53 -13.51 -0.5 70.9 15.82 13.48 0.29 41.02 -48.05
42.37 -12.33 -4.78 65.92 14.36 12.89 -0.29 39.26 -47.75
41.87 -14.95 -7.01 60.06 14.65 12.6 0.29 51.27 -48.05
42.21 -17.35 -2.87 65.04 16.41 13.18 0.0 54.79 -47.75
42.39 -15.57 1.67 72.07 16.11 13.18 0.29 49.22 -48.05
42.61 -14.12 0.43 72.07 15.53 13.77 -0.59 42.19 -47.75
43.39 -13.87 -1.01 72.36 14.65 15.53 0.59 38.96 -42.19
43.53 -12.59 -1.33 73.24 13.18 15.23 -0.59 34.86 -41.89
43.5 -11.16 -1.69 73.24 11.72 15.53 -0.59 32.52 -41.89
43.33 -9.15 -1.83 73.54 10.25 15.53 0.29 29.59 -41.89
43.17 -7.52 -2.16 73.54 8.2 15.53 0.0 27.83 -41.89
42.9 -5.7 -2.49 73.54 6.15 15.23 0.0 26.07 -41.89
42.75 -4.83 -2.5 73.54 4.98 15.53 0.0 25.49 -41.89
42.52 -3.7 -2.56 73.54 3.52 15.53 0.0 24.9 -41.89
42.19 -2.26 -2.46 73.54 1.46 15.23 0.0 25.2 -41.89
42.13 -1.8 -2.62 73.54 0.29 15.23 -0.88 24.9 -41.89
41.72 -0.49 -2.26 73.54 -1.17 15.53 0.0 25.2 -41.89
41.42 0.51 -1.93 73.54 -2.93 15.53 0.0 26.37 -41.89
41.17 1.33 -1.84 73.54 -4.39 15.53 -0.29 26.66 -41.89
40.62 2.79 -1.82 73.54 -6.15 15.53 0.0 25.78 -41.89
40.09 4.05 -2.02 73.54 -7.62 15.82 0.0 23.73 -41.89
39.62 5.1 -2.25 73.54 -8.79 15.53 0.0 22.27 -41.89
39.56 5.26 -2.88 73.54 -8.79 15.53 -0.59 19.63 -41.89
38.69 6.96 -2.98 73.54 -10.84 15.23 -0.29 18.16 -41.89
37.85 8.52 -2.86 73.54 -13.18 15.53 -0.29 17.29 -41.89
37.19 9.55 -2.72 73.54 -14.36 15.53 0.29 16.7 -41.89
36.44 10.76 -2.44 73.54 -16.41 15.53 0.29 16.99 -41.89
36.03 11.48 -2.19 73.54 -18.16 15.53 -0.29 17.87 -41.89
35.63 12.06 -1.42 74.41 -19.04 14.94 0.0 18.75 -41.89
35.88 11.76 0.71 77.05 -19.34 15.82 -0.29 20.51 -41.89
36.14 11.42 1.7 78.52 -19.04 15.53 -0.29 21.68 -41.6
36.5 10.34 4.77 82.62 -17.58 15.53 0.0 24.02 -41.89
36.49 9.81 6.97 86.13 -16.7 15.53 0.0 24.02 -41.89
36.57 9.5 8.01 87.89 -16.7 15.53 -0.59 24.32 -41.6
36.27 8.81 10.47 91.11 -15.53 15.53 0.0 25.78 -41.89
36.69 7.74 11.26 92.29 -14.06 15.23 -0.29 26.37 -41.89
36.93 6.85 12.04 92.29 -13.77 15.53 -0.29 30.18 -41.89
32.63 6.87 19.39 102.25 -8.5 15.53 9.38 31.93 -41.89
31.77 9.27 18.16 102.25 -9.67 15.53 12.3 26.66 -39.84
31.63 10.17 17.24 102.25 -10.25 15.53 12.01 22.27 -39.84
31.18 10.42 17.45 101.95 -10.84 15.53 12.3 24.02 -40.43
31.1 11.04 16.61 101.37 -11.13 15.23 12.6 21.97 -40.43
30.96 11.91 15.66 100.49 -12.6 15.53 12.01 19.92 -40.43
32.78 12.1 11.19 92.58 -12.89 15.53 12.3 19.92 -39.84
33.89 11.16 10.17 90.23 -11.72 15.82 12.3 21.39 -39.55
35.44 8.92 10.54 89.65 -9.38 15.82 11.72 25.78 -39.26
35.7 8.37 10.77 89.36 -8.5 15.53 12.89 28.42 -38.67
35.93 7.96 11.1 89.36 -8.79 15.53 12.3 30.76 -38.67
38.78 -1.49 15.02 93.75 4.1 15.53 12.3 37.21 -38.38
38.59 -2.28 16.05 95.21 5.27 15.82 12.3 36.91 -38.38
38.98 -3.49 15.84 95.51 7.91 15.53 12.6 34.57 -38.09
39.16 -4.42 16.0 95.8 9.08 15.23 12.3 34.86 -38.09
39.42 -5.6 16.08 95.8 10.25 15.53 11.72 35.16 -38.09
39.56 -7.0 16.25 95.8 12.3 15.82 12.01 35.45 -38.09
39.62 -7.63 16.22 95.8 13.48 15.53 12.3 35.45 -38.09
39.94 -9.62 16.06 95.8 16.11 15.23 11.72 35.16 -38.09
39.84 -14.95 16.18 95.8 24.32 15.53 12.6 34.86 -38.09
39.97 -15.27 16.04 95.8 24.32 15.82 12.01 34.28 -37.79
40.85 -14.56 13.6 92.87 24.02 14.94 12.01 32.81 -38.09
41.35 -14.18 11.96 90.23 23.44 15.82 12.3 32.81 -38.09
41.57 -14.07 11.2 89.06 23.14 15.82 12.3 33.4 -38.09
41.89 -13.91 9.97 87.6 23.14 15.53 12.3 32.81 -38.09
42.05 -13.41 9.2 86.43 22.56 15.53 12.6 33.11 -38.09
42.49 -12.42 7.12 83.79 21.09 15.53 12.3 32.52 -38.09
42.66 -12.01 5.99 82.32 20.51 15.23 12.3 32.81 -38.09
42.72 -11.79 4.84 80.27 20.51 15.82 13.18 33.4 -38.09
42.79 -13.89 5.16 79.98 21.68 15.23 12.3 38.67 -38.09
42.67 -15.48 5.3 79.98 24.02 15.23 12.6 39.26 -38.09
42.63 -17.46 4.46 78.81 26.37 15.53 12.01 39.26 -38.09
42.6 -17.55 4.34 78.81 26.95 15.23 12.3 38.67 -38.09
42.53 -17.95 4.18 78.81 28.12 15.23 12.6 37.21 -38.09
42.65 -17.54 3.69 78.81 27.83 15.82 12.01 33.69 -38.09
42.77 -16.36 3.07 78.81 27.25 15.82 12.3 29.88 -38.09
42.86 -16.59 2.09 78.22 27.83 16.11 12.01 26.95 -37.79
42.85 -16.48 0.88 77.64 28.71 15.82 12.01 22.85 -38.09
42.9 -16.06 -0.79 76.17 28.71 15.53 12.3 20.51 -37.79
42.85 -15.11 -2.33 75.0 28.12 15.53 12.3 16.99 -38.09
42.65 -14.08 -4.76 74.12 28.12 15.53 12.6 8.5 -38.09
42.48 -13.94 -5.92 63.28 21.97 46.29 12.3 -0.59 -38.09
42.67 -15.1 -3.4 63.28 19.63 57.71 12.3 -0.88 -38.09
42.32 -14.13 -2.37 63.28 18.75 58.89 12.3 -1.17 -41.02
42.31 -13.17 -2.12 63.28 16.99 59.77 12.3 -1.17 -41.31
42.29 -11.58 -1.59 63.28 13.77 61.82 12.6 -1.17 -41.31
42.35 -10.44 -0.35 64.16 9.67 66.8 12.3 -1.76 -41.02
42.08 -8.69 0.53 64.16 6.15 73.24 13.18 -7.62 -41.31
41.27 -8.34 3.5 64.16 4.98 79.69 18.75 -12.89 -41.02
40.09 -8.25 6.6 64.16 4.98 81.15 25.49 -13.48 -40.14
41.73 -7.44 5.31 65.62 2.93 81.15 27.54 -17.87 -29.59
41.59 -7.87 7.39 66.8 2.64 82.03 33.98 -19.92 -22.85
39.72 -7.41 10.73 66.8 2.64 82.32 41.02 -20.8 -22.85
43.91 -12.97 3.98 67.09 0.29 87.6 45.7 -19.63 8.79
43.86 -13.32 3.95 67.09 0.88 86.72 47.17 -19.34 11.13
43.69 -12.74 4.65 67.09 1.46 84.96 47.17 -19.34 9.08
43.03 -12.17 6.5 66.8 2.05 84.96 47.17 -20.51 2.93
41.73 -9.5 8.92 66.8 1.46 82.91 47.17 -22.85 -5.27
42.61 -9.01 3.81 60.64 1.46 81.15 47.17 -23.44 -3.81
42.61 -8.62 3.43 60.06 0.59 81.45 47.17 -23.44 -3.81
42.6 -8.5 3.41 60.06 0.59 81.15 47.17 -23.44 -3.81
42.63 -8.15 2.56 58.89 0.0 81.15 47.17 -23.44 -3.81
42.64 -7.97 1.92 58.01 -0.29 81.15 47.17 -23.44 -3.81
42.6 -7.29 0.01 55.37 -1.46 81.15 47.17 -23.14 -3.81
42.53 -7.39 -0.09 54.79 -1.46 81.45 47.75 -23.14 -3.81
42.47 -7.08 -1.4 53.03 -1.76 81.15 47.75 -23.44 -3.81
42.54 -7.11 -1.71 53.03 -1.76 81.15 47.17 -23.14 -3.81
42.46 -7.11 -3.23 50.98 -1.76 81.15 47.17 -23.44 -3.81
42.4 -7.26 -3.15 50.68 -1.46 81.15 47.75 -23.44 -3.81
42.53 -8.28 -3.02 50.98 0.29 81.15 47.75 -23.44 -3.81
42.49 -7.94 -3.0 50.98 -0.29 81.15 47.75 -23.44 -3.81
42.22 -5.4 3.59 60.94 -1.17 76.17 46.88 -23.14 -3.81
40.78 -0.49 5.68 63.87 -5.86 70.9 47.17 -23.14 -3.81
38.7 4.49 6.45 63.87 -12.89 68.26 47.75 -23.44 -3.81
36.38 9.07 6.34 63.87 -18.16 63.28 47.17 -23.44 -3.81
36.77 8.48 6.14 63.87 -16.99 63.28 47.17 -23.44 -3.81
38.46 5.58 4.63 62.11 -12.01 64.16 47.75 -23.14 -3.81
38.9 5.08 3.61 61.23 -11.13 64.16 47.17 -23.44 -3.81
39.21 4.22 3.53 60.94 -9.67 64.45 47.75 -23.44 -3.81
40.16 2.41 1.66 59.18 -6.74 64.75 47.17 -23.14 -3.81
41.17 -0.52 1.91 59.18 -4.69 69.14 47.17 -23.44 -3.52
41.8 -3.09 2.35 59.18 -3.22 73.54 47.17 -23.14 -3.81
42.39 -6.19 2.41 59.18 0.0 76.46 47.17 -23.14 -3.81
42.64 -9.25 2.74 59.18 3.81 78.52 47.75 -23.44 -3.81
42.86 -13.35 2.46 59.18 9.96 79.39 47.17 -23.44 -3.81
42.65 -16.67 2.59 59.18 15.53 79.39 47.17 -23.44 -3.81
42.34 -18.93 2.77 59.18 19.34 79.39 47.17 -23.14 -3.81
42.59 -18.19 -0.08 59.18 27.83 63.57 47.17 -24.32 -3.81
42.87 -15.22 -2.94 59.18 27.83 53.91 46.88 -23.73 -3.81
45.75 -7.52 -0.78 82.62 5.27 29.59 16.11 -0.88 -3.81
45.65 -6.98 0.77 84.96 5.27 26.66 16.7 -0.88 -3.81
45.68 -7.1 1.12 85.55 5.27 26.37 16.41 -0.88 -3.81
45.65 -8.9 4.68 89.94 7.32 27.25 16.11 -0.88 -3.81
45.33 -8.86 7.14 93.16 7.32 26.66 16.11 -0.88 -3.81
45.07 -7.17 7.54 93.46 5.27 27.25 16.41 -0.59 -3.81
44.42 -6.04 10.22 97.27 3.52 26.37 15.82 -0.88 -3.81
44.11 -4.26 10.23 97.27 1.17 26.66 15.82 -0.88 -3.81
43.69 -2.32 10.2 97.27 -1.17 26.37 16.11 -0.88 -3.81
43.24 -0.49 10.12 97.27 -3.81 26.66 15.82 -0.88 -3.81
42.57 1.6 10.11 97.27 -6.45 26.66 16.11 -0.59 -3.81
41.71 3.88 10.07 97.27 -9.38 26.66 16.41 -0.88 -3.81
41.02 5.56 9.98 97.27 -11.72 26.66 16.41 -0.88 -3.81
40.38 6.96 9.87 97.27 -13.77 26.66 16.11 -0.88 -4.1
39.93 7.95 9.75 97.27 -15.53 26.95 15.82 -0.59 -3.81
38.97 9.62 9.72 97.27 -17.58 26.66 16.41 -0.59 -3.81
38.62 10.29 9.6 97.27 -18.75 26.66 16.11 -0.88 -3.81
38.61 10.34 9.58 97.27 -19.04 26.95 15.82 -0.59 -3.81
39.51 8.78 9.64 97.27 -16.7 26.66 15.82 -0.88 -3.81
39.72 7.67 11.05 99.02 -14.94 26.95 16.11 -0.88 -3.81
39.39 6.65 13.77 102.83 -13.48 26.95 16.11 -0.88 -3.81
39.46 6.05 14.4 103.71 -12.6 26.66 16.11 -0.88 -3.81
37.87 5.6 18.65 109.28 -12.3 29.59 16.11 -0.88 -3.81
37.62 4.08 20.5 111.62 -10.25 30.18 16.11 -0.88 -3.81
39.26 1.76 19.19 109.28 -7.03 29.88 16.11 -0.88 -3.81
39.93 -0.22 19.23 108.98 -4.39 30.18 16.11 -0.88 -3.81
40.75 -1.98 18.56 107.81 -2.05 30.18 16.11 -0.59 -3.81
41.35 -3.22 17.94 106.93 -0.59 30.18 15.82 -0.88 -3.81
41.75 -5.46 18.07 106.93 2.34 30.18 15.82 -0.59 -3.81
41.86 -6.42 18.13 106.93 3.81 29.88 16.11 -0.59 -3.81
42.14 -8.25 18.02 106.64 6.15 30.18 16.11 -0.59 -3.81
42.29 -10.04 18.01 106.64 8.5 29.88 16.11 -0.88 -3.81
42.33 -11.89 18.08 106.64 10.84 30.18 16.11 -0.59 -3.81
42.35 -12.99 18.03 106.64 12.3 29.88 16.11 -0.88 -3.81
45.55 -15.35 5.88 90.82 15.53 29.88 16.41 -0.88 -3.81
45.53 -15.95 5.81 90.82 16.11 29.88 16.11 -0.59 -3.81
45.53 -15.95 5.81 90.82 16.11 29.88 16.11 -0.59 -3.81
45.53 -16.04 5.66 90.53 16.41 29.88 16.41 -0.59 -3.81
45.55 -16.6 5.35 90.23 16.7 30.47 15.82 -0.59 -3.81
45.51 -16.71 5.48 90.23 16.99 30.76 16.11 -0.29 -3.81
45.1 -17.39 7.79 93.16 17.87 30.76 16.11 -0.59 -3.81
45.62 -17.49 3.28 87.3 18.16 31.05 16.41 -0.59 -3.81
45.82 -15.8 2.91 87.01 15.82 30.76 16.11 -0.59 -3.81
46.08 -13.19 -0.72 82.91 11.72 30.76 14.94 -0.59 -3.81
46.03 -10.55 -0.63 82.91 8.5 30.76 15.23 -0.59 -3.81
45.86 -8.57 -0.32 82.91 6.45 31.05 16.11 -0.59 -3.81
45.69 -6.86 -0.43 82.91 4.1 30.76 15.82 -0.59 -3.81
45.5 -5.6 -0.33 82.91 2.64 30.76 16.11 -0.59 -3.81
45.27 -4.26 -0.3 82.91 0.88 30.76 16.11 -0.59 -3.81
44.95 -2.7 -0.03 83.2 -1.17 30.76 16.11 -0.59 -3.81
44.57 -1.15 -0.21 82.91 -3.22 30.76 16.11 -0.59 -3.81
44.0 0.82 -0.14 82.91 -5.86 30.76 16.11 -0.59 -3.81
43.35 2.76 0.61 83.79 -8.5 30.76 16.11 -0.59 -3.81
43.07 3.18 3.27 87.3 -9.08 30.76 16.11 -0.59 -3.81
42.62 3.18 7.0 92.29 -9.08 30.76 16.11 -0.88 -3.81
42.51 3.18 7.65 93.16 -9.08 30.76 16.11 -0.59 -3.81
41.93 2.97 10.69 97.27 -8.79 30.76 16.11 -0.59 -3.81
41.08 2.32 14.33 102.25 -7.91 30.76 16.11 -0.59 -3.81
41.34 0.82 15.06 103.12 -5.86 30.76 16.11 -0.88 -3.81
43.16 -9.41 15.69 103.42 7.62 30.47 16.11 -0.88 -3.81
45.15 -14.86 8.68 94.34 14.65 30.47 16.11 -1.17 -3.81
45.48 -12.73 4.01 86.43 15.82 30.47 22.27 -2.64 -3.81
44.96 -10.56 1.92 81.45 17.87 30.47 29.59 -8.2 -4.1
43.94 -7.27 1.46 78.52 18.46 30.47 37.5 -16.41 -3.81
41.78 -3.78 1.01 74.12 21.68 30.47 49.8 -24.9 -4.1
30.13 2.15 4.57 36.04 0.88 72.07 67.09 -25.49 -37.5
27.43 2.3 9.66 40.14 -3.52 75.0 72.66 -29.59 -37.79
27.18 2.89 9.56 39.26 -5.86 75.0 72.66 -30.76 -37.79
26.78 5.7 6.6 34.86 -7.62 72.07 72.66 -37.21 -37.5
25.54 7.53 6.83 35.45 -9.96 69.73 72.66 -39.84 -37.5
24.88 8.3 7.09 35.45 -11.72 68.85 72.66 -40.72 -37.5
24.49 8.62 7.53 35.45 -13.48 68.85 72.66 -41.31 -37.5
25.34 7.8 6.5 35.45 -9.08 68.85 72.66 -39.84 -37.79
25.88 6.86 6.55 35.45 -7.32 68.85 72.66 -36.04 -37.5
28.32 1.92 6.52 35.45 2.05 70.9 72.66 -22.56 -37.5
28.85 1.04 5.94 34.86 4.69 71.19 72.66 -21.09 -37.5
29.06 0.38 6.14 35.45 6.45 71.19 72.66 -19.34 -37.5
30.27 -3.55 6.43 35.74 14.36 73.24 72.66 -12.01 -37.5
30.56 -4.62 6.38 35.74 17.29 73.54 72.66 -10.25 -37.5
30.84 -5.84 6.29 35.74 21.09 73.54 72.66 -7.91 -37.5
30.96 -6.98 6.35 35.74 24.61 73.54 72.66 -5.57 -37.79
31.23 -8.39 6.38 35.74 28.71 73.83 72.66 -3.52 -37.5
31.31 -9.38 6.51 35.74 31.64 73.83 72.66 -1.46 -37.5
31.38 -12.35 6.77 34.57 39.55 75.88 72.66 1.46 -37.5
31.29 -12.01 6.83 34.57 38.09 75.88 72.66 1.46 -37.79
31.43 -10.57 6.3 34.57 33.98 75.88 72.66 -2.34 -37.5
31.4 -8.64 5.84 34.57 28.71 75.88 72.66 -7.03 -37.5
31.27 -6.98 5.54 34.57 24.32 75.88 72.66 -11.13 -37.5
31.16 -6.12 5.44 34.57 21.97 75.88 72.66 -13.18 -37.5
31.07 -5.43 5.35 34.57 20.21 75.88 72.66 -14.94 -37.5
30.97 -4.69 5.31 34.86 18.75 75.88 72.66 -17.29 -37.5
30.77 -3.9 5.63 35.74 16.99 75.88 72.66 -19.63 -37.5
30.3 -2.01 5.6 35.74 12.3 75.29 72.66 -23.14 -37.5
29.99 -1.23 5.69 35.74 10.25 75.29 72.66 -24.9 -37.79
29.99 -0.94 5.65 35.74 9.38 75.29 72.66 -25.78 -37.5
29.43 0.23 6.04 35.74 5.57 75.29 72.66 -27.83 -37.79
29.46 0.68 5.79 35.74 4.98 75.29 72.66 -29.88 -37.5
29.22 1.82 4.54 35.74 7.32 72.66 72.66 -31.93 -37.79
30.3 -0.07 2.97 35.74 16.11 71.48 72.66 -29.59 -37.5
30.54 -0.44 0.61 35.74 24.02 67.09 72.66 -28.12 -37.79
31.08 -1.83 -0.08 35.74 28.71 67.09 72.66 -27.83 -37.79
31.32 -2.49 -0.72 35.74 31.64 66.5 72.66 -27.83 -37.79
31.04 -1.51 -1.52 35.74 31.05 64.16 72.66 -27.83 -37.5
30.57 -0.43 -1.85 35.74 29.59 62.7 72.66 -28.12 -37.79
30.22 0.6 -0.21 38.38 26.95 61.82 72.66 -27.54 -37.5
29.76 1.63 -0.08 39.55 25.78 60.06 72.66 -27.83 -37.5
29.16 2.86 -0.76 39.55 24.61 57.71 72.66 -28.12 -37.5
28.68 3.59 -1.13 39.55 24.02 56.25 72.66 -28.12 -37.79
28.99 3.29 -1.22 39.55 24.32 57.13 72.66 -29.59 -37.5
30.1 1.09 -0.72 39.55 27.83 60.64 72.95 -30.47 -37.5
30.7 -0.2 -0.97 39.55 30.76 61.23 72.66 -29.88 -37.5
31.15 -1.47 -0.22 40.14 32.81 63.28 72.95 -30.47 -37.5
31.43 -2.21 -0.22 39.55 33.69 64.16 72.66 -29.59 -37.5
31.86 -3.1 0.18 39.55 33.98 67.09 72.66 -32.81 -37.5
32.87 -4.78 -1.51 39.55 37.79 69.43 72.66 -42.48 -37.5
32.17 -5.88 1.04 39.55 41.02 66.8 72.66 -24.9 -37.5
33.63 -8.1 -0.54 37.21 43.95 59.18 72.66 -4.1 -30.47
34.32 -11.29 -1.39 36.04 50.1 52.73 72.66 18.46 -29.3
23.24 4.0 2.32 24.32 8.5 56.25 72.36 -6.74 -51.86
23.08 3.29 4.98 28.71 7.32 57.42 72.66 -5.27 -52.15
21.18 3.58 5.55 28.71 7.32 56.84 72.95 -6.74 -56.54
21.02 4.66 4.37 28.71 8.79 52.73 72.66 -5.27 -55.66
21.33 4.79 1.98 27.25 14.36 47.75 72.66 -0.88 -55.66
21.58 4.54 1.64 27.25 15.82 47.17 72.66 0.29 -55.66
19.78 6.67 1.43 27.25 12.01 42.19 72.36 0.0 -55.66
19.5 6.67 1.85 27.25 11.13 41.89 72.36 0.59 -56.25
21.18 5.14 1.17 27.25 15.82 42.19 72.66 4.98 -55.66
21.91 4.23 0.38 27.25 19.63 42.19 72.36 6.45 -56.25
23.86 0.1 -0.52 27.25 32.52 41.6 72.66 15.23 -59.47
17.31 -6.42 6.09 38.67 69.43 53.61 72.66 12.89 -85.25
16.91 -5.3 4.79 43.65 70.9 53.61 72.66 5.27 -85.84
16.44 -4.15 4.37 43.65 64.75 53.32 72.66 2.64 -85.84
15.31 -2.68 4.95 43.65 54.2 53.61 72.66 0.59 -85.84
14.98 -1.89 5.15 41.89 47.46 54.2 72.66 -0.59 -84.96
14.37 -0.72 3.8 36.04 39.84 59.47 72.66 -7.91 -85.55
14.24 0.57 2.32 29.88 32.52 62.11 72.36 -13.77 -84.96
13.8 0.86 2.99 29.0 27.83 62.7 72.36 -14.36 -84.96
14.0 1.8 3.72 22.27 13.48 69.14 72.66 -21.39 -82.91
16.0 2.24 3.72 22.27 11.72 69.73 72.66 -22.27 -77.34
17.15 2.13 4.02 22.27 9.96 71.48 72.66 -23.14 -74.71
17.4 1.99 4.22 22.27 9.38 71.78 72.66 -22.85 -74.12
18.18 2.16 4.18 22.27 8.5 71.78 72.66 -23.14 -71.78
18.9 2.14 4.32 22.27 7.32 72.07 72.66 -23.14 -69.73
19.17 1.87 3.72 22.27 10.25 71.78 72.36 -22.27 -70.02
18.59 2.81 1.42 22.27 17.87 65.33 72.66 -19.92 -70.02
23.19 -0.13 1.56 27.54 29.3 62.7 72.66 -9.96 -60.94
25.12 -1.72 2.73 32.23 34.28 60.94 72.66 -4.98 -56.54
26.32 -4.07 4.95 37.21 40.14 60.06 72.36 1.17 -54.49
27.4 -4.44 4.77 37.79 40.43 59.47 72.66 2.05 -50.98
31.79 -6.15 1.68 37.79 41.02 59.47 72.66 -1.76 -36.91
32.0 -7.46 2.61 37.79 42.19 61.23 72.66 0.29 -36.62
32.05 -8.11 3.01 37.79 43.07 61.23 72.66 2.93 -36.62
31.94 -7.21 3.32 37.79 39.26 61.52 72.66 2.93 -36.33
31.69 -5.76 3.54 37.79 34.28 61.52 72.66 2.05 -36.04
31.33 -4.3 3.54 37.79 30.47 61.52 72.66 -0.59 -36.04
30.29 -2.04 4.01 37.79 24.61 61.52 72.66 -4.1 -37.21
27.3 -0.09 5.67 37.79 20.51 61.52 72.66 -6.15 -44.53
25.3 1.4 6.44 37.79 16.7 61.52 72.66 -9.08 -48.34
22.36 2.75 7.45 37.79 12.6 61.52 72.66 -12.01 -54.2
21.95 3.3 6.21 34.86 12.01 61.52 72.66 -14.06 -55.66
21.64 3.85 5.57 34.28 12.01 61.52 72.66 -16.41 -56.25
20.56 4.15 5.27 33.69 12.3 61.52 72.66 -17.87 -59.18
20.02 4.11 5.15 33.69 13.18 61.52 72.66 -18.16 -60.94
20.4 3.7 4.87 33.69 15.23 61.52 72.66 -17.29 -60.94
20.9 3.2 4.52 32.81 16.7 61.52 72.66 -15.82 -60.64
21.89 2.28 4.09 31.64 18.75 62.7 72.66 -14.65 -59.77
22.84 1.16 3.07 29.59 22.27 63.87 72.66 -13.48 -59.47
24.8 0.04 1.61 27.25 24.32 65.62 72.66 -13.48 -55.66
25.7 -1.67 1.19 25.49 27.25 68.85 72.66 -13.18 -55.37
44.81 -17.54 -5.74 68.26 18.75 56.25 21.09 -21.09 -8.2
45.08 -15.93 -5.36 68.85 15.53 58.89 20.21 -21.39 -8.2
45.48 -10.72 -1.8 73.24 7.91 61.23 19.92 -23.14 -8.2
45.35 -7.9 0.72 77.05 4.39 61.23 19.63 -31.93 -8.2
45.94 -6.85 -2.77 83.2 -2.34 61.23 3.22 -40.72 -8.2
45.88 -5.9 -0.18 86.13 -3.52 61.82 3.52 -39.84 -8.2
45.94 -6.26 -0.46 86.13 -2.93 61.82 3.52 -45.12 -8.2
45.89 -5.9 -1.24 86.43 -3.22 61.82 3.52 -63.87 -8.2
45.92 -6.14 -1.45 86.43 -2.93 61.82 3.52 -67.68 -8.2
45.72 -4.89 -1.43 86.43 -4.39 61.82 3.52 -67.38 -8.5
45.74 -5.0 -1.63 86.13 -4.39 61.82 3.52 -66.8 -8.2
45.65 -4.82 -2.39 83.2 -4.98 61.82 3.52 -37.5 -8.2
45.56 -4.9 -3.68 80.27 -5.86 61.82 3.52 -14.06 -8.2
42.43 -5.47 4.97 77.64 -20.51 48.93 5.57 77.34 -42.19
43.72 -1.61 -0.7 75.29 -20.51 48.93 5.86 78.52 -27.54
43.7 -1.52 -1.43 74.12 -20.21 48.93 6.15 77.34 -27.25
43.54 -1.19 -0.93 73.54 -19.04 48.93 5.86 67.68 -27.54
42.91 0.41 -1.03 71.19 -19.34 48.93 8.79 63.57 -27.54
42.2 1.96 0.64 71.19 -20.21 48.93 12.3 62.99 -27.54
41.46 3.52 1.58 71.19 -21.97 48.93 14.06 62.99 -27.54
41.09 3.96 2.49 71.19 -21.97 48.93 16.11 62.99 -27.54
40.8 4.26 3.15 71.19 -21.97 48.93 17.58 62.99 -27.54
39.89 5.07 4.99 71.19 -21.97 48.93 21.68 62.7 -27.54
39.41 5.61 5.23 70.31 -21.97 48.93 23.14 60.35 -27.54
35.43 9.66 4.64 61.23 -20.51 45.41 33.69 42.48 -27.54
33.9 10.36 5.06 58.59 -19.04 46.0 38.09 33.11 -27.54
34.5 4.59 6.82 51.56 -13.48 61.23 49.51 15.53 -27.25
33.89 -5.06 10.88 52.73 11.72 69.14 63.28 -0.29 -27.54
34.4 -6.08 9.91 52.73 17.87 69.14 63.28 -7.03 -27.83
34.75 -6.05 9.27 52.73 19.04 69.14 62.99 -10.84 -27.54
35.07 -9.97 9.57 52.73 27.83 72.66 63.87 -16.11 -27.54
35.49 -11.62 9.17 52.73 31.35 74.41 63.28 -21.39 -27.54
35.95 -12.61 8.37 52.73 34.57 74.41 62.99 -26.07 -27.25
36.04 -12.45 8.05 52.73 34.86 74.41 62.99 -28.42 -27.54
36.27 -12.75 7.49 52.73 36.33 74.71 63.28 -33.4 -27.54
36.92 -12.05 5.68 52.73 36.91 72.36 62.99 -38.67 -27.25
37.0 -9.82 3.6 52.73 37.21 65.92 63.28 -36.33 -27.25
36.86 -7.25 0.84 52.73 36.91 58.89 63.28 -35.16 -27.54
36.66 -5.6 -0.79 52.73 35.74 55.08 62.99 -34.86 -27.54
36.15 -3.51 -2.17 53.03 33.98 50.98 62.99 -34.28 -27.54
35.5 -1.87 -0.94 55.66 32.81 47.75 63.87 -30.47 -27.25
34.96 0.04 -1.97 55.66 29.88 45.41 62.99 -30.76 -27.54
34.3 1.78 -0.32 57.42 26.37 45.41 63.28 -30.47 -27.25
33.43 3.74 1.46 60.06 22.27 45.12 62.7 -30.76 -27.54
32.26 5.45 2.83 60.64 18.46 45.7 63.28 -30.47 -27.54
31.5 6.53 4.51 63.57 16.11 45.41 62.99 -31.05 -27.54
31.26 6.47 6.1 64.45 14.65 47.75 62.99 -31.64 -27.54
31.46 6.69 5.95 64.45 13.48 49.51 62.99 -38.09 -27.25
30.76 6.77 7.47 64.45 12.01 49.8 62.99 -30.76 -27.25
30.53 6.47 8.22 64.45 12.01 50.39 63.28 -28.12 -27.54
30.58 6.05 9.0 64.45 11.43 51.86 63.28 -27.25 -27.25
30.72 3.84 12.01 64.45 9.67 58.89 63.28 -25.78 -27.25
33.71 -1.19 8.08 51.56 11.72 64.75 63.28 -11.72 -27.54
34.16 -1.61 6.9 49.8 12.6 64.45 62.99 -10.25 -27.54
34.4 -2.36 6.84 49.8 14.36 64.45 63.28 -9.38 -27.25
35.32 -3.88 2.99 44.24 18.75 64.45 63.28 -9.67 -27.54
35.57 -4.55 2.71 44.24 20.51 64.45 63.28 -9.96 -27.25
36.0 -6.81 2.16 43.95 26.37 64.45 63.28 -9.38 -27.54
36.15 -7.69 1.97 43.95 28.71 64.45 63.28 -9.67 -27.54
36.43 -9.89 1.87 43.95 33.69 64.45 63.28 -8.2 -27.25
36.55 -11.8 2.04 43.95 37.5 64.45 62.99 -5.57 -27.25
36.55 -12.08 1.61 43.95 39.55 64.16 63.28 -8.5 -27.25
36.84 -11.44 -0.71 43.95 41.02 63.87 63.28 -22.56 -27.25
36.69 -11.21 -2.28 40.14 39.26 63.87 62.99 -16.7 -27.25
36.62 -11.3 -2.66 39.55 39.84 63.87 63.28 -17.29 -27.25
36.43 -10.29 -2.8 38.09 36.62 64.16 63.28 -13.77 -27.54
36.45 -9.95 -2.37 38.09 34.86 64.16 63.28 -10.84 -27.25
38.86 -11.82 -0.72 45.7 33.11 59.18 63.28 4.69 -14.36
39.37 -10.66 0.16 53.03 35.45 48.93 63.28 17.29 -11.72
39.35 -9.33 1.24 61.52 38.96 36.62 63.87 29.0 -11.72
39.34 -9.31 1.81 62.7 38.96 35.74 62.99 29.3 -12.89
38.95 -9.07 3.6 64.45 38.96 35.74 63.28 31.05 -14.36
39.05 -9.11 3.23 64.16 38.96 35.45 63.28 31.93 -14.06
38.98 -7.43 2.43 64.16 36.62 33.69 62.99 31.93 -14.06
38.75 -6.51 3.06 64.45 34.86 34.28 63.28 32.52 -14.06
38.54 -5.48 2.96 64.45 33.4 33.69 63.28 32.52 -14.36
38.11 -3.42 0.64 64.45 32.52 26.66 63.28 38.67 -16.11
38.06 -2.5 -0.63 64.45 31.35 23.44 63.28 44.53 -15.82
38.19 -2.18 -1.4 65.04 30.76 20.51 62.99 51.27 -15.82
37.96 -1.19 -0.25 68.55 29.88 17.29 63.28 55.37 -16.11
38.05 -0.82 -0.2 71.78 29.88 12.89 63.28 60.64 -15.82
38.2 -0.53 0.39 74.41 29.0 10.25 62.4 64.45 -16.11
37.79 0.54 0.94 76.17 27.83 8.5 63.28 67.97 -16.11
38.25 -0.24 2.49 81.74 29.0 4.1 62.99 74.12 -16.11
37.91 -0.44 3.8 82.62 29.59 3.22 62.99 73.54 -19.34
37.78 0.15 2.68 82.62 29.3 1.17 63.28 73.24 -19.04
37.88 -0.14 3.12 83.2 29.59 1.46 62.7 71.48 -19.04
37.74 -1.93 7.41 92.29 33.4 -1.76 62.99 69.73 -19.04
37.65 -1.17 6.55 101.66 33.11 -15.53 63.28 70.02 -19.04
37.13 -1.29 9.41 105.76 33.11 -15.23 62.99 70.02 -19.04
36.91 -1.3 9.95 106.93 33.4 -15.53 63.28 69.43 -19.04
36.77 -0.76 9.85 106.93 32.52 -15.53 62.99 68.26 -19.04
36.88 -0.8 9.58 106.64 32.52 -15.53 62.99 68.26 -18.75
36.19 1.02 9.48 106.64 29.88 -15.53 63.28 68.55 -19.04
34.84 4.3 9.06 106.64 24.61 -15.53 63.28 68.26 -19.04
34.06 5.89 8.83 106.64 21.97 -15.53 63.28 68.26 -19.04
33.5 6.92 8.66 106.64 20.21 -15.53 63.28 68.26 -19.04
33.02 7.76 8.51 106.64 18.75 -15.53 63.28 68.26 -19.04
32.41 8.76 8.33 106.64 16.99 -15.53 63.28 68.26 -19.04
32.29 10.21 3.09 98.73 14.36 -16.41 62.99 66.5 -19.04
31.42 11.19 0.84 95.51 13.18 -16.41 63.28 61.82 -19.04
34.51 8.66 -0.56 87.6 15.82 -2.34 63.28 56.84 -6.45
34.65 8.2 2.26 83.79 15.82 8.2 62.99 46.58 -6.45
34.83 7.5 3.76 79.1 15.23 17.29 62.99 38.67 -6.45
35.19 5.78 7.06 78.81 15.82 24.61 63.28 38.67 -6.45
35.55 4.04 9.53 78.81 16.11 30.47 62.99 38.38 -6.15
36.34 3.74 9.37 81.15 16.11 30.47 62.99 37.21 -0.88
35.62 2.04 14.34 86.72 16.7 35.45 63.28 37.21 1.46
37.56 -2.66 13.44 83.79 23.44 37.79 63.28 28.12 1.17
37.81 -3.81 13.53 83.79 25.2 38.09 63.28 28.71 1.17
38.31 -5.88 13.35 83.79 28.71 37.79 63.28 28.71 1.17
38.55 -7.33 13.33 83.79 31.05 37.79 63.28 28.71 1.17
38.61 -9.52 13.53 83.79 34.86 38.09 63.87 28.42 1.17
39.55 -10.45 11.09 80.57 36.04 37.79 63.28 28.42 1.17
39.62 -11.62 11.0 80.27 37.79 38.09 63.28 28.12 1.17
39.33 -13.45 11.62 80.27 40.72 39.26 63.87 28.12 1.17
39.23 -16.15 11.64 77.64 42.77 43.95 63.28 28.42 1.17
38.79 -18.33 12.39 75.88 43.65 49.22 62.7 27.83 1.17
38.29 -17.95 13.83 75.88 41.31 53.03 62.99 25.78 1.17
38.18 -15.77 14.66 76.17 36.62 54.79 63.28 18.46 1.17
38.26 -12.84 14.82 76.17 31.05 55.37 63.28 16.7 1.17
33.91 5.26 14.38 72.07 -4.98 57.71 62.99 16.7 1.17
32.51 8.71 12.6 67.38 -12.89 57.71 62.99 11.13 1.17
34.14 8.82 6.82 58.3 -11.72 56.25 62.99 10.84 1.17
36.74 5.42 -1.49 47.46 -4.1 56.25 62.99 10.84 1.17
38.93 0.13 -1.19 47.46 0.88 62.99 62.99 10.84 1.17
39.13 0.08 9.72 67.38 -7.91 73.54 62.99 9.96 15.82
39.72 -8.34 10.11 62.4 5.27 75.29 63.28 -13.18 3.81
40.4 -8.56 7.59 59.18 5.27 75.29 62.99 -16.41 4.39
40.73 -9.63 5.54 55.96 7.32 75.29 63.28 -21.09 4.1
41.04 -10.03 3.33 53.03 7.91 75.29 62.99 -23.73 4.1
41.1 -10.31 1.95 50.98 8.79 75.0 63.28 -23.73 4.1
41.13 -10.87 0.16 48.34 9.96 75.29 62.99 -23.73 3.22
40.73 -10.48 -0.76 45.7 11.13 75.0 63.28 -24.02 0.0
40.35 -10.73 -3.49 41.02 12.6 75.29 62.99 -23.73 -2.64
38.52 -12.16 -3.94 35.74 24.02 74.41 63.28 -20.8 -15.53
38.63 -12.06 -1.92 38.67 24.02 74.41 63.28 -21.09 -15.82
37.56 -10.02 2.11 42.77 22.85 74.41 63.28 -20.8 -21.68
36.19 -6.74 4.07 44.24 17.87 74.12 63.28 -21.68 -26.37
35.62 -5.09 6.21 47.46 13.77 74.41 63.28 -24.02 -26.37
33.77 -0.06 9.35 52.73 2.93 74.41 62.99 -33.69 -26.37
31.29 2.82 7.72 48.63 1.46 73.24 62.7 -35.74 -35.16
30.94 2.92 5.99 45.12 2.93 73.24 63.28 -36.33 -37.79
30.63 2.8 5.09 43.95 4.98 73.54 62.99 -37.21 -40.72
30.15 2.3 5.4 43.95 7.32 73.54 63.87 -36.04 -42.48
31.29 0.61 3.84 41.89 11.13 73.54 62.99 -33.11 -42.19
31.6 -1.51 4.17 41.31 15.82 73.54 63.87 -27.83 -42.19
32.39 -3.71 3.89 41.31 20.8 73.54 62.99 -24.32 -42.19
31.82 -4.73 3.99 41.02 25.78 73.24 63.28 -22.27 -45.12
32.17 -6.16 3.92 40.72 28.71 73.24 62.7 -19.63 -45.12
32.35 -7.18 0.99 34.28 30.76 73.54 63.28 -16.99 -45.12
32.5 -8.55 0.79 31.93 30.76 75.29 62.99 -13.77 -45.12
32.53 -9.05 -0.38 28.71 29.59 77.05 62.99 -13.48 -45.12
32.45 -10.19 -2.98 21.09 24.61 82.32 63.28 -13.48 -44.82
33.71 -2.49 -0.6 31.93 6.15 84.08 63.28 -39.84 -38.38
33.54 -2.13 2.32 36.91 5.27 84.08 62.99 -40.14 -38.67
32.9 -0.46 3.58 39.26 2.34 84.08 62.99 -43.95 -39.55
32.05 1.5 3.16 39.26 0.29 84.08 62.99 -49.51 -41.89
31.97 2.42 2.54 39.26 -0.59 84.08 63.28 -53.91 -41.89
30.97 4.16 1.99 39.26 -2.05 84.08 63.28 -58.89 -44.82
30.63 4.81 0.79 38.38 -0.59 81.74 63.28 -58.89 -45.12
29.46 6.06 1.13 38.38 -0.59 76.76 63.28 -53.32 -44.53
40.08 -7.58 0.63 48.05 12.89 67.38 62.99 9.96 -3.81
39.96 -7.75 -0.1 46.29 12.89 67.38 63.28 19.63 -4.69
39.98 -7.9 -0.52 45.7 13.18 67.38 63.28 19.92 -4.69
39.8 -8.79 0.48 45.7 13.48 67.38 62.99 33.69 -7.91
39.63 -8.98 1.01 45.7 13.48 67.38 63.28 36.33 -9.08
38.42 -11.57 3.91 45.41 14.94 67.38 63.28 44.24 -19.04
38.61 -12.51 3.63 45.41 16.11 67.38 62.99 47.75 -19.04
38.71 -13.31 3.51 45.41 17.29 67.38 63.28 51.56 -18.75
38.73 -14.42 3.45 45.41 19.34 67.38 62.99 52.73 -19.04
38.86 -15.08 2.35 43.95 20.21 67.38 62.99 55.37 -19.04
38.87 -14.77 2.16 43.65 19.63 67.38 62.99 54.79 -19.04
38.91 -13.32 2.14 43.65 16.41 67.38 62.99 53.91 -19.04
38.81 -11.68 2.29 43.65 13.18 67.38 62.99 51.27 -19.04
38.69 -10.81 2.5 43.65 11.43 67.38 63.28 50.39 -19.04
38.55 -9.57 2.66 43.65 8.79 67.38 63.28 48.93 -19.04
38.49 -8.18 2.61 43.65 5.57 67.38 62.7 47.46 -19.04
38.26 -7.43 2.98 43.65 3.81 67.38 63.28 47.75 -19.04
38.02 -6.12 3.23 43.65 0.59 67.38 63.28 47.46 -19.04
37.82 -5.08 3.39 43.65 -1.76 67.38 62.99 46.0 -19.04
37.46 -4.05 3.5 43.07 -3.81 67.38 63.28 43.65 -19.04
36.52 -2.03 3.26 41.31 -4.39 67.38 63.28 26.07 -19.04
36.0 -0.63 -0.23 36.91 0.29 67.09 63.28 0.88 -19.04
36.9 -4.0 -3.57 36.62 15.23 64.16 63.28 -7.91 -19.04
38.12 -11.98 3.91 63.87 47.46 45.12 62.99 -17.58 -19.63
33.04 -4.96 6.47 77.05 50.1 33.98 63.28 -16.41 -39.55
31.79 -3.28 7.17 84.96 50.1 25.49 62.99 -13.18 -42.48
32.23 -3.06 6.34 84.96 49.51 24.32 63.28 -14.65 -41.02
33.62 -5.13 12.89 84.96 43.65 40.14 63.87 -28.71 -29.3
35.0 -5.59 13.87 75.88 31.35 60.06 62.99 -51.27 -25.2
35.64 -5.35 13.95 72.66 23.73 68.85 63.28 -65.62 -24.02
33.53 -5.99 19.58 82.62 23.14 70.61 63.28 -75.0 -24.02
34.58 -5.44 19.13 81.74 16.99 75.29 63.28 -91.41 -24.02
36.02 -6.01 16.53 76.76 16.7 77.05 62.99 -90.82 -24.02
36.28 -6.66 15.95 75.59 18.16 77.05 62.99 -88.77 -24.02
35.84 -7.51 16.58 75.59 19.92 77.05 60.64 -75.29 -24.02
36.25 -8.17 16.2 75.29 20.51 77.05 58.01 -69.14 -24.32
36.33 -8.94 15.66 73.24 21.68 77.05 57.71 -62.11 -24.02
36.7 -8.71 14.25 70.61 21.68 76.46 57.42 -57.71 -24.32
37.78 -9.03 10.81 64.45 21.68 76.76 57.42 -54.2 -24.02
38.45 -9.54 6.26 54.79 20.21 78.52 57.42 -44.24 -24.02
39.06 -10.62 1.08 47.46 22.27 79.39 57.42 -47.17 -24.32
45.65 -9.39 -3.11 86.43 1.17 36.33 -10.25 -16.7 -24.02
45.53 -7.22 0.95 90.82 -1.76 36.33 -10.25 -13.18 -24.32
45.27 -5.38 1.49 91.99 -4.1 36.33 -10.25 -15.53 -24.02
44.82 -4.2 5.06 96.39 -5.86 36.33 -10.25 -14.36 -23.73
44.69 -3.67 5.13 96.39 -6.45 36.33 -10.25 -14.06 -24.02
44.45 -2.54 5.06 96.39 -7.91 36.33 -10.25 -14.36 -24.02
44.41 -2.44 5.1 96.39 -7.91 36.33 -10.25 -14.36 -24.32
44.43 -2.63 5.38 96.68 -7.62 36.33 -9.96 -14.36 -24.02
42.62 -2.2 13.27 108.11 -7.62 36.33 -9.67 -20.51 -24.02
42.56 -2.87 13.96 108.98 -6.74 36.33 -9.67 -20.51 -24.02
42.7 -3.54 14.01 108.98 -5.86 36.33 -9.67 -20.51 -24.02
43.25 -3.79 12.48 106.35 -5.86 36.33 -9.67 -17.29 -23.73
44.41 -3.56 6.92 98.73 -6.15 36.33 -9.67 -15.53 -24.02
44.31 -3.47 7.26 98.73 -6.15 36.33 -9.67 -13.77 -24.61
44.29 -3.43 7.43 98.73 -6.45 36.33 -9.67 -12.3 -24.32
43.98 -2.1 7.63 98.73 -8.5 36.33 -9.67 -10.25 -24.02
43.4 0.06 7.62 98.73 -11.43 36.33 -9.67 -9.67 -24.02
42.85 1.8 7.54 98.73 -13.77 36.33 -9.67 -9.67 -24.02
42.4 3.09 7.47 98.73 -15.53 36.33 -9.67 -9.67 -24.02
42.41 2.82 8.0 98.73 -15.53 36.33 -9.67 -5.86 -24.02
41.99 3.9 8.08 98.73 -17.29 36.33 -9.67 -4.39 -23.73
41.77 4.36 8.18 98.73 -17.87 36.33 -9.67 -3.81 -24.02
41.42 5.2 8.13 98.73 -19.04 36.33 -9.67 -3.81 -24.02
40.96 6.22 8.1 98.73 -20.51 36.33 -9.67 -3.52 -24.02
40.66 6.88 7.97 98.73 -21.39 36.33 -9.67 -4.1 -24.02
40.52 7.38 7.39 98.73 -21.68 36.33 -9.67 -8.2 -24.02
40.08 8.86 4.97 96.68 -23.14 36.33 -9.67 -14.65 -24.32
40.69 7.71 5.17 96.68 -21.68 36.33 -9.67 -13.48 -24.02
41.24 6.52 5.52 96.68 -19.63 36.33 -8.79 -13.18 -23.73
42.33 3.67 6.36 97.56 -15.53 36.33 -8.79 -13.18 -24.02
43.23 1.23 6.39 97.56 -12.3 36.33 -8.79 -13.48 -23.73
43.76 -0.5 6.16 97.56 -9.67 36.33 -8.79 -15.82 -24.02
44.16 -2.03 6.17 97.56 -7.62 36.33 -8.79 -16.11 -24.02
44.43 -2.95 5.82 96.97 -6.45 36.33 -8.79 -15.53 -24.02
44.86 -5.05 5.79 96.97 -3.81 36.33 -8.79 -15.82 -23.73
44.99 -6.22 5.93 96.97 -2.05 36.33 -8.79 -15.53 -24.32
45.3 -8.13 5.46 96.39 0.29 36.33 -8.79 -15.53 -24.02
45.56 -7.9 -1.99 87.01 0.0 36.33 -8.79 -15.53 -24.02
45.3 -6.73 -4.13 84.08 -1.76 36.33 -8.79 -14.06 -23.73
44.27 -2.71 -6.7 79.98 -7.32 36.33 -8.79 -10.25 -23.73
43.46 0.55 -6.22 79.98 -11.72 36.33 -8.79 -8.2 -24.02
42.65 2.94 -6.12 79.98 -14.94 36.33 -8.79 -8.5 -24.02
41.78 5.22 -5.81 79.98 -18.16 38.38 -8.79 -8.5 -24.02
40.72 7.64 -5.06 79.98 -21.68 47.46 -8.5 -9.96 -24.02
39.56 9.89 -4.36 80.27 -24.9 52.15 -8.2 -11.43 -24.02
39.37 10.6 -0.54 85.55 -26.07 53.91 -8.2 -11.43 -24.02
39.45 10.4 2.02 89.06 -26.07 60.06 -8.5 -12.6 -24.02
40.09 8.61 5.82 94.04 -23.44 64.45 -8.2 -13.77 -24.02
41.3 6.17 6.01 94.34 -20.21 68.55 -8.79 -14.65 -24.02
42.75 2.45 6.51 94.34 -14.94 71.19 -8.2 -15.53 -24.02
43.95 -1.53 6.65 94.34 -9.67 71.19 -8.2 -14.94 -24.02
44.81 -5.78 6.74 94.34 -4.1 71.48 -8.2 -14.94 -24.02
45.29 -9.4 6.45 94.34 0.59 71.48 -8.5 -15.82 -23.73
45.3 -14.47 6.66 94.34 7.32 70.9 -8.2 -15.82 -24.02
44.83 -19.47 6.4 94.34 13.77 69.43 -8.5 -15.53 -24.02
43.85 -19.01 4.19 79.1 24.02 48.93 14.65 0.29 -24.02
42.9 -14.26 5.89 79.1 26.95 39.55 26.07 1.46 -24.32
41.45 -12.21 9.51 82.32 28.71 39.55 32.52 -2.64 -24.32
41.42 -11.34 9.28 82.32 28.12 40.14 33.11 -7.03 -24.32
40.47 -10.2 12.93 87.6 26.07 43.36 33.11 -15.82 -24.02
38.43 -10.51 17.94 93.16 25.78 46.29 33.69 -15.23 -24.02
40.19 1.2 0.02 67.09 7.32 48.34 33.11 -20.21 -24.32
39.6 2.48 -3.65 61.82 5.27 48.34 33.11 -21.39 -24.02
37.14 3.98 -1.84 58.01 8.5 48.34 45.12 -23.14 -24.32
36.13 3.51 0.43 58.59 12.89 48.34 52.15 -24.61 -24.32
33.53 -1.98 12.74 70.9 26.07 55.08 64.16 -26.66 -24.02
33.33 3.87 2.08 54.79 17.87 49.8 65.04 -27.83 -24.02
31.55 6.36 -0.24 50.98 15.53 39.26 65.04 -1.46 -24.32
33.62 2.56 4.93 58.89 19.63 36.33 65.04 26.37 -24.02
30.73 4.81 11.14 70.31 16.41 36.33 65.04 19.04 -24.02
27.58 8.31 12.41 69.73 7.03 43.07 65.04 -2.05 -24.02
28.12 10.05 7.18 61.23 5.27 42.48 65.04 -11.43 -24.02
38.13 -0.47 -2.91 46.29 11.43 54.79 65.04 -10.55 -3.52
38.12 -1.62 -0.74 46.58 11.43 59.18 65.04 -13.48 -6.74
37.83 -3.17 2.78 48.34 11.43 64.75 65.04 -16.41 -10.84
38.17 -5.37 5.17 50.39 10.25 70.61 64.45 -19.63 -10.84
37.84 -7.59 8.66 54.79 12.3 73.54 64.75 -20.51 -10.84
37.48 -9.12 10.51 57.13 14.36 75.0 65.04 -21.09 -10.84
37.51 -10.17 10.55 57.13 16.7 75.29 65.04 -21.39 -11.13
38.54 -11.51 6.38 51.27 20.51 74.41 65.04 -20.51 -10.84
39.04 -11.43 1.26 44.24 21.97 72.66 65.04 -18.46 -10.84
39.03 -11.57 -1.52 40.14 22.27 72.66 65.04 -18.16 -10.84
39.86 -16.54 -1.22 42.77 27.83 73.24 65.04 -15.23 -3.22
39.42 -18.41 3.26 48.63 32.23 73.24 65.04 -14.65 -3.81
38.57 -17.44 5.62 50.39 33.69 73.24 65.04 -15.82 -9.08
37.4 -13.34 7.22 51.27 30.47 73.24 65.04 -20.51 -17.29
37.53 -12.69 6.99 51.27 29.0 73.24 65.04 -22.56 -16.99
35.69 -7.83 7.07 51.27 26.37 73.24 65.04 -32.23 -27.25
35.59 -4.74 6.28 51.27 20.21 72.66 65.04 -38.96 -26.95
34.72 -1.57 6.5 51.27 13.18 72.66 65.04 -42.48 -27.54
33.2 1.79 7.73 51.27 3.81 72.66 65.04 -42.77 -27.25
31.88 4.88 6.73 46.88 -5.27 72.66 65.04 -43.95 -27.25
31.12 6.03 7.03 46.0 -9.08 72.66 65.04 -44.24 -27.25
30.86 6.36 7.07 45.7 -9.96 72.66 65.04 -44.53 -27.54
32.16 5.3 3.63 41.02 -6.45 72.66 65.04 -44.53 -27.25
34.06 0.92 2.45 40.72 4.1 72.66 65.04 -35.74 -27.25
35.14 -2.82 2.08 40.72 12.6 72.66 65.04 -28.71 -27.25
35.48 -4.61 2.32 41.02 16.41 72.66 65.04 -24.9 -27.25
35.67 -6.45 2.45 40.72 20.21 72.66 65.04 -20.21 -27.54
35.84 -8.98 3.1 41.02 25.2 72.66 65.04 -14.06 -27.54
35.9 -10.87 3.36 40.72 28.71 73.24 65.04 -10.84 -27.54
35.9 -13.84 3.99 40.72 34.57 73.54 65.04 -5.27 -26.95
35.63 -15.63 4.56 40.72 38.96 73.54 65.04 -2.05 -27.25
35.66 -15.75 4.36 40.72 40.14 73.54 65.04 -4.1 -27.25
35.9 -14.67 3.9 41.02 38.09 73.54 65.04 -8.2 -26.95
36.06 -9.91 2.84 41.02 27.54 73.54 65.04 -16.99 -27.25
35.8 -7.0 2.76 41.02 20.51 73.54 65.04 -20.51 -27.25
35.77 -6.17 2.33 41.02 19.63 73.24 65.04 -23.73 -27.25
35.44 -3.17 1.36 41.02 14.94 72.66 65.04 -33.11 -27.25
35.06 -1.45 1.8 41.02 9.67 72.66 64.45 -32.81 -26.95
36.42 -1.44 -0.04 41.02 4.69 74.71 57.42 -30.76 -27.25
39.04 -5.81 -3.61 40.72 3.81 83.2 48.05 -30.76 -27.25
45.1 -13.94 5.92 87.3 16.41 34.57 33.11 -5.27 12.01
43.81 -9.57 8.82 87.6 15.82 34.57 41.6 -8.2 11.72
42.39 -7.72 10.77 87.6 17.87 34.57 49.22 -8.2 12.01
42.47 -8.53 9.41 84.96 20.8 34.57 52.15 -7.03 12.3
43.41 -10.2 4.42 78.81 23.44 34.57 52.15 -2.05 12.3
43.42 -10.65 4.32 78.81 24.32 34.57 52.15 0.0 12.01
43.41 -11.47 4.65 78.81 25.2 35.16 52.15 -2.05 12.01
42.94 -9.4 5.05 78.22 24.61 35.16 52.15 -0.88 7.03
42.59 -8.04 2.12 72.95 25.2 35.16 52.15 -1.17 1.46
42.3 -6.19 -0.91 68.55 22.85 35.16 52.15 0.0 0.59
41.09 -4.23 5.06 75.29 22.27 35.16 52.44 0.0 -4.39
40.64 -2.6 5.38 75.59 19.92 35.16 52.44 -1.76 -4.69
40.31 -1.68 5.51 75.59 18.75 35.16 52.44 -2.34 -5.27
40.04 -2.82 8.96 79.39 19.34 37.5 52.44 -2.64 -4.69
39.08 -3.81 13.07 83.2 19.34 41.31 52.44 -2.05 -4.98
38.73 -4.38 14.46 83.2 18.16 45.41 52.44 -2.64 -4.69
38.1 -5.08 16.27 84.38 17.87 48.34 52.44 -2.34 -4.98
37.39 -4.19 17.43 85.84 16.11 48.93 52.44 -2.93 -4.98
34.11 2.47 12.31 75.29 17.29 42.19 66.5 -1.46 -8.2
34.22 4.84 5.8 67.97 17.87 36.04 68.85 -1.76 -8.2
34.43 4.94 5.19 67.97 17.87 35.16 68.55 -2.93 -7.62
34.79 3.12 8.5 70.61 18.46 39.55 68.55 -3.22 -6.74
33.49 -0.1 15.72 79.39 21.68 44.53 68.85 -2.93 -6.74
34.59 -4.52 16.47 82.03 30.76 43.36 68.55 -3.52 -6.74
34.81 -4.7 15.86 81.15 31.64 43.07 68.85 -3.81 -7.03
34.81 -4.46 15.85 81.15 31.05 43.07 68.85 -3.81 -6.74
34.92 -4.31 15.5 80.57 30.76 43.07 68.85 -3.81 -6.74
34.77 -4.31 15.85 81.15 30.76 43.07 68.85 -3.81 -6.74
35.04 -4.78 15.48 80.57 31.64 43.07 68.85 -3.81 -6.74
35.33 -6.04 15.43 80.57 33.98 43.07 68.85 -3.81 -6.74
35.39 -6.36 15.42 80.57 34.57 43.07 68.85 -3.81 -6.74
35.23 -5.57 15.45 80.57 33.11 43.07 68.85 -3.81 -6.74
34.72 -3.76 15.55 80.57 29.88 43.07 68.85 -3.81 -7.03
33.2 0.2 13.39 74.12 23.73 45.41 68.85 -6.74 -13.48
33.37 4.37 6.69 62.7 15.82 45.12 68.85 -15.82 -13.48
33.55 4.46 5.02 59.77 15.82 45.12 69.14 -16.41 -13.48
34.35 2.79 5.16 59.18 17.87 47.17 68.85 -16.11 -13.77
34.77 2.12 5.07 59.18 18.75 47.46 68.55 -15.53 -13.48
35.12 1.16 5.02 59.18 20.8 47.75 68.85 -15.53 -13.48
35.9 -0.59 4.01 58.01 24.32 48.05 68.85 -15.53 -13.48
36.46 -1.78 3.35 57.42 26.37 48.05 68.55 -14.65 -13.18
36.87 -2.99 1.85 55.37 29.0 48.05 68.55 -14.36 -13.48
37.13 -3.99 1.64 55.37 31.05 48.05 68.55 -14.65 -13.48
37.46 -5.46 1.44 55.37 33.98 48.05 68.55 -14.36 -13.48
37.67 -6.97 1.32 55.37 37.21 48.05 68.85 -14.36 -13.48
37.97 -8.91 1.15 55.37 40.72 48.05 68.55 -13.48 -13.48
38.05 -10.1 1.16 55.37 43.07 48.05 68.85 -13.18 -13.18
38.14 -11.64 1.06 55.37 46.0 48.05 68.55 -13.18 -13.48
38.13 -12.93 1.24 55.37 48.34 48.34 68.55 -12.6 -13.48
38.04 -14.09 1.25 55.37 50.98 48.05 68.85 -12.01 -13.48
37.95 -15.43 1.31 55.37 53.61 48.05 68.85 -12.01 -13.48
37.85 -17.0 1.99 55.37 55.66 49.51 68.85 -12.89 -12.89
36.43 -16.87 10.19 64.16 52.73 55.08 68.55 -13.18 -13.48
37.28 -14.13 7.64 64.16 50.39 49.51 68.85 -13.18 -13.48
37.44 -13.07 7.05 64.16 48.93 48.34 68.85 -13.48 -13.48
37.01 -12.44 9.11 67.09 47.46 48.93 68.85 -14.94 -13.48
36.32 -11.67 11.62 71.78 46.29 48.34 68.55 -16.99 -13.77
35.5 -12.34 14.06 75.59 47.46 48.34 68.85 -16.99 -13.18
34.99 -13.43 15.15 77.05 49.51 48.93 68.85 -17.87 -13.48
35.09 -15.43 16.36 79.39 50.39 48.34 68.85 -17.58 -8.79
35.66 -16.78 16.28 79.39 49.8 48.34 68.55 -16.7 -4.69
36.75 -16.0 13.72 75.29 48.63 48.34 68.85 -16.99 -4.69
37.87 -16.14 10.38 70.31 48.63 48.34 68.55 -17.87 -4.69
38.51 -15.46 8.19 67.09 47.17 48.34 68.55 -17.87 -4.39
39.44 -12.58 2.03 58.59 42.19 47.75 68.55 -19.34 -4.39
28.55 10.15 13.83 55.96 -26.95 65.62 68.85 -36.91 -4.39
29.69 10.05 11.36 53.03 -23.14 63.57 68.85 -36.91 -4.69
31.16 10.75 3.53 42.77 -16.7 57.71 68.85 -38.38 -4.69
32.36 9.11 3.65 42.77 -16.11 61.23 68.85 -41.31 -4.69
32.86 6.76 8.89 50.68 -16.99 66.8 68.85 -38.09 -4.39
33.0 6.99 7.75 48.63 -17.29 66.5 68.85 -38.09 -4.39
34.18 6.13 4.04 43.36 -14.65 66.5 68.85 -38.38 -4.39
34.52 5.63 3.52 43.07 -13.18 66.5 68.85 -38.38 -4.39
35.4 4.39 1.14 40.72 -9.67 66.5 68.55 -38.38 -4.39
35.54 3.91 -1.33 36.91 -8.2 66.5 68.85 -38.38 -4.69
34.11 6.82 0.09 38.38 -12.3 63.28 68.55 -38.09 -4.39
33.72 7.28 1.92 41.02 -12.89 62.7 68.85 -38.09 -4.39
33.25 7.0 7.2 50.68 -12.01 62.7 68.55 -38.67 -4.39
33.05 6.65 8.63 53.03 -11.43 62.99 68.85 -38.38 -4.39
32.96 5.98 10.34 56.25 -10.25 63.57 68.85 -38.67 -4.39
32.76 4.74 12.88 61.23 -7.62 64.16 68.85 -38.67 -4.39
32.85 4.52 12.96 61.52 -7.03 64.16 68.85 -38.67 -4.39
35.54 4.08 -0.16 40.14 -5.86 64.16 68.85 -38.38 -4.39
35.75 3.63 -0.42 40.14 -4.69 64.16 68.85 -38.38 -4.39
38.22 -6.83 7.07 55.66 18.75 64.16 68.85 -17.58 -4.39
38.81 -7.68 3.66 50.68 20.51 64.16 68.85 -15.82 -4.39
39.02 -9.98 3.6 50.68 25.2 64.16 68.85 -9.67 -4.39
39.03 -9.37 3.15 50.68 25.2 62.7 68.85 -8.79 -4.39
39.07 -9.46 2.86 50.68 26.07 62.11 68.85 -12.01 -4.39
39.19 -9.75 0.05 46.58 26.66 62.11 68.85 -11.72 -4.39
39.2 -10.31 -1.58 44.24 27.83 62.11 68.85 -11.43 -4.39
39.23 -11.0 -1.62 44.24 29.3 62.11 68.85 -11.72 -4.39
39.24 -11.29 -1.63 44.24 29.88 62.11 68.85 -11.43 -4.39
39.25 -11.57 -1.64 44.24 30.47 62.11 68.85 -11.43 -4.39
39.26 -12.7 -1.63 44.24 32.81 62.11 68.85 -10.55 -4.39
39.24 -13.7 -1.58 44.24 34.86 62.11 68.85 -9.38 -4.39
39.2 -14.67 -1.54 44.24 36.91 62.11 68.85 -9.38 -4.39
39.09 -15.69 -1.4 44.24 39.26 62.11 68.85 -9.38 -4.69
39.0 -16.96 -1.13 44.24 41.31 62.7 68.85 -9.38 -4.39
38.92 -17.63 -1.05 44.24 42.77 62.7 68.85 -9.96 -4.39
38.86 -18.04 -0.99 44.24 43.65 62.7 68.85 -9.96 -4.39
39.07 -16.36 -1.27 44.24 40.14 62.7 68.85 -12.89 -4.39
39.28 -12.67 -1.6 44.24 32.52 62.7 68.85 -18.16 -4.39
39.19 -9.4 -0.16 46.29 25.78 62.7 68.85 -21.68 -4.39
38.87 -6.57 0.05 46.29 19.92 62.7 68.85 -26.07 -4.39
38.31 -3.7 0.33 46.29 14.36 62.11 68.85 -27.83 -4.39
37.32 -0.05 0.22 46.29 8.79 59.47 68.55 -27.83 -4.39
36.39 2.19 0.93 46.29 4.39 58.89 68.85 -28.42 -4.39
34.97 5.17 1.43 46.29 -0.59 56.84 68.85 -29.0 -4.39
33.88 7.1 1.7 46.29 -3.52 55.08 68.85 -29.3 -4.39
32.82 8.65 2.68 46.29 -7.62 55.08 68.85 -30.76 -4.39
31.85 9.89 3.58 46.29 -11.13 55.08 68.85 -31.64 -4.39
31.23 9.88 7.35 50.68 -14.94 58.01 68.55 -30.47 -4.39
30.5 8.94 11.6 56.25 -17.29 61.82 68.85 -30.76 -4.39
31.21 7.66 12.05 56.54 -16.99 64.45 68.85 -30.76 -4.39
31.02 5.94 14.98 61.23 -16.7 67.97 68.85 -30.76 -4.39
34.78 -4.04 16.03 64.16 -1.17 76.46 68.85 -29.88 -4.39
35.53 -7.65 16.05 64.16 3.52 79.69 68.55 -29.88 -4.39
35.54 -10.51 16.41 64.16 7.32 82.32 68.85 -29.88 -4.69
35.43 -14.17 16.75 64.16 10.84 86.43 68.85 -30.18 -4.39
37.17 -17.46 11.68 55.96 18.46 86.72 68.55 -29.88 -4.39
38.55 -14.6 7.05 50.1 18.46 81.15 68.85 -30.18 -4.39
39.1 -11.74 3.61 46.58 17.87 75.88 68.85 -30.18 -4.39
39.18 -9.61 0.41 43.36 17.87 71.48 68.85 -30.47 -4.39
39.0 -7.69 -0.74 42.77 16.99 68.26 68.85 -30.47 -4.39
38.56 -4.82 -1.13 42.77 13.18 65.92 68.55 -31.93 -4.69
37.7 -1.52 -1.52 42.77 9.67 62.11 68.85 -31.93 -4.39
36.34 2.21 -1.63 42.77 5.27 58.3 68.85 -31.93 -4.69
30.94 9.68 8.56 55.66 -9.96 55.08 68.85 -33.4 -5.27
34.61 1.27 10.64 55.96 -2.64 68.85 68.85 -33.4 -8.2
37.12 -8.44 10.58 55.96 12.89 75.88 68.85 -33.4 -8.2
37.16 -10.03 10.77 55.96 15.53 77.05 68.85 -33.4 -8.5
37.28 -12.46 10.8 55.96 20.51 77.64 68.85 -33.4 -8.2
37.23 -13.81 10.85 55.96 23.73 77.64 68.85 -32.52 -8.2
37.92 -15.97 7.65 50.98 28.71 77.64 68.55 -31.05 -8.2
37.96 -15.87 7.42 50.68 28.71 77.34 68.55 -29.88 -8.2
38.41 -14.37 4.77 47.46 28.12 75.0 68.85 -29.88 -8.5
38.8 -11.47 1.25 44.53 26.37 70.02 68.85 -30.18 -8.2
38.58 -7.8 -0.55 44.24 23.44 64.75 68.85 -31.64 -8.2
38.14 -4.99 -0.6 44.24 18.46 63.57 68.85 -33.11 -8.2
37.65 -2.89 -0.45 44.24 14.65 62.7 68.85 -33.4 -8.2
36.74 0.09 -0.35 44.24 9.96 60.64 68.85 -33.4 -8.2
35.33 3.7 -0.62 44.24 5.27 56.84 68.55 -33.4 -8.2
31.93 9.4 0.05 44.24 -2.93 50.98 68.85 -33.4 -8.2
30.81 10.65 3.25 48.34 -6.45 50.98 68.85 -33.4 -8.2
30.91 9.75 6.71 53.03 -7.32 53.91 68.85 -33.4 -8.2
31.61 7.9 9.24 56.25 -7.03 58.01 68.55 -33.4 -8.2
32.24 6.04 10.9 58.3 -5.86 61.23 68.55 -33.11 -8.2
35.67 -7.22 14.28 61.82 10.84 75.0 68.85 -31.64 -8.2
37.83 -9.62 8.19 52.73 16.7 75.0 68.85 -32.23 -8.2
38.17 -9.74 6.44 50.1 16.99 75.0 68.85 -32.23 -8.2
38.46 -8.32 3.2 46.29 16.99 72.07 68.85 -32.23 -8.2
38.38 -6.83 1.59 44.53 15.82 70.02 68.85 -32.23 -8.2
38.07 -4.99 1.44 44.53 13.18 68.55 68.85 -32.52 -8.2
37.56 -2.79 1.46 44.53 9.67 67.09 68.85 -33.11 -8.2
36.53 0.37 1.54 44.53 5.27 64.45 68.85 -33.4 -8.5
35.7 2.59 1.37 44.53 2.64 61.82 68.85 -33.69 -8.2
34.52 5.12 1.07 44.53 0.29 58.3 68.85 -33.98 -8.2
33.15 7.49 1.24 44.53 -2.93 55.66 68.85 -34.28 -8.2
31.91 9.42 1.0 46.0 -2.93 50.98 68.85 -33.98 -8.2
34.7 4.88 0.65 46.58 4.39 55.08 68.85 -33.98 -8.2
37.03 -0.92 2.16 48.34 11.72 61.23 68.85 -33.98 -8.2
38.54 -8.23 3.04 48.93 22.85 66.5 68.85 -34.57 -8.2
38.75 -14.5 2.85 48.93 36.62 66.5 68.85 -34.86 -8.2
44.36 -8.19 8.23 86.13 8.2 55.96 24.02 -46.29 -8.2
43.66 -3.25 8.0 86.13 1.46 55.66 24.02 -50.68 -7.91
42.06 2.26 7.94 86.13 -5.86 54.79 24.02 -50.68 -8.2
39.66 7.77 7.78 86.13 -13.48 53.03 24.02 -50.68 -8.2
37.27 11.82 7.6 86.13 -19.34 51.27 24.02 -50.68 -8.2
37.94 11.97 0.99 79.1 -17.29 41.89 24.02 -50.39 -8.2
40.91 6.76 -1.65 76.17 -9.38 41.6 24.02 -48.93 -7.91
42.72 2.42 -1.03 76.17 -3.81 45.41 24.32 -46.88 -7.91
44.34 -3.48 -0.38 76.17 3.81 48.93 24.61 -43.36 -8.2
44.88 -6.38 -0.76 76.17 7.62 48.93 24.32 -46.0 -8.2
45.15 -9.34 -0.52 76.17 11.72 48.93 24.61 -42.19 -8.2
45.13 -9.65 0.02 76.17 12.01 48.93 24.61 -32.23 -8.2
45.11 -9.49 0.21 76.17 11.72 48.93 24.61 -28.71 -8.2
44.72 -6.21 0.58 76.17 7.32 48.93 24.9 -25.49 -8.2
43.77 -2.43 1.78 76.17 2.93 48.93 26.95 -21.39 -8.2
42.31 1.68 2.91 76.17 -2.05 48.93 29.0 -21.09 -8.2
41.16 4.44 3.42 76.17 -6.15 48.93 29.3 -18.46 -8.2
39.78 6.5 4.43 75.59 -8.2 48.93 32.23 -17.87 -8.2
39.04 6.37 2.4 68.55 -4.98 48.93 39.84 -20.21 -8.2
38.37 4.81 0.78 61.23 1.46 48.93 49.51 -20.21 -8.2
38.6 3.3 -0.78 58.01 5.27 48.93 52.15 -19.92 -8.2
38.24 2.79 -1.31 55.66 7.62 48.93 55.37 -19.92 -8.2
37.29 4.58 -0.25 55.96 4.69 49.51 56.54 -26.07 -8.2
36.96 4.87 3.55 59.18 1.17 53.61 56.54 -26.66 -8.2
36.22 5.07 7.51 64.16 -0.59 55.08 56.54 -23.73 -8.2
34.04 7.04 0.88 50.68 0.59 55.96 56.54 -30.18 -20.8
31.21 11.26 1.43 53.61 -3.52 49.51 56.54 -32.23 -20.8
32.73 8.8 4.58 55.96 -3.52 56.25 56.54 -32.81 -20.51
33.86 6.7 5.3 55.96 -1.76 59.77 56.84 -32.81 -20.51
34.98 3.94 7.44 58.59 0.59 63.87 56.54 -32.52 -20.51
35.01 1.0 11.79 65.62 5.27 65.92 56.54 -31.93 -20.8
36.67 -3.37 11.13 65.62 14.36 66.21 56.54 -31.93 -20.8
37.29 -5.79 10.85 65.62 19.34 66.21 56.54 -31.93 -20.8
37.77 -8.21 10.64 65.62 24.02 66.21 56.54 -31.93 -20.51
38.06 -12.51 10.51 65.62 32.52 66.21 56.54 -31.93 -20.51
37.75 -16.82 10.68 65.62 41.02 66.21 56.54 -31.64 -20.51
39.66 -12.87 0.26 51.86 33.69 66.21 56.54 -38.96 -20.51
39.62 -10.24 -0.25 51.27 28.71 66.21 56.54 -40.14 -20.51
39.2 -5.48 -0.37 51.56 19.92 66.21 56.54 -46.0 -20.51
38.56 -2.64 -0.05 51.27 14.36 66.21 56.54 -46.0 -20.51
37.91 -0.43 0.4 51.27 9.96 66.21 56.54 -46.58 -20.51
36.85 2.44 1.12 51.27 4.1 66.21 56.54 -47.75 -20.51
36.12 4.1 1.5 51.27 0.88 65.92 56.54 -48.63 -20.51
34.72 6.83 1.64 50.98 -3.52 64.16 56.54 -49.8 -20.51
33.91 8.2 1.35 49.8 -6.15 63.57 56.54 -50.1 -20.51
33.41 8.94 1.86 49.8 -8.2 63.87 56.54 -50.39 -20.51
32.98 9.5 2.26 49.8 -9.67 63.87 56.54 -50.1 -20.51
32.37 10.31 2.74 49.8 -11.72 63.87 56.54 -50.39 -20.51
31.77 10.85 3.92 50.98 -13.18 63.87 56.84 -50.39 -20.51
31.13 11.29 6.17 54.79 -14.36 63.87 56.54 -50.39 -20.51
31.47 8.72 11.44 62.7 -13.18 69.14 56.84 -50.39 -20.51
33.32 6.97 9.44 59.77 -10.25 70.61 56.54 -50.39 -20.51
34.14 5.67 9.29 60.94 -6.15 69.73 56.54 -50.39 -20.51
35.56 4.79 4.51 54.2 -3.22 68.85 56.54 -50.39 -20.51
36.05 3.91 4.12 54.2 -1.17 68.85 56.54 -50.68 -20.51
35.79 2.48 9.06 62.11 0.88 70.02 56.54 -50.68 -20.51
35.12 0.61 13.54 69.14 3.52 71.48 56.54 -50.39 -20.51
34.93 1.56 13.01 67.97 1.46 71.48 56.54 -50.39 -20.51
35.82 2.73 8.44 60.94 0.29 70.02 56.54 -50.39 -20.51
36.06 3.61 5.19 56.54 0.29 67.97 56.54 -50.39 -20.51
36.04 4.41 1.63 52.44 1.46 64.75 56.54 -50.39 -20.51
35.93 4.73 0.59 51.56 2.05 63.28 56.54 -50.39 -20.51
35.71 5.29 -0.34 51.27 2.64 60.94 56.54 -50.39 -20.21
35.27 6.03 -0.16 51.27 1.46 60.64 56.54 -50.39 -20.51
34.96 6.49 0.44 51.56 0.29 60.64 56.54 -48.93 -20.51
34.59 6.73 2.94 54.79 -0.59 60.64 56.54 -46.0 -20.51
34.63 6.29 3.93 56.25 0.29 60.64 56.54 -43.95 -20.8
34.83 4.84 5.44 56.54 1.46 60.64 56.54 -30.76 -20.8
35.54 2.82 5.79 56.54 4.69 60.06 56.54 -21.09 -20.8
31.23 5.16 2.06 48.63 9.38 57.42 56.54 -24.02 -38.38
30.07 5.09 1.39 47.46 12.01 57.42 56.54 -25.2 -43.65
30.26 5.56 0.09 47.46 12.3 57.71 56.54 -30.76 -43.07
31.02 4.0 2.11 47.75 11.43 62.7 56.54 -30.47 -43.07
30.86 3.63 5.09 51.27 9.67 65.33 56.54 -30.76 -43.07
29.47 1.94 12.66 63.57 10.25 68.85 56.54 -30.47 -43.07
31.28 2.71 6.24 53.32 10.25 68.85 56.54 -35.16 -43.36
31.87 2.66 3.3 49.22 11.43 68.55 56.54 -36.91 -43.36
31.56 3.59 -0.39 44.24 12.01 65.92 56.84 -37.5 -43.36
31.58 3.67 -1.07 43.65 12.3 65.33 56.54 -37.5 -43.36
31.89 2.58 3.13 50.1 13.48 65.92 56.54 -34.57 -43.07
31.61 1.73 7.11 55.96 13.48 67.97 56.54 -34.28 -43.07
31.25 1.56 8.59 58.3 13.48 68.55 56.54 -34.28 -43.36
30.9 -0.22 12.27 65.62 17.29 70.02 56.54 -36.04 -43.36
31.35 -1.64 12.31 65.62 20.51 70.02 56.54 -34.57 -43.36
32.75 -2.86 9.62 61.23 23.44 70.02 56.54 -34.57 -43.07
33.74 -2.74 7.44 57.42 21.97 70.02 56.54 -34.86 -41.02
34.93 -3.02 4.92 53.61 21.09 70.02 56.54 -35.74 -38.09
35.13 -2.62 3.44 51.27 19.92 70.02 56.54 -36.33 -37.5
36.77 -3.44 0.46 47.75 18.46 70.02 56.54 -38.38 -31.35
36.91 -2.62 0.12 47.46 15.82 70.02 56.54 -39.84 -29.59
37.55 -2.7 -0.2 47.75 14.36 70.02 56.54 -41.89 -26.37
37.29 -2.79 4.2 54.2 14.36 70.02 56.54 -40.72 -26.37
36.96 -1.82 5.21 55.96 12.6 70.02 56.54 -42.77 -26.37
37.67 -1.18 3.56 55.66 10.25 70.02 53.03 -44.24 -26.37
39.22 -0.54 1.82 58.89 6.45 69.73 43.65 -44.53 -26.37
40.17 0.19 3.14 65.92 2.93 69.73 35.16 -44.24 -26.37
39.89 0.16 6.28 70.61 2.64 70.02 34.57 -43.95 -26.37
39.36 -0.53 9.89 75.29 2.93 71.48 34.57 -43.65 -26.37
39.33 -0.41 9.89 75.29 2.64 71.78 34.57 -44.24 -26.37
38.91 -0.64 11.47 77.05 2.64 71.78 34.57 -41.6 -26.37
38.45 0.57 11.56 77.05 0.88 70.9 34.57 -40.14 -26.37
38.21 2.44 9.87 75.0 -1.17 68.85 34.57 -39.84 -26.37
38.16 5.14 3.2 66.21 -3.22 63.87 34.86 -38.96 -26.07
38.23 5.26 -0.16 61.82 -2.64 62.99 34.86 -40.14 -26.37
38.96 3.66 -1.35 60.94 0.29 62.99 34.86 -41.31 -26.37
40.13 0.69 -2.24 60.94 5.27 62.99 34.57 -42.19 -26.37
40.65 -0.9 -2.77 60.94 7.91 63.28 34.57 -44.24 -26.37
41.3 -3.33 -2.52 60.94 10.84 65.33 34.57 -44.53 -26.37
41.79 -5.65 -0.41 62.4 12.6 69.43 34.86 -44.82 -26.37
41.75 -7.2 4.67 67.97 12.89 73.54 34.86 -44.82 -26.37
41.67 -9.24 6.81 70.61 15.53 74.71 34.86 -44.82 -26.37
41.48 -14.45 8.35 72.95 24.02 74.41 34.86 -45.12 -26.37
41.46 -16.18 8.06 72.66 26.66 74.41 34.57 -45.12 -26.37
41.96 -16.51 4.28 68.55 29.0 70.9 34.86 -45.12 -26.37
42.35 -14.34 0.53 64.75 26.95 67.97 34.86 -45.41 -26.37
42.42 -11.49 -0.49 64.45 23.44 65.62 34.57 -45.12 -26.37
42.09 -7.49 -1.01 64.45 18.46 63.28 34.86 -45.41 -26.37
41.37 -3.39 -0.99 64.45 12.6 62.11 34.86 -45.12 -26.37
40.4 0.24 -1.01 64.45 7.32 61.23 34.86 -46.29 -26.37
38.91 4.14 -0.69 64.45 1.46 60.06 34.86 -46.29 -26.37
37.38 7.01 0.35 64.45 -3.22 60.06 35.74 -46.29 -26.37
35.95 7.81 3.05 64.45 -3.81 60.94 41.02 -46.29 -26.37
35.32 8.1 6.36 68.26 -5.86 63.28 41.02 -46.29 -26.37
35.23 6.41 10.71 74.12 -4.69 66.5 41.02 -46.29 -26.37
37.07 0.55 -1.77 55.08 17.87 55.96 54.49 -44.53 -26.37
38.0 -1.86 -2.52 52.73 19.34 61.23 54.49 -50.1 -26.37
38.4 -3.2 0.66 54.79 18.46 66.21 54.49 -50.1 -26.37
39.49 -3.79 -1.09 55.66 17.29 65.92 48.93 -50.1 -26.37
41.94 -4.54 -1.25 65.04 12.6 65.33 33.11 -50.1 -26.37
43.08 -3.94 -0.04 73.24 7.91 65.33 21.97 -50.1 -26.37
43.36 -5.65 2.69 76.17 9.08 68.85 21.39 -50.1 -26.37
43.76 -9.49 6.02 81.74 12.6 72.07 18.16 -50.39 -26.37
43.89 -13.41 5.94 82.03 18.16 72.07 18.16 -52.15 -26.37
43.62 -17.6 5.84 82.03 24.02 72.07 18.16 -53.03 -26.37
43.81 -17.81 4.02 79.69 24.32 72.07 18.16 -53.32 -26.37
43.51 -6.5 -4.33 65.92 7.32 72.07 18.16 -39.84 -26.37
42.89 -3.03 -4.06 65.92 2.34 72.07 18.16 -39.84 -26.37
42.34 -0.71 -3.56 65.92 -1.46 73.24 18.16 -39.84 -26.37
41.4 2.48 -2.47 66.8 -6.45 73.54 18.16 -39.84 -26.07
40.17 5.42 1.75 72.07 -10.84 73.54 18.16 -40.14 -26.37
39.2 7.41 2.05 72.36 -13.77 73.54 18.16 -41.6 -26.37
37.14 9.14 9.47 83.2 -16.7 73.54 18.16 -41.6 -26.07
37.8 7.26 10.89 85.55 -13.48 73.54 18.16 -41.89 -26.37
38.23 4.66 12.56 85.55 -9.67 75.29 21.39 -42.19 -26.37
39.8 -3.16 14.51 85.55 2.34 77.34 25.78 -43.36 -26.37
40.5 -6.38 14.37 85.55 7.32 77.34 25.78 -43.95 -26.37
41.49 -9.29 12.41 82.91 11.72 77.34 25.78 -44.24 -26.37
42.57 -11.38 8.61 77.93 14.94 77.34 25.78 -45.12 -26.37
43.38 -11.5 2.38 70.31 16.11 75.0 25.78 -45.12 -26.37
43.24 -9.66 -3.22 63.57 14.36 72.66 25.78 -45.12 -26.37
40.94 -2.25 -3.31 60.06 7.62 70.02 30.18 -45.12 -30.76
39.84 -0.15 -0.88 60.06 5.27 70.02 34.57 -44.53 -30.76
37.42 2.15 3.72 60.06 2.93 70.61 43.65 -44.53 -30.76
35.24 4.35 5.03 60.06 2.93 66.8 48.93 -44.53 -31.35
35.15 5.37 0.15 56.54 6.15 59.77 48.93 -44.82 -31.35
35.19 5.26 -1.41 55.66 7.91 57.42 48.93 -44.53 -31.35
33.64 5.98 0.64 55.66 8.79 57.42 54.49 -44.82 -31.93
33.72 5.27 4.47 60.94 8.79 59.47 54.49 -44.82 -31.93
33.27 3.89 9.77 67.38 8.5 63.57 54.49 -44.53 -31.93
32.1 2.48 14.61 74.12 9.08 66.8 54.49 -44.82 -32.23
32.98 5.64 6.41 64.45 8.79 59.18 54.49 -44.82 -33.11
32.68 7.14 2.14 60.35 9.08 54.2 54.49 -44.82 -33.11
32.53 7.53 -0.2 58.3 9.96 51.56 54.49 -44.82 -33.11
34.36 4.37 1.27 58.01 12.6 58.01 54.49 -46.58 -33.11
35.44 1.8 2.8 58.3 14.65 62.7 54.49 -46.88 -33.11
36.19 -0.91 5.05 60.64 17.87 65.92 54.49 -46.88 -33.11
36.95 -3.61 5.18 60.64 22.27 67.38 54.49 -46.88 -33.11
37.47 -6.76 5.87 60.64 26.66 70.02 54.49 -46.88 -33.11
37.71 -9.04 6.2 60.64 30.18 71.48 54.49 -47.17 -33.11
37.69 -11.82 7.16 60.64 33.69 74.41 54.49 -47.46 -33.11
37.9 -13.93 5.87 58.59 37.79 74.71 54.49 -47.75 -33.11
38.27 -15.61 2.6 53.61 40.43 75.88 54.49 -50.1 -33.11
38.35 -15.46 0.89 50.98 40.14 75.88 54.49 -49.8 -33.11
38.39 -13.98 -0.99 48.34 37.5 75.29 54.49 -48.93 -33.11
38.32 -11.22 -1.5 47.46 32.23 74.71 54.49 -47.46 -33.11
38.23 -8.56 -1.33 47.46 26.37 74.71 54.49 -47.46 -32.52
37.92 -6.3 -1.05 47.46 21.68 74.71 54.49 -47.46 -32.52
37.33 -3.2 -0.63 47.46 15.23 74.41 54.49 -47.75 -32.23
36.47 -0.22 0.09 47.46 8.79 74.12 54.49 -47.75 -31.93
35.4 2.66 0.26 47.46 4.1 72.07 54.49 -48.05 -31.64
33.84 5.95 0.31 47.46 -0.59 68.85 54.49 -48.63 -31.35
31.15 9.73 3.9 53.32 -6.15 64.75 54.49 -48.63 -31.35
32.49 4.73 11.5 64.75 -1.46 72.66 54.49 -48.63 -31.35
29.0 6.77 16.28 75.0 -2.93 69.14 54.49 -48.05 -31.64
29.24 7.46 15.0 74.71 -1.46 65.92 54.49 -48.05 -31.64
30.45 7.26 12.69 73.54 2.64 62.11 54.49 -48.05 -31.93
32.02 5.86 10.93 70.9 5.86 62.11 54.49 -48.05 -31.93
33.16 4.71 9.42 70.31 9.96 60.06 54.49 -48.05 -31.93
34.49 3.24 7.1 67.38 13.48 59.47 54.49 -48.05 -31.93
35.48 1.42 6.4 66.8 16.99 59.47 54.49 -48.05 -31.64
36.64 -0.57 3.24 62.7 21.09 59.47 54.49 -48.93 -31.93
37.35 -2.53 -0.97 56.25 24.61 59.47 54.49 -47.46 -31.64
33.24 1.58 -0.14 38.09 9.08 71.78 67.38 -45.12 -30.47
32.21 1.9 -0.04 33.98 7.03 73.24 71.19 -45.12 -30.47
30.93 2.58 3.36 36.91 5.27 73.24 74.41 -45.12 -30.47
29.27 4.64 6.72 40.43 -2.64 73.24 74.41 -46.58 -30.47
29.73 3.24 8.8 50.1 7.91 70.9 74.41 -48.05 -30.47
28.74 4.32 10.82 65.62 19.04 60.06 74.41 -50.39 -30.76
28.43 4.91 9.78 75.29 26.95 50.39 74.41 -51.56 -33.69
27.32 3.3 14.04 80.27 28.71 53.91 74.41 -49.22 -33.98
40.32 -3.03 16.94 111.33 3.52 51.56 1.46 -48.93 -31.64
42.27 -5.22 14.05 108.4 3.52 51.27 -2.93 -45.12 -29.59
42.5 -5.59 13.76 109.86 2.93 51.86 -5.57 -47.75 -29.59
41.7 -6.52 16.6 118.65 0.29 50.1 -14.06 -48.93 -29.59
41.95 -6.52 15.95 117.77 0.29 50.1 -14.06 -48.93 -29.59
41.89 -6.51 16.12 118.07 0.29 50.1 -14.06 -49.22 -29.59
41.97 -6.51 15.9 117.77 0.29 50.1 -14.06 -49.22 -29.59
41.95 -6.52 15.95 117.77 0.29 50.1 -14.06 -48.93 -29.59
41.77 -5.2 15.86 117.77 -1.46 50.1 -14.06 -48.93 -29.59
41.69 -4.09 15.45 117.77 -2.93 50.1 -14.06 -50.68 -29.59
41.5 -2.78 15.16 117.77 -4.69 50.1 -14.06 -51.56 -29.59
41.4 -1.92 14.96 116.6 -5.86 50.1 -14.06 -47.46 -29.59
41.6 -1.24 13.86 115.14 -6.74 50.39 -14.06 -47.46 -29.59
41.13 0.31 13.9 115.14 -8.79 50.98 -14.06 -46.58 -29.59
40.93 0.94 13.86 115.14 -9.67 50.98 -14.06 -46.29 -29.59
40.68 1.79 13.74 115.14 -10.84 50.98 -14.06 -46.29 -29.59
40.24 3.08 13.58 115.14 -12.6 51.27 -14.06 -46.29 -29.59
40.22 2.86 13.96 115.14 -12.3 51.56 -14.06 -44.53 -29.59
39.94 2.96 14.79 115.14 -12.6 51.56 -14.06 -39.84 -29.59
39.94 3.22 14.43 115.14 -12.89 51.56 -14.06 -41.6 -29.59
40.07 2.73 14.67 114.84 -12.3 51.56 -14.06 -39.55 -29.59
40.77 1.71 13.88 112.5 -11.13 51.56 -14.06 -35.45 -29.59
40.72 1.31 14.54 112.5 -10.84 51.56 -14.06 -31.93 -29.59
41.96 0.49 12.19 109.57 -10.84 51.56 -14.06 -32.23 -26.95
43.31 -1.43 10.63 108.69 -10.84 51.56 -14.06 -35.16 -20.8
43.82 -2.55 10.36 108.69 -11.13 51.56 -14.06 -34.86 -16.99
43.8 -2.26 10.12 108.69 -11.43 51.56 -14.06 -36.91 -16.99
44.14 -3.79 10.1 108.69 -9.38 51.56 -14.06 -38.09 -16.99
45.25 -4.86 4.37 101.66 -7.91 51.56 -14.06 -40.72 -16.99
44.98 -2.55 1.28 97.56 -10.84 51.56 -14.06 -38.96 -17.29
44.59 -0.91 1.3 97.56 -13.18 51.56 -14.06 -38.09 -16.99
44.36 -0.08 1.52 97.56 -14.36 51.56 -14.06 -35.74 -16.99
43.67 1.76 4.03 97.56 -14.36 51.56 -8.5 -34.28 -16.99
43.46 2.24 4.45 97.56 -14.65 51.56 -7.62 -33.69 -16.99
42.58 2.48 9.34 103.71 -14.94 51.56 -7.62 -31.35 -17.29
42.48 1.67 10.99 105.18 -13.48 51.56 -6.45 -31.05 -16.99
41.77 1.52 13.46 106.35 -12.01 51.56 -3.22 -28.42 -16.99
41.14 3.14 13.56 106.35 -14.36 51.56 -3.22 -25.78 -16.99
40.86 4.34 13.13 106.35 -16.41 51.56 -3.22 -27.25 -15.82
41.65 3.47 12.45 106.35 -17.29 51.56 -3.22 -28.42 -10.84
42.67 3.73 7.68 100.49 -17.29 51.56 -3.22 -35.45 -11.13
42.65 4.92 4.48 96.39 -19.04 51.56 -3.22 -36.04 -10.84
42.35 6.09 1.17 91.99 -20.51 51.56 -3.22 -36.62 -11.13
41.47 7.95 -0.31 89.94 -23.14 51.56 -3.22 -36.04 -11.13
40.61 9.37 -0.0 89.94 -24.02 51.56 -3.22 -35.74 -13.77
40.1 10.1 -0.02 89.65 -24.32 51.56 -3.22 -35.74 -15.53
39.78 10.76 1.34 89.65 -24.9 51.56 1.17 -38.09 -12.01
39.65 10.72 3.54 91.99 -24.32 51.56 2.93 -39.84 -11.43
38.87 11.82 4.57 93.75 -26.07 51.56 2.93 -41.6 -11.13
38.49 12.41 4.48 93.75 -26.95 51.56 2.93 -42.48 -11.13
38.76 12.2 4.41 93.75 -27.83 51.56 2.93 -41.31 -8.5
37.87 13.0 6.08 93.75 -27.54 51.56 6.74 -40.14 -8.5
38.12 12.42 6.69 93.75 -26.37 51.56 7.91 -38.09 -8.2
38.54 11.45 7.5 94.04 -24.32 51.56 9.08 -36.91 -8.5
38.75 10.56 9.18 96.39 -23.14 51.56 9.08 -35.74 -8.2
39.2 9.66 9.49 96.68 -21.68 51.56 9.08 -35.16 -8.5
38.47 9.02 13.23 101.95 -20.8 51.56 9.08 -33.11 -8.5
38.43 8.81 13.68 102.54 -20.51 51.56 9.08 -32.52 -8.5
38.43 8.82 13.66 102.54 -20.51 51.56 9.08 -32.81 -8.5
38.43 8.82 13.66 102.54 -20.51 51.56 9.08 -32.81 -8.5
38.96 8.83 12.05 100.2 -20.51 51.56 9.08 -33.4 -8.5
39.58 8.22 11.11 98.73 -19.63 51.56 9.08 -33.11 -8.5
40.26 7.82 9.27 96.09 -19.04 51.56 9.08 -33.69 -8.5
40.75 8.04 6.11 91.7 -19.34 51.56 9.08 -34.57 -8.5
40.51 8.87 4.59 89.65 -20.51 51.56 9.08 -35.74 -8.5
39.48 10.68 4.5 89.65 -23.14 51.56 9.08 -37.5 -8.5
38.5 12.23 4.47 89.65 -25.49 51.56 9.08 -38.09 -8.5
37.72 13.36 4.47 89.65 -27.25 51.56 9.08 -38.09 -8.5
37.33 13.91 4.48 89.65 -28.12 51.56 9.08 -38.09 -8.5
37.05 14.28 4.48 89.65 -28.71 51.56 9.08 -38.09 -8.5
36.77 14.65 4.48 89.65 -29.3 51.56 9.08 -38.09 -8.5
36.64 14.83 4.48 89.65 -29.59 51.56 9.08 -38.09 -8.5
37.05 14.28 4.48 89.65 -28.71 51.56 9.08 -38.09 -8.5
37.46 13.73 4.48 89.65 -27.83 51.56 9.08 -38.09 -8.5
37.86 13.17 4.47 89.65 -26.95 51.56 9.08 -38.09 -8.5
37.71 12.95 6.52 92.58 -26.66 51.56 9.08 -36.04 -8.5
37.57 12.95 7.29 93.75 -26.66 51.56 9.08 -36.04 -8.5
37.01 13.11 9.28 96.68 -26.95 51.56 9.08 -34.28 -8.5
35.98 13.06 12.8 101.95 -26.95 51.56 9.08 -31.35 -8.5
35.84 13.04 13.2 102.54 -26.95 51.56 9.08 -30.76 -8.5
35.75 12.82 13.87 103.42 -26.66 51.56 9.08 -29.0 -8.5
35.36 12.99 14.2 103.71 -26.07 51.56 9.08 -29.88 -10.55
35.86 12.24 14.32 103.71 -24.9 51.56 9.08 -29.88 -10.55
40.15 6.21 11.61 98.44 -14.65 51.56 9.08 -32.23 -13.48
42.68 0.51 10.6 96.68 -6.74 51.56 9.08 -32.52 -13.48
