nan
0.2283731
0.12965828
0.085659206
0.06828546
0.06430635
0.058996893
0.05847216
0.057694066
0.05427221
0.053129677
0.050730675
0.051682428
0.051277116
0.052170686
0.05102417
0.050161
0.051486667
0.048963275
0.048112176
0.05004881
0.047274742
0.04825471
0.04665703
0.048298083
0.048027687
0.046991266
0.044909667
0.04732811
0.04675508
0.04691255
0.045990154
0.046636116
0.04643188
0.045284532
0.04641907
0.044321757
0.042388476
0.041998338
0.041873075
0.04350967
0.042426687
0.04381365
0.04180862
0.04126735
0.04027408
0.041163296
0.040358234
0.038669255
0.040586077
0.04104117
0.03920341
0.03941591
0.039587565
0.03778656
0.04038297
0.03820512
0.03643297
0.037174392
0.038163114
0.037870638
0.036922894
0.036594596
0.03548086
0.03649686
0.034500234
0.036003105
0.03602042
0.035196614
0.03492743
0.033949252
0.034915578
0.03430866
0.033653922
0.03514363
0.031518873
0.03476269
0.033859216
0.03314826
0.03275062
0.03327109
0.033299185
0.032539174
0.032414984
0.0318809
0.031717118
0.032537833
0.033118065
0.032645654
0.03253914
0.03295548
0.03263529
0.031198397
0.03078678
0.031261183
0.032089762
0.032852843
0.02991729
0.030726817
0.031658746
0.03202528
0.030100765
0.03145079
0.03154744
0.029651463
0.030896083
0.029482417
0.030348081
0.032888595
0.030559674
0.028723557
0.03317759
0.029571364
0.030483942
0.03041787
0.03176261
0.029442737
0.030119913
0.030564277
0.029011225
0.03046678
0.03228689
0.030176172
0.031079529
0.02994478
0.02959946
0.030524416
0.02810734
0.029277178
0.029927842
0.030253861
0.02911097
0.02874216
0.02965934
0.027728233
0.02877891
0.028213298
0.030641621
0.028666038
0.03013898
0.030458607
0.030605765
0.029468086
0.028778687
0.030707004
0.029506607
0.028412499
0.028769648
0.028469436
0.028941523
0.02752515
0.027731096
0.028466702
0.030411445
0.029517567
0.028720284
0.028424913
0.028878048
0.03063662
0.027954854
0.027953649
0.028691731
0.027112484
0.029513178
0.028124176
0.029046023
0.029962279
0.027286243
0.029265208
0.027158521
0.02641476
0.028899916
0.027828913
0.028933749
0.028137827
0.030326888
0.028671326
0.028590456
0.029036678
0.028054805
0.027822793
0.027791178
0.028068867
0.029571515
0.028740833
0.029287718
0.028179986
0.028668098
0.029490098
0.029087396
0.030556625
0.028922701
0.027540527
0.029358959
0.027654698
0.027111
0.029044792
0.027110092
0.02787729
0.029061621
