-0.998889874961970,-0.980490314190878,0,0.998877080046555,0.980490314190878,1,0,0,23.5
0,-0.194843774738234,-1.00000000000000,0.00506143321981206,0.194843774738234,0,1,0,9.29
0.0471064507096427,-0.0259739720418371,0,-0.0471058473167488,0.0259739720418371,0,0,1,4.97
-0.985615113141945,-0.998951092105846,0,0.891811217690188,0.998951092105846,1,0,0,32.7
0,0.0396446686176194,-1.00000000000000,-0.425779291565073,-0.0396446686176194,0,1,0,-2.82
0.169005469574779,0.0229132239271509,0,-0.152920720885982,-0.0229132239271509,0,0,1,-2.79
-0.999937615001086,-0.992143603316718,0,0.996589496492394,0.992143603316718,1,0,0,25.3
0,-0.109194549015493,-1.00000000000000,-0.0817645613444447,0.109194549015493,0,1,0,8.57
0.0111698749294222,-0.0610542452498006,0,-0.0111324745312074,0.0610542452498006,0,0,1,-0.05
-0.993211314800306,-0.970414572802830,0,0.932062018090726,0.970414572802830,1,0,0,31.12
0,0.133076704838181,-1.00000000000000,-0.345461991671052,-0.133076704838181,0,1,0,-1.97
-0.116324048041013,-0.201460039514820,0,0.109162295428932,0.201460039514820,0,0,1,5.57
-0.999769581002165,-0.975317259932336,0,0.999716575025145,0.975317259932336,1,0,0,33.02
0,-0.152402158693663,-1.00000000000000,-0.0102972606021890,0.152402158693663,0,1,0,-0.37
0.0214659009304303,-0.159780551080511,0,-0.0214647628471429,0.159780551080511,0,0,1,7.06
-0.996133609143173,-0.982648019421164,0,0.996120849533139,0.982648019421164,1,0,0,32.28
0,-0.184931950174004,-1.00000000000000,-0.00506143321981194,0.184931950174004,0,1,0,4.19
0.0878511965507433,0.0142493414761153,0,-0.0878500712528931,-0.0142493414761153,0,0,1,-0.61
-0.998059468658570,-0.992769107119663,0,0.993346988995871,0.992769107119663,1,0,0,33.27
0,-0.108528529787119,-1.00000000000000,-0.0970617865584347,0.108528529787119,0,1,0,2.39
0.0622679453729828,-0.0512938414536584,0,-0.0619739384170620,0.0512938414536584,0,0,1,-0.59
-0.976821953852065,-0.958045670565054,0,0.875178206122960,0.958045670565054,1,0,0,30.65
0,0.281803130693922,-1.00000000000000,-0.444166124675779,-0.281803130693922,0,1,0,-4.14
0.214053429013960,0.0523018990349298,0,-0.191779981275152,-0.0523018990349298,0,0,1,0.88
-0.981958712696444,-0.992334791636011,0,0.953736279175380,0.992334791636011,1,0,0,32.31
0,-0.0682479947634157,-1.00000000000000,-0.238024940184262,0.0682479947634157,0,1,0,-0.61
0.189095442989892,-0.103023650291994,0,-0.183660658920138,0.103023650291994,0,0,1,3.3
-0.996133609143173,-0.997854442888281,0,0.988015148365056,0.997854442888281,1,0,0,34.87
0,-0.0635881225330989,-1.00000000000000,-0.127410837330209,0.0635881225330989,0,1,0,-0.12
0.0878511965507433,0.0155904291420487,0,-0.0871352117802653,-0.0155904291420487,0,0,1,-0.62
-0.999957216788462,-0.907907612293206,0,0.999944408201321,0.907907612293206,1,0,0,34.72
0,-0.389598918481164,-1.00000000000000,0.00506143321981206,0.389598918481164,0,1,0,1.85
-0.00925011311679678,-0.154649443123333,0,0.00924999463084765,0.154649443123333,0,0,1,1.27
-0.926987583925750,-0.935539433688131,0,0.861413947705822,0.935539433688131,1,0,0,28.57
0,0.185262919460240,-1.00000000000000,-0.369422406302939,-0.185262919460240,0,1,0,-0.93
0.375092014374474,0.300738455618101,0,-0.348558598257477,-0.300738455618101,0,0,1,-4.28
-0.912976655836507,-0.990201704365824,0,0.880912075985393,0.990201704365824,1,0,0,30.96
0,0.0161024726851380,-1.00000000000000,-0.262694424132390,-0.0161024726851380,0,1,0,-0.54
0.408011796272593,0.138712995225547,0,-0.393682046724076,-0.138712995225547,0,0,1,-1.96
-0.999321983024376,-0.993831058482656,0,0.926751091719712,0.993831058482656,1,0,0,32.5
0,-0.0161120256888267,-1.00000000000000,-0.374121069756828,0.0161120256888267,0,1,0,-2.46
0.0368181238553564,-0.109727981041514,0,-0.0341443869519989,0.109727981041514,0,0,1,0.7
-0.998638653892066,-0.991238013517506,0,0.945641029848832,0.991238013517506,1,0,0,33.22
0,0.130205988677149,-1.00000000000000,-0.321439465303162,-0.130205988677149,0,1,0,-5.88
0.0521616617128152,-0.0222171346144044,0,-0.0493934490803960,0.0222171346144044,0,0,1,4.62
-0.995868565078524,-0.982353825987796,0,0.983389290452200,0.982353825987796,1,0,0,34.82
0,-0.0600029733633390,-1.00000000000000,-0.157813385185793,0.0600029733633390,0,1,0,-3.02
-0.0908063934337353,-0.177145713339885,0,0.0896684943562640,0.177145713339885,0,0,1,4.96
-0.973857159426895,-0.951492015080185,0,0.968252448482945,0.951492015080185,1,0,0,31.48
0,-0.0838991766249136,-1.00000000000000,-0.107131754313874,0.0838991766249136,0,1,0,0.8
-0.227161248968612,-0.296013299363916,0,0.225853897961524,0.296013299363916,0,0,1,9.96
-0.999937615001086,-0.958432671894144,0,0.981130513572716,0.958432671894144,1,0,0,32.7
0,-0.125019631182327,-1.00000000000000,-0.193035743749306,0.125019631182327,0,1,0,-0.92
0.0111698749294222,-0.256470086491364,0,-0.0109597888524627,0.256470086491364,0,0,1,7.19
-0.912976655836507,-0.990241601509092,0,0.887825380537489,0.990241601509092,1,0,0,30.91
0,-0.0132411756668027,-1.00000000000000,-0.233105928507328,0.0132411756668027,0,1,0,-0.44
0.408011796272593,0.138730825369381,0,-0.396771621677004,-0.138730825369381,0,0,1,-1.29
-0.996985422603909,-0.998802376906691,0,0.968331107053672,0.998802376906691,1,0,0,33.78
0,0.0486299219485367,-1.00000000000000,-0.238024940184262,-0.0486299219485367,0,1,0,-1.42
0.0775890914710661,0.00537983055707264,0,-0.0753591066991108,-0.00537983055707264,0,0,1,-0.17
-0.994132099387155,-0.998882042093260,0,0.981674584491986,0.998882042093260,1,0,0,27.2
0,-0.0282499514978205,-1.00000000000000,-0.157813385185793,0.0282499514978205,0,1,0,4.4
0.108172866136050,0.0379025886183153,0,-0.106817346993298,-0.0379025886183153,0,0,1,3.8
-0.999321983024376,-0.995374841827273,0,0.960079347236659,0.995374841827273,1,0,0,32.15
0,0.0892639319276859,-1.00000000000000,-0.277482336674028,-0.0892639319276859,0,1,0,-2.04
0.0368181238553564,-0.0355087977005737,0,-0.0353723033396602,0.0355087977005737,0,0,1,2.33
-0.985109326154774,-0.968198323489194,0,0.974288750712840,0.968198323489194,1,0,0,33.08
0,-0.0767460207378824,-1.00000000000000,-0.147809411129611,0.0767460207378824,0,1,0,-0.78
-0.171929100279410,-0.238121932407777,0,0.170040607549878,0.238121932407777,0,0,1,7.31
-0.997719754796491,-0.979785007664570,0,0.997666857497553,0.979785007664570,1,0,0,28.07
0,-0.199962810097356,-1.00000000000000,0.0102972606021891,0.199962810097356,0,1,0,4.55
0.0674928950988966,-0.00601775154918056,0,-0.0674893167475298,0.00601775154918056,0,0,1,7.55
-0.972206707841360,-0.987470230741722,0,0.935382328566661,0.987470230741722,1,0,0,32.35
0,0.0575585268614266,-1.00000000000000,-0.272616107887673,-0.0575585268614266,0,1,0,-1.06
0.234124149177877,0.146933860578263,0,-0.225256203300570,-0.146933860578263,0,0,1,-1.91
-0.976821953852065,-0.976765639962439,0,0.956457135418797,0.976765639962439,1,0,0,34.65
0,-0.200772000566016,-1.00000000000000,-0.203129096238182,0.200772000566016,0,1,0,-0.6
0.214053429013960,0.0749632468446075,0,-0.209590835601007,-0.0749632468446075,0,0,1,-5.92
-0.994132099387155,-0.994433454476322,0,0.989929830249550,0.994433454476322,1,0,0,25.98
0,-0.0991532756925134,-1.00000000000000,-0.0918492145756212,0.0991532756925134,0,1,0,7.68
0.108172866136050,0.0356473356330328,0,-0.107715611514486,-0.0356473356330328,0,0,1,1.05
-0.994666875152874,-0.988269381450870,0,0.993837456605071,0.988269381450870,1,0,0,24.9
0,-0.149753811577922,-1.00000000000000,-0.0408293519785098,0.149753811577922,0,1,0,9.48
0.103139747302467,0.0299570626830996,0,-0.103053742609273,-0.0299570626830996,0,0,1,-0.15
-0.997365364087949,-0.982750966033290,0,0.997352588700200,0.982750966033290,1,0,0,23.87
0,-0.184931950174004,-1.00000000000000,-0.00506143321981194,0.184931950174004,0,1,0,10.45
0.0725419224842708,-0.000844135933366519,0,-0.0725409932849812,0.000844135933366519,0,0,1,-0.3
-0.999957216788462,-0.917538612098182,0,0.999748737560235,0.917538612098182,1,0,0,33.9
0,-0.366304355919193,-1.00000000000000,-0.0204189330948005,0.366304355919193,0,1,0,2.64
-0.00925011311679678,-0.154738534772584,0,0.00924818457784409,0.154738534772584,0,0,1,1.32
-0.998638653892066,-0.982528837749272,0,0.998625862194576,0.982528837749272,1,0,0,30.15
0,-0.184931950174004,-1.00000000000000,-0.00506143321981194,0.184931950174004,0,1,0,6.84
0.0521616617128152,-0.0209106861653134,0,-0.0521609935670403,0.0209106861653134,0,0,1,1.37
-0.999957216788462,-0.951155683939496,0,0.990443083404494,0.951155683939496,1,0,0,33.33
0,-0.265025155136492,-1.00000000000000,-0.137617420456926,0.265025155136492,0,1,0,1.93
-0.00925011311679678,-0.158317819762867,0,0.00916210254141172,0.158317819762867,0,0,1,1.14
-0.906602609356838,-0.996298240187148,0,0.903567007004371,0.996298240187148,1,0,0,30.55
0,-0.0755896584565381,-1.00000000000000,-0.0817645613444447,0.0755896584565381,0,1,0,-1.46
0.421985436605783,0.0409392248878166,0,-0.420572491208487,-0.0409392248878166,0,0,1,3.32
-0.999559860119384,-0.993029878577887,0,0.975487222051657,0.993029878577887,1,0,0,30.71
0,0.00161072600811579,-1.00000000000000,-0.218143241396543,-0.00161072600811579,0,1,0,2.66
-0.0296662440851108,-0.117851880822128,0,0.0289517848664259,0.117851880822128,0,0,1,1.06
-0.951433341895538,-0.993342498341282,0,0.943031532493960,0.993342498341282,1,0,0,31.27
0,-0.111254673149433,-1.00000000000000,-0.132602381688062,0.111254673149433,0,1,0,1.04
0.307854829309998,0.0298844222215060,0,-0.305136259878676,-0.0298844222215060,0,0,1,1.17
-0.965925826289068,-0.980398403109645,0,0.935746964628181,0.980398403109645,1,0,0,28.88
0,0.0588855655734857,-1.00000000000000,-0.248013628005925,-0.0588855655734857,0,1,0,1.26
0.258819045102521,0.188019842961185,0,-0.250732643491995,-0.188019842961185,0,0,1,-0.87
-0.973857159426895,-0.950122996336216,0,0.969740593944281,0.950122996336216,1,0,0,31.21
0,-0.0991532756925134,-1.00000000000000,-0.0918492145756212,0.0991532756925134,0,1,0,1.23
-0.227161248968612,-0.295693962996431,0,0.226201021744896,0.295693962996431,0,0,1,10.01
-0.973857159426895,-0.951492015080185,0,0.968252448482945,0.951492015080185,1,0,0,31.7
0,-0.0838991766249136,-1.00000000000000,-0.107131754313874,0.0838991766249136,0,1,0,0.86
-0.227161248968612,-0.296013299363916,0,0.225853897961524,0.296013299363916,0,0,1,9.75
-0.895478827032412,-0.987504480205073,0,0.847955881641927,0.987504480205073,1,0,0,30.62
0,0.146179655760972,-1.00000000000000,-0.321439465303162,-0.146179655760972,0,1,0,-5.21
0.445104111794820,0.0588762245436399,0,-0.421482494220673,-0.0588762245436399,0,0,1,1.68
-0.994666875152874,-0.985986648542237,0,0.993366576869255,0.985986648542237,1,0,0,33.81
0,-0.166187454881190,-1.00000000000000,-0.0511158613502364,0.166187454881190,0,1,0,1.7
0.103139747302467,0.0145622366605974,0,-0.103004915792803,-0.0145622366605974,0,0,1,-0.69
-0.973419246649516,-0.987400560091148,0,0.955110909979887,0.987400560091148,1,0,0,30.82
0,0.00269254183392936,-1.00000000000000,-0.193035743749306,-0.00269254183392936,0,1,0,2.95
0.229030500703048,0.158217837648475,0,-0.224722832112235,-0.158217837648475,0,0,1,-5.65
-0.967223448927410,-0.993009162133527,0,0.949964501854886,0.993009162133527,1,0,0,32.83
0,0.0745433893288951,-1.00000000000000,-0.188067034735354,-0.0745433893288951,0,1,0,-2.69
0.253926760789337,0.0915209649546566,0,-0.249395741065177,-0.0915209649546566,0,0,1,1.25
-0.991029909341493,-0.998270984332570,0,0.958810367504955,0.998270984332570,1,0,0,31.42
0,0.0372414097068609,-1.00000000000000,-0.252913747716370,-0.0372414097068609,0,1,0,0.08
0.133640258869072,0.0454765790569952,0,-0.129295457696988,-0.0454765790569952,0,0,1,1.24
-0.954552960023640,-0.999497871286926,0,0.921028182130220,0.999497871286926,1,0,0,31.2
0,-0.0314540895764678,-1.00000000000000,-0.262694424132390,0.0314540895764678,0,1,0,-0.21
0.298041350336003,0.00382694941433970,0,-0.287573863992634,-0.00382694941433970,0,0,1,0.7
-0.995868565078524,-0.966994465268648,0,0.991658955773361,0.966994465268648,1,0,0,33.72
0,-0.0881306770627093,-1.00000000000000,-0.0918492145756212,0.0881306770627093,0,1,0,-2.81
-0.0908063934337353,-0.239070466390706,0,0.0904225481632133,0.239070466390706,0,0,1,8.55
-0.999321983024376,-0.980170869606766,0,0.999309182574031,0.980170869606766,1,0,0,23.1
0,-0.194843774738234,-1.00000000000000,0.00506143321981206,0.194843774738234,0,1,0,9.22
0.0368181238553564,-0.0360689592319091,0,-0.0368176522470318,0.0360689592319091,0,0,1,5.74
-0.999937615001086,-0.997751966910128,0,0.986567562160158,0.997751966910128,1,0,0,24.95
0,-0.0277675650449068,-1.00000000000000,-0.162981573647658,0.0277675650449068,0,1,0,4.69
0.0111698749294222,-0.0609915966215689,0,-0.0110205237941189,0.0609915966215689,0,0,1,6.6
-0.876558805544014,-0.992974517313873,0,0.859174494329141,0.992974517313873,1,0,0,31.33
0,0.0351060836456706,-1.00000000000000,-0.198170582048019,-0.0351060836456706,0,1,0,-3.04
0.481294774980210,0.113000755998998,0,-0.471749519029977,-0.113000755998998,0,0,1,-0.09
-0.981958712696444,-0.994313085656590,0,0.951278928244443,0.994313085656590,1,0,0,31.7
0,0.0322028128995561,-1.00000000000000,-0.248013628005925,-0.0322028128995561,0,1,0,-0.6
0.189095442989892,0.101510918296643,0,-0.183187447718018,-0.101510918296643,0,0,1,0.38
-0.972206707841360,-0.969098580607589,0,0.964897857064766,0.969098580607589,1,0,0,34.67
0,-0.246013281156567,-1.00000000000000,-0.122389022625539,0.246013281156567,0,1,0,0.73
0.234124149177877,0.0180390287691849,0,-0.232364051807908,-0.0180390287691849,0,0,1,-3.04
-0.999865423042539,-0.984723294428785,0,0.999540823053196,0.984723294428785,1,0,0,23.45
0,-0.164880786705805,-1.00000000000000,-0.0254790495169004,0.164880786705805,0,1,0,8.49
0.0164053590013620,-0.0559853515180126,0,-0.0164000331052621,0.0559853515180126,0,0,1,6.03
-0.973419246649516,-0.986697989187894,0,0.961986503264829,0.986697989187894,1,0,0,32.68
0,-0.0380325487285792,-1.00000000000000,-0.152813355564627,0.0380325487285792,0,1,0,1.84
0.229030500703048,0.158052533575944,0,-0.226340552922770,-0.158052533575944,0,0,1,-6.05
-0.999957216788462,-0.922826159155635,0,0.999317235097034,0.922826159155635,1,0,0,34.23
0,-0.348272034618973,-1.00000000000000,-0.0357716163253495,0.348272034618973,0,1,0,2.35
-0.00925011311679678,-0.164616128858688,0,0.00924419296047510,0.164616128858688,0,0,1,2.12
-0.998059468658570,-0.997668883722905,0,0.985552739719083,0.997668883722905,1,0,0,33.4
0,-0.0506363792864525,-1.00000000000000,-0.157813385185793,0.0506363792864525,0,1,0,0.34
0.0622679453729828,-0.0457466451649807,0,-0.0614876628959823,0.0457466451649807,0,0,1,-0.41
-0.998059468658570,-0.995772639790612,0,0.966876640935966,0.995772639790612,1,0,0,29.85
0,0.0565603297777090,-1.00000000000000,-0.248013628005925,-0.0565603297777090,0,1,0,2.58
0.0622679453729828,-0.0723725012685890,0,-0.0603224795223197,0.0723725012685890,0,0,1,1.82
-0.999957216788462,-0.907907612293206,0,0.999944408201321,0.907907612293206,1,0,0,34.42
0,-0.389598918481164,-1.00000000000000,0.00506143321981206,0.389598918481164,0,1,0,2.58
-0.00925011311679678,-0.154649443123333,0,0.00924999463084765,0.154649443123333,0,0,1,1.36
-0.985615113141945,-0.985570380084864,0,0.967077393264115,0.985570380084864,1,0,0,33.55
0,-0.0988026711781584,-1.00000000000000,-0.193035743749306,0.0988026711781584,0,1,0,-0.53
0.169005469574779,-0.137437469663254,0,-0.165826768263259,0.137437469663254,0,0,1,2.76
-0.997719754796491,-0.979785007664570,0,0.997666857497553,0.979785007664570,1,0,0,23.52
0,-0.199962810097356,-1.00000000000000,0.0102972606021891,0.199962810097356,0,1,0,9.58
0.0674928950988966,-0.00601775154918056,0,-0.0674893167475298,0.00601775154918056,0,0,1,3.74
-0.996133609143173,-0.999306145390488,0,0.963748140054862,0.999306145390488,1,0,0,31.12
0,0.0372414097068609,-1.00000000000000,-0.252913747716370,-0.0372414097068609,0,1,0,1.08
0.0878511965507433,-0.000552438096212082,0,-0.0849950513668534,0.000552438096212082,0,0,1,-0.24
-0.972206707841360,-0.961464239860952,0,0.972194254714239,0.961464239860952,1,0,0,34.82
0,-0.249904420737478,-1.00000000000000,0.00506143321981206,0.249904420737478,0,1,0,0.04
0.234124149177877,-0.114604956107788,0,-0.234121150250007,0.114604956107788,0,0,1,1.37
-0.997858923238603,-0.963909476367665,0,0.997026842951525,0.963909476367665,1,0,0,33.57
0,-0.125552263398757,-1.00000000000000,-0.0408293519785098,0.125552263398757,0,1,0,-2.03
-0.0654031292301431,-0.234766161369271,0,0.0653485918067877,0.234766161369271,0,0,1,8.84
-0.999396902908720,-0.980574255625277,0,0.999072455021476,0.980574255625277,1,0,0,22.85
0,-0.164880786705805,-1.00000000000000,-0.0254790495169004,0.164880786705805,0,1,0,6.28
-0.0347250695673794,-0.106247142927276,0,0.0347137962930450,0.106247142927276,0,0,1,10.11
-0.994666875152874,-0.994622833990889,0,0.993837456605071,0.994622833990889,1,0,0,32.93
0,-0.0870038489276202,-1.00000000000000,-0.0408293519785098,0.0870038489276202,0,1,0,-0.22
0.103139747302467,-0.0561760480606419,0,-0.103053742609273,0.0561760480606419,0,0,1,5.23
-0.996985422603909,-0.993445883388368,0,0.995927279114667,0.993445883388368,1,0,0,33.12
0,-0.0959756715109747,-1.00000000000000,-0.0460603900408522,0.0959756715109747,0,1,0,0.7
0.0775890914710661,-0.0620801679824051,0,-0.0775067428327461,0.0620801679824051,0,0,1,4.27
-0.996985422603909,-0.955870645375101,0,0.881670753206781,0.955870645375101,1,0,0,33.03
0,0.293763225089589,-1.00000000000000,-0.466849741902997,-0.293763225089589,0,1,0,-7.62
0.0775890914710661,0.00380485152820347,0,-0.0686148775769035,-0.00380485152820347,0,0,1,0.77
-0.994132099387155,-0.986962066921034,0,0.931115111696122,0.986962066921034,1,0,0,29.56
0,0.158039530783314,-1.00000000000000,-0.350370856061816,-0.158039530783314,0,1,0,-0.69
0.108172866136050,-0.0304858191418770,0,-0.101315901978065,0.0304858191418770,0,0,1,1.63
-0.997719754796491,-0.991653662493187,0,0.996415465574538,0.991653662493187,1,0,0,33.35
0,-0.122659902958265,-1.00000000000000,-0.0511158613502364,0.122659902958265,0,1,0,2.03
0.0674928950988966,-0.0397185330811387,0,-0.0674046636539316,0.0397185330811387,0,0,1,1.9
-0.979364144219022,-0.957341513848848,0,0.947523870055312,0.957341513848848,1,0,0,29.62
0,0.0367967606683575,-1.00000000000000,-0.252913747716370,-0.0367967606683575,0,1,0,1.34
-0.202103619507773,-0.286606392576845,0,0.195532994380653,0.286606392576845,0,0,1,7.27
-0.968539741803012,-0.993520175942320,0,0.949331223003150,0.993520175942320,1,0,0,32.02
0,-0.0110185508832062,-1.00000000000000,-0.198170582048019,0.0110185508832062,0,1,0,-1.83
0.248858933028644,-0.113120517732089,0,-0.243923449963493,0.113120517732089,0,0,1,4.55
-0.987633674493262,-0.963355537600734,0,0.931901485529241,0.963355537600734,1,0,0,30.67
0,0.113371772826896,-1.00000000000000,-0.331173209478893,-0.113371772826896,0,1,0,-1.28
-0.156779223773236,-0.243090413838325,0,0.147932168887784,0.243090413838325,0,0,1,6.69
-0.915030085854857,-0.990744441996959,0,0.870884646924134,0.990744441996959,1,0,0,31.2
0,0.134446062592697,-1.00000000000000,-0.306858322026056,-0.134446062592697,0,1,0,-5.07
0.403385599619585,0.0187004520120488,0,-0.383924344051247,-0.0187004520120488,0,0,1,2.71
-0.954552960023640,-0.969744325063113,0,0.917068370685448,0.969744325063113,1,0,0,29.26
0,0.0892639319276859,-1.00000000000000,-0.277482336674028,-0.0892639319276859,0,1,0,0.7
0.298041350336003,0.227217724803099,0,-0.286337486756900,-0.227217724803099,0,0,1,-1.54
-0.992965508106537,-0.973363153360145,0,0.991911631125366,0.973363153360145,1,0,0,30.77
0,-0.177687403794965,-1.00000000000000,-0.0460603900408522,0.177687403794965,0,1,0,1.21
0.118403968306501,-0.144883947397221,0,-0.118278301084771,0.144883947397221,0,0,1,7.64
-0.999648126594414,-0.998232343126197,0,0.987907326784185,0.998232343126197,1,0,0,32.72
0,-0.0380325487285792,-1.00000000000000,-0.152813355564627,0.0380325487285792,0,1,0,0.89
0.0265258929402460,-0.0456696220040210,0,-0.0262143481171090,0.0456696220040210,0,0,1,1.97
-0.973857159426895,-0.949096013214729,0,0.970596366822052,0.949096013214729,1,0,0,31.5
0,-0.109194549015493,-1.00000000000000,-0.0817645613444447,0.109194549015493,0,1,0,1.67
-0.227161248968612,-0.295454409622213,0,0.226400638735813,0.295454409622213,0,0,1,8.95
-0.995868565078524,-0.979088235641038,0,0.984172155963327,0.979088235641038,1,0,0,34.56
0,-0.0567471291684544,-1.00000000000000,-0.152813355564627,0.0567471291684544,0,1,0,-3.21
-0.0908063934337353,-0.195361178744542,0,0.0897398784686880,0.195361178744542,0,0,1,6.03
-0.984747078366713,-0.991630628260802,0,0.948794351940120,0.991630628260802,1,0,0,25.87
0,0.0792035066444505,-1.00000000000000,-0.267742895148173,-0.0792035066444505,0,1,0,4.56
0.173991929836482,0.101958332814489,0,-0.167639553280848,-0.101958332814489,0,0,1,-3.59
-0.996133609143173,-0.983682033997548,0,0.996016119620411,0.983682033997548,1,0,0,30.35
0,-0.179475713178335,-1.00000000000000,-0.0153582935749528,0.179475713178335,0,1,0,5.18
0.0878511965507433,0.0125747512728511,0,-0.0878408348933692,-0.0125747512728511,0,0,1,2.73
-0.998059468658570,-0.980551288459045,0,0.917762959718752,0.980551288459045,1,0,0,32.05
0,0.192915229378728,-1.00000000000000,-0.392979177487581,-0.192915229378728,0,1,0,-3.7
0.0622679453729828,-0.0360954979888110,0,-0.0572583254161420,0.0360954979888110,0,0,1,0.42
-0.997719754796491,-0.981787693332884,0,0.997719754796491,0.981787693332884,1,0,0,30.15
0,-0.189890294786570,-1.00000000000000,6.12323399573677e-17,0.189890294786570,0,1,0,6.34
0.0674928950988966,-0.00588227557701722,0,-0.0674928950988966,0.00588227557701722,0,0,1,1.51
-0.967223448927410,-0.950620457847283,0,0.870956318912782,0.950620457847283,1,0,0,30.96
0,0.298906521420899,-1.00000000000000,-0.434916802325345,-0.298906521420899,0,1,0,-4.99
0.253926760789337,0.0835202764260248,0,-0.228653593020081,-0.0835202764260248,0,0,1,0.31
-0.956049249417229,-0.996753286558949,0,0.933024487745232,0.996753286558949,1,0,0,33.91
0,-0.0804079552632311,-1.00000000000000,-0.218143241396543,0.0804079552632311,0,1,0,-1.32
0.293206126622130,-0.00417689649384001,0,-0.286144773673672,0.00417689649384001,0,0,1,-2.75
-0.999648126594414,-0.998953844873420,0,0.980846469943543,0.998953844873420,1,0,0,24.21
0,0.00269254183392936,-1.00000000000000,-0.193035743749306,-0.00269254183392936,0,1,0,5.34
0.0265258929402460,-0.0456504767892261,0,-0.0260269866569727,0.0456504767892261,0,0,1,4.23
-0.893214491985374,-0.997240083367780,0,0.883403301958290,0.997240083367780,1,0,0,31.11
0,-0.0142556834559782,-1.00000000000000,-0.147809411129611,0.0142556834559782,0,1,0,-2.35
0.449630816678874,0.0728628273801261,0,-0.444692010351780,-0.0728628273801261,0,0,1,1.19
-0.997719754796491,-0.980816254378450,0,0.997706974869303,0.980816254378450,1,0,0,30.32
0,-0.194843774738234,-1.00000000000000,0.00506143321981206,0.194843774738234,0,1,0,5.68
0.0674928950988966,-0.00594799065094595,0,-0.0674920305732812,0.00594799065094595,0,0,1,3.52
-0.998638653892066,-0.999760857414665,0,0.979855983681166,0.999760857414665,1,0,0,32.2
0,-0.00205173433562175,-1.00000000000000,-0.193035743749306,0.00205173433562175,0,1,0,-1.69
0.0521616617128152,-0.0217719628814036,0,-0.0511805908462050,0.0217719628814036,0,0,1,5.58
-0.991960837493732,-0.978351194003407,0,0.978697441243348,0.978351194003407,1,0,0,34.65
0,-0.0600416577979860,-1.00000000000000,-0.162981573647658,0.0600416577979860,0,1,0,-2.95
-0.126545236491677,-0.198050348449522,0,0.124853214436221,0.198050348449522,0,0,1,5.23
-0.985109326154774,-0.968913428155523,0,0.972764876044463,0.968913428155523,1,0,0,34.26
0,-0.0666727868038040,-1.00000000000000,-0.157813385185793,0.0666727868038040,0,1,0,-2.7
-0.171929100279410,-0.238246738151285,0,0.169774648844873,0.238246738151285,0,0,1,7.13
-0.997858923238603,-0.975132737753754,0,0.997741230222729,0.975132737753754,1,0,0,31.95
0,-0.174829794741412,-1.00000000000000,-0.0153582935749528,0.174829794741412,0,1,0,3.95
-0.0654031292301431,-0.136200905399134,0,0.0653954152223335,0.136200905399134,0,0,1,4.45
-0.996133609143173,-0.993402032603826,0,0.992798227691501,0.993402032603826,1,0,0,31.51
0,-0.113894616002955,-1.00000000000000,-0.0817645613444447,0.113894616002955,0,1,0,1.63
0.0878511965507433,0.0134319791589452,0,-0.0875570419827286,-0.0134319791589452,0,0,1,4.66
-0.972206707841360,-0.961292921476369,0,0.969718619840002,0.961292921476369,1,0,0,34.15
0,-0.275478244754045,-1.00000000000000,-0.0714974443326858,0.275478244754045,0,1,0,1.03
0.234124149177877,-0.00525887693892158,0,-0.233524974659023,0.00525887693892158,0,0,1,-1.86
-0.996133609143173,-0.988300285618920,0,0.995663678766860,0.988300285618920,1,0,0,32.63
0,-0.151866420197544,-1.00000000000000,-0.0307129642652527,0.151866420197544,0,1,0,2.44
0.0878511965507433,-0.0141115506570010,0,-0.0878097523654697,0.0141115506570010,0,0,1,1.18
-0.943280616635189,-0.996037607855646,0,0.910151733809160,0.996037607855646,1,0,0,31.33
0,0.0754176069469463,-1.00000000000000,-0.262694424132390,-0.0754176069469463,0,1,0,-3.9
0.331996503415830,-0.0471303331157134,0,-0.320336480866498,0.0471303331157134,0,0,1,3.37
-0.972206707841360,-0.959838598107353,0,0.972004014265351,0.959838598107353,1,0,0,34.05
0,-0.271931453754516,-1.00000000000000,-0.0204189330948005,0.271931453754516,0,1,0,1.19
0.234124149177877,-0.0690155782578654,0,-0.234075337067608,0.0690155782578654,0,0,1,0.78
-0.996133609143173,-0.991616999467428,0,0.948075347355869,0.991616999467428,1,0,0,29.45
0,0.121358781746708,-1.00000000000000,-0.306858322026056,-0.121358781746708,0,1,0,0.93
0.0878511965507433,-0.0443595813795527,0,-0.0836128335807447,0.0443595813795527,0,0,1,1.6
-0.979994237456559,-0.987189557397509,0,0.949375830001516,0.987189557397509,1,0,0,34.77
0,-0.151650367897128,-1.00000000000000,-0.248013628005925,0.151650367897128,0,1,0,-1.94
0.199025864027610,0.0495877372137085,0,-0.192807608076733,-0.0495877372137085,0,0,1,-4.68
-0.998638653892066,-0.985192430536338,0,0.933553055099856,0.985192430536338,1,0,0,33.27
0,0.170189356707470,-1.00000000000000,-0.355106962408137,-0.170189356707470,0,1,0,-6.61
0.0521616617128152,-0.0207715593396512,0,-0.0487620606926225,0.0207715593396512,0,0,1,4.57
-0.996133609143173,-0.985441727452996,0,0.995810220663623,0.985441727452996,1,0,0,30.67
0,-0.169536280361916,-1.00000000000000,-0.0254790495169004,0.169536280361916,0,1,0,3.92
0.0878511965507433,0.0127299424783326,0,-0.0878226762150992,-0.0127299424783326,0,0,1,3.78
-0.979994237456559,-0.998006533899939,0,0.914350648325971,0.998006533899939,1,0,0,33.46
0,-0.0360738033042786,-1.00000000000000,-0.359833971528305,0.0360738033042786,0,1,0,-2.02
0.199025864027610,0.0517845441052980,0,-0.185694385591066,-0.0517845441052980,0,0,1,-3.46
-0.999769581002165,-0.991542997374280,0,0.997210953625341,0.991542997374280,1,0,0,33.27
0,-0.119397461203099,-1.00000000000000,-0.0714974443326858,0.119397461203099,0,1,0,2.74
0.0214659009304303,-0.0508599116818325,0,-0.0214109650303665,0.0508599116818325,0,0,1,-0.64
-0.973419246649516,-0.991250568935893,0,0.954113955299667,0.991250568935893,1,0,0,33.81
0,-0.105419879004413,-1.00000000000000,-0.198170582048019,0.105419879004413,0,1,0,-0.74
0.229030500703048,-0.0794289537572043,0,-0.224488264087845,0.0794289537572043,0,0,1,-0.02
-0.979994237456559,-0.997785436371234,0,0.886725297311503,0.997785436371234,1,0,0,32.96
0,0.0396446686176194,-1.00000000000000,-0.425779291565073,-0.0396446686176194,0,1,0,-3.4
0.199025864027610,0.0534090181117921,0,-0.180083985912605,-0.0534090181117921,0,0,1,-3.47
-0.996985422603909,-0.943062264720260,0,0.861844383936848,0.943062264720260,1,0,0,32.42
0,0.332604389150588,-1.00000000000000,-0.502718227171912,-0.332604389150588,0,1,0,-8.07
0.0775890914710661,0.00280805599268888,0,-0.0670719162216550,-0.00280805599268888,0,0,1,0.76
-0.979364144219022,-0.946661425079847,0,0.975667103819208,0.946661425079847,1,0,0,27.82
0,-0.125707781286961,-1.00000000000000,-0.0868079998954362,0.125707781286961,0,1,0,6.7
-0.202103619507773,-0.296697994583216,0,0.201340690569972,0.296697994583216,0,0,1,5.2
-0.971009250968030,-0.993685640589824,0,0.950765615968829,0.993685640589824,1,0,0,33.8
0,-0.0935435103080502,-1.00000000000000,-0.203129096238182,0.0935435103080502,0,1,0,-1.05
0.239041909577599,-0.0619553013457242,0,-0.234058355443406,0.0619553013457242,0,0,1,-0.28
-0.919135339255234,-0.987742414903726,0,0.919086608360040,0.987742414903726,1,0,0,31.8
0,-0.156023362909858,-1.00000000000000,0.0102972606021891,0.156023362909858,0,1,0,-2.11
0.393941909590951,0.00465102423713865,0,-0.393921023502593,-0.00465102423713865,0,0,1,3.19
-0.998059468658570,-0.990778922144576,0,0.997227221143553,0.990778922144576,1,0,0,33.1
0,-0.119124055974182,-1.00000000000000,-0.0408293519785098,0.119124055974182,0,1,0,1.2
0.0622679453729828,-0.0645491031873562,0,-0.0622160222717757,0.0645491031873562,0,0,1,3.4
-0.972206707841360,-0.970450408291794,0,0.972206707841360,0.970450408291794,1,0,0,35.27
0,-0.198212817560487,-1.00000000000000,6.12323399573677e-17,0.198212817560487,0,1,0,-2.14
0.234124149177877,-0.137614257985952,0,-0.234124149177877,0.137614257985952,0,0,1,2.13
-0.979364144219022,-0.949501571969804,0,0.973165029481673,0.949501571969804,1,0,0,28.18
0,-0.100344071870081,-1.00000000000000,-0.112336115761536,0.100344071870081,0,1,0,5.6
-0.202103619507773,-0.297284093196058,0,0.200824357311420,0.297284093196058,0,0,1,6.23
-0.997719754796491,-0.979785007664570,0,0.997666857497553,0.979785007664570,1,0,0,29.32
0,-0.199962810097356,-1.00000000000000,0.0102972606021891,0.199962810097356,0,1,0,4.86
0.0674928950988966,-0.00601775154918056,0,-0.0674893167475298,0.00601775154918056,0,0,1,5.6
-0.979994237456559,-0.992887958318898,0,0.938660525454674,0.992887958318898,1,0,0,34.66
0,-0.106893561123163,-1.00000000000000,-0.287360519849712,0.106893561123163,0,1,0,-2.31
0.199025864027610,0.0524143951194649,0,-0.190631449621669,-0.0524143951194649,0,0,1,-4.11
-0.963209487490551,-0.991354580845525,0,0.957112627436706,0.991354580845525,1,0,0,31.17
0,-0.130717250132116,-1.00000000000000,-0.112336115761536,0.130717250132116,0,1,0,1.51
0.268751712940010,-0.0113620224648630,0,-0.267050586025973,0.0113620224648630,0,0,1,2.85
-0.998059468658570,-0.992792782717840,0,0.993346988995871,0.992792782717840,1,0,0,32.48
0,-0.106777120498947,-1.00000000000000,-0.0970617865584347,0.106777120498947,0,1,0,3.17
0.0622679453729828,-0.0544163313842536,0,-0.0619739384170620,0.0544163313842536,0,0,1,-0.25
-0.996133609143173,-0.999610139682252,0,0.973267934359563,0.999610139682252,1,0,0,27.6
0,0.0230576491435847,-1.00000000000000,-0.213030386274976,-0.0230576491435847,0,1,0,4.34
0.0878511965507433,0.0157452678732338,0,-0.0858346227987463,-0.0157452678732338,0,0,1,0.64
-0.999321983024376,-0.980170869606766,0,0.999309182574031,0.980170869606766,1,0,0,23.06
0,-0.194843774738234,-1.00000000000000,0.00506143321981206,0.194843774738234,0,1,0,8.89
0.0368181238553564,-0.0360689592319091,0,-0.0368176522470318,0.0360689592319091,0,0,1,5.98
-0.994132099387155,-0.992215029748497,0,0.991587899549507,0.992215029748497,1,0,0,25.53
0,-0.119397461203099,-1.00000000000000,-0.0714974443326858,0.119397461203099,0,1,0,5.96
0.108172866136050,0.0354059458204880,0,-0.107896028290626,-0.0354059458204880,0,0,1,5.52
-0.977892858744060,-0.984421662267783,0,0.974618553296639,0.984421662267783,1,0,0,30.9
0,-0.159889060701604,-1.00000000000000,-0.0817645613444447,0.159889060701604,0,1,0,1.12
0.209106568087589,-0.0731401334828869,0,-0.208406410837376,0.0731401334828869,0,0,1,5.19
-0.984747078366713,-0.999599980826122,0,0.981029717716120,0.999599980826122,1,0,0,32.68
0,-0.0262801685701193,-1.00000000000000,-0.0868079998954362,0.0262801685701193,0,1,0,-1.42
0.173991929836482,0.0104513670082931,0,-0.173335120826632,-0.0104513670082931,0,0,1,4.58
-0.984747078366713,-0.992404735523949,0,0.977343951654648,0.992404735523949,1,0,0,34.62
0,-0.0686252864888643,-1.00000000000000,-0.122389022625539,0.0686252864888643,0,1,0,-0.12
0.173991929836482,0.102095107443807,0,-0.172683894167473,-0.102095107443807,0,0,1,-3.56
-0.965925826289068,-0.961159384552616,0,0.893875752038376,0.961159384552616,1,0,0,30.93
0,0.258929094447641,-1.00000000000000,-0.378971668860393,-0.258929094447641,0,1,0,-5.41
0.258819045102521,0.0955424593307094,0,-0.239513285892445,-0.0955424593307094,0,0,1,1.07
-0.985109326154774,-0.963658831827422,0,0.982219140537433,0.963658831827422,1,0,0,32.22
0,-0.114383985385567,-1.00000000000000,-0.0765450084257800,0.114383985385567,0,1,0,2.06
-0.171929100279410,-0.241408284299283,0,0.171424682140593,0.241408284299283,0,0,1,6.27
-0.995868565078524,-0.975157671639784,0,0.987074362159228,0.975157671639784,1,0,0,34.42
0,-0.0683663388473674,-1.00000000000000,-0.132602381688062,0.0683663388473674,0,1,0,-3.09
-0.0908063934337353,-0.210697791053162,0,0.0900045106570029,0.210697791053162,0,0,1,6.87
-0.990340803859696,-0.998523726510553,0,0.988152037900206,0.998523726510553,1,0,0,32.65
0,-0.0488774398606715,-1.00000000000000,-0.0664480485987361,0.0488774398606715,0,1,0,-0.97
0.138654578757903,-0.0236931101408017,0,-0.138348136348451,0.0236931101408017,0,0,1,4.98
-0.999321983024376,-0.998205519319505,0,0.989105145821165,0.998205519319505,1,0,0,33.65
0,-0.0482934995782021,-1.00000000000000,-0.142628933705512,0.0482934995782021,0,1,0,-0.38
0.0368181238553564,-0.0354045067550386,0,-0.0364417038586508,0.0354045067550386,0,0,1,1.71
-0.928874213198540,-0.994800178776982,0,0.903284981639372,0.994800178776982,1,0,0,34.02
0,-0.0657816680510480,-1.00000000000000,-0.233105928507328,0.0657816680510480,0,1,0,-2.32
0.370395324018531,0.0777520189686853,0,-0.360191432490413,-0.0777520189686853,0,0,1,-5.81
-0.906602609356838,-0.991088908146673,0,0.906413593457824,0.991088908146673,1,0,0,30.2
0,-0.128010137975340,-1.00000000000000,-0.0204189330948005,0.128010137975340,0,1,0,-1.4
0.421985436605783,0.0368263590946895,0,-0.421897457643614,-0.0368263590946895,0,0,1,4.32
-0.969786918517233,-0.997030042660666,0,0.941914314014043,0.997030042660666,1,0,0,32.11
0,-0.0601387304221383,-1.00000000000000,-0.238024940184262,0.0601387304221383,0,1,0,-0.8
0.243953546137066,-0.0481084933798989,0,-0.236942087662223,0.0481084933798989,0,0,1,1.74
-0.998986343599654,-0.978599938972525,0,0.928319628942636,0.978599938972525,1,0,0,31.87
0,0.158359643425684,-1.00000000000000,-0.369422406302939,-0.158359643425684,0,1,0,-2.6
-0.0450142788611964,-0.131393998253576,0,0.0418300399372553,0.131393998253576,0,0,1,3.48
-0.998059468658570,-0.995623465211149,0,0.990556262124654,0.995623465211149,1,0,0,31.25
0,-0.0734951942735635,-1.00000000000000,-0.122389022625539,0.0734951942735635,0,1,0,3.95
0.0622679453729828,-0.0577267004048771,0,-0.0617998277214324,0.0577267004048771,0,0,1,0.31
-0.999957216788462,-0.966660115907045,0,0.979110073580195,0.966660115907045,1,0,0,42.76
0,-0.201142373894575,-1.00000000000000,-0.203129096238182,0.201142373894575,0,1,0,0.78
-0.00925011311679678,-0.158461243648513,0,0.00905726643335780,0.158461243648513,0,0,1,0.89
-0.980374533384952,-0.956864811804081,0,0.939024781449587,0.956864811804081,1,0,0,29.87
0,0.0723842172463372,-1.00000000000000,-0.287360519849712,-0.0723842172463372,0,1,0,0.08
-0.197144044521352,-0.281372097097022,0,0.188829000567337,0.281372097097022,0,0,1,7.65
-0.972206707841360,-0.986052211016652,0,0.962956607797183,0.986052211016652,1,0,0,34.72
0,-0.0750033004221478,-1.00000000000000,-0.137617420456926,0.0750033004221478,0,1,0,-1.35
0.234124149177877,0.148578403797315,0,-0.231896565491007,-0.148578403797315,0,0,1,-4.82
-0.998059468658570,-0.992792760956528,0,0.995505217830446,0.992792760956528,1,0,0,33.25
0,-0.119397461203099,-1.00000000000000,-0.0714974443326858,0.119397461203099,0,1,0,2.64
0.0622679453729828,-0.0103334433065184,0,-0.0621085881843292,0.0103334433065184,0,0,1,-2.12
-0.938070461122187,-0.993634564582452,0,0.926315457185234,0.993634564582452,1,0,0,31.01
0,-0.0902158707320977,-1.00000000000000,-0.157813385185793,0.0902158707320977,0,1,0,0.55
0.346444526540696,0.0674644257004391,0,-0.342103214302221,-0.0674644257004391,0,0,1,0.45
-0.996985422603909,-0.986314142141596,0,0.935603764427582,0.986314142141596,1,0,0,33.47
0,0.164761323691946,-1.00000000000000,-0.345461991671052,-0.164761323691946,0,1,0,-3.87
0.0775890914710661,0.00617407699706279,0,-0.0728121439020134,-0.00617407699706279,0,0,1,0.35
-0.999559860119384,-0.980122286716545,0,0.998253165382728,0.980122286716545,1,0,0,33.36
0,-0.172933078796259,-1.00000000000000,-0.0511158613502364,0.172933078796259,0,1,0,2.75
-0.0296662440851108,-0.0972340132853576,0,0.0296274622906941,0.0972340132853576,0,0,1,2.77
-0.998059468658570,-0.999111659625123,0,0.975149586876067,0.999111659625123,1,0,0,33.7
0,0.00883477788720971,-1.00000000000000,-0.213030386274976,-0.00883477788720971,0,1,0,-1.31
0.0622679453729828,-0.0412048334642466,0,-0.0608386204558496,0.0412048334642466,0,0,1,-0.1
-0.972206707841360,-0.966051003927701,0,0.972206707841360,0.966051003927701,1,0,0,43.1
0,-0.224242947640128,-1.00000000000000,6.12323399573677e-17,0.224242947640128,0,1,0,-1.56
0.234124149177877,-0.128298707101622,0,-0.234124149177877,0.128298707101622,0,0,1,0.58
-0.972206707841360,-0.986748963555468,0,0.968536686330897,0.986748963555468,1,0,0,30.96
0,-0.155091988832984,-1.00000000000000,-0.0868079998954362,0.155091988832984,0,1,0,0.84
0.234124149177877,-0.0476755484713084,0,-0.233240344677588,0.0476755484713084,0,0,1,4.53
-0.985615113141945,-0.985069134573995,0,0.967077393264115,0.985069134573995,1,0,0,33.43
0,-0.0864739608333535,-1.00000000000000,-0.193035743749306,0.0864739608333535,0,1,0,-1.56
0.169005469574779,-0.148865893365240,0,-0.165826768263259,0.148865893365240,0,0,1,3.54
-0.986799245910024,-0.966566510728410,0,0.975209355336642,0.966566510728410,1,0,0,29.66
0,-0.0645810060999513,-1.00000000000000,-0.152813355564627,0.0645810060999513,0,1,0,4.65
-0.161948288880766,-0.248150103746552,0,0.160046217152951,0.248150103746552,0,0,1,2.07
-0.997515107957824,-0.983270397840656,0,0.994588525352670,0.983270397840656,1,0,0,32.82
0,-0.114383985385567,-1.00000000000000,-0.0765450084257800,0.114383985385567,0,1,0,2.15
-0.0704528877753869,-0.141759051272192,0,0.0702461879527963,0.141759051272192,0,0,1,2.87
-0.989626327559484,-0.993884936880397,0,0.952142143453007,0.993884936880397,1,0,0,32.93
0,0.0842347982609841,-1.00000000000000,-0.272616107887673,-0.0842347982609841,0,1,0,-4.01
0.143665346556254,0.0713948948047416,0,-0.138223718590155,-0.0713948948047416,0,0,1,3.77
-0.998638653892066,-0.994832277500339,0,0.956518566919866,0.994832277500339,1,0,0,33.0
0,0.0994884217305815,-1.00000000000000,-0.287360519849712,-0.0994884217305815,0,1,0,-4.17
0.0521616617128152,-0.0202680434439467,0,-0.0499616129570460,0.0202680434439467,0,0,1,4.57
-0.988886498744505,-0.964388807366820,0,0.890463259264614,0.964388807366820,1,0,0,30.28
0,0.264486992387418,-1.00000000000000,-0.434916802325345,-0.264486992387418,0,1,0,-3.58
0.148672433896923,-0.000926867552376059,0,-0.133875161829731,0.000926867552376059,0,0,1,1.77
-0.961836880762286,-0.979430609510360,0,0.961785885908504,0.979430609510360,1,0,0,32.4
0,-0.157642179893526,-1.00000000000000,0.0102972606021891,0.157642179893526,0,1,0,-3.09
0.273623490960619,-0.125954850135203,0,-0.273608983937451,0.125954850135203,0,0,1,5.93
-0.999957216788462,-0.984465614158747,0,0.950149218738152,0.984465614158747,1,0,0,32.77
0,-0.0818013270931258,-1.00000000000000,-0.311671636847942,0.0818013270931258,0,1,0,-0.47
-0.00925011311679678,-0.155357643599676,0,0.00878936378837424,0.155357643599676,0,0,1,2.17
-0.972206707841360,-0.960183277773109,0,0.972194254714239,0.960183277773109,1,0,0,34.25
0,-0.260643086479885,-1.00000000000000,0.00506143321981206,0.260643086479885,0,1,0,0.77
0.234124149177877,-0.100564678466781,0,-0.234121150250007,0.100564678466781,0,0,1,1.86
-0.998059468658570,-0.983835720160454,0,0.919736382042276,0.983835720160454,1,0,0,32.16
0,0.175914431513713,-1.00000000000000,-0.388319916157409,-0.175914431513713,0,1,0,-3.56
0.0622679453729828,-0.0334871396444586,0,-0.0573814452875503,0.0334871396444586,0,0,1,0.4
-0.999957216788462,-0.909867809996915,0,0.999957216788462,0.909867809996915,1,0,0,34.6
0,-0.384991570402901,-1.00000000000000,6.12323399573677e-17,0.384991570402901,0,1,0,3.18
-0.00925011311679678,-0.154667575949605,0,0.00925011311679678,0.154667575949605,0,0,1,1.08
-0.999122830098858,-0.980340875094081,0,0.999110032199490,0.980340875094081,1,0,0,23.01
0,-0.194843774738234,-1.00000000000000,0.00506143321981206,0.194843774738234,0,1,0,10.46
0.0418756537291997,-0.0311074278192156,0,-0.0418751173382914,0.0311074278192156,0,0,1,3.05
-0.997719754796491,-0.993739572085093,0,0.994792571783509,0.993739572085093,1,0,0,33.66
0,-0.110870331918670,-1.00000000000000,-0.0765450084257800,0.110870331918670,0,1,0,2.42
0.0674928950988966,-0.0137634433329632,0,-0.0672948795187894,0.0137634433329632,0,0,1,-0.56
-0.986486509099847,-0.988635741953245,0,0.982762582203460,0.988635741953245,1,0,0,34.43
0,-0.130487275451702,-1.00000000000000,-0.0868079998954362,0.130487275451702,0,1,0,0.57
0.163842507805507,0.0746487821585104,0,-0.163224012249855,-0.0746487821585104,0,0,1,-2.24
-0.997719754796491,-0.986748244671754,0,0.995837484296121,0.986748244671754,1,0,0,33.61
0,-0.160690753777208,-1.00000000000000,-0.0613969505807154,0.160690753777208,0,1,0,2.0
0.0674928950988966,-0.0225029617544956,0,-0.0673655648693221,0.0225029617544956,0,0,1,0.48
-0.999957216788462,-0.909813275356872,0,0.999957216788462,0.909813275356872,1,0,0,33.71
0,-0.382700095189752,-1.00000000000000,6.12323399573677e-17,0.382700095189752,0,1,0,4.03
-0.00925011311679678,-0.160562888383820,0,0.00925011311679678,0.160562888383820,0,0,1,1.71
-0.972206707841360,-0.987646150606704,0,0.959207441826019,0.987646150606704,1,0,0,32.37
0,-0.0543421608157398,-1.00000000000000,-0.162981573647658,0.0543421608157398,0,1,0,1.97
0.234124149177877,0.146976225116977,0,-0.230993701639065,-0.146976225116977,0,0,1,-2.51
-0.979364144219022,-0.946402985935035,0,0.975667103819208,0.946402985935035,1,0,0,28.05
0,-0.125204630402837,-1.00000000000000,-0.0868079998954362,0.125204630402837,0,1,0,6.68
-0.202103619507773,-0.297733418915210,0,0.201340690569972,0.297733418915210,0,0,1,4.73
-0.998059468658570,-0.996060632773092,0,0.955963810274541,0.996060632773092,1,0,0,33.3
0,0.0788864205494043,-1.00000000000000,-0.287360519849712,-0.0788864205494043,0,1,0,-3.08
0.0622679453729828,-0.0404987468024648,0,-0.0596416387860421,0.0404987468024648,0,0,1,0.07
-0.985109326154774,-0.968198323489194,0,0.974288750712840,0.968198323489194,1,0,0,33.78
0,-0.0767460207378824,-1.00000000000000,-0.147809411129611,0.0767460207378824,0,1,0,-1.47
-0.171929100279410,-0.238121932407777,0,0.170040607549878,0.238121932407777,0,0,1,7.2
-0.869063552886555,-0.981769671555843,0,0.822942462674343,0.981769671555843,1,0,0,30.65
0,0.148469290008020,-1.00000000000000,-0.321439465303162,-0.148469290008020,0,1,0,-5.4
0.494700455876278,0.118681009170152,0,-0.468446766744212,-0.118681009170152,0,0,1,-0.01
-0.999321983024376,-0.976994265318475,0,0.918923901483682,0.976994265318475,1,0,0,32.22
0,0.210173212580964,-1.00000000000000,-0.392979177487581,-0.210173212580964,0,1,0,-4.86
0.0368181238553564,-0.0361859951944041,0,-0.0338560089672802,0.0361859951944041,0,0,1,2.62
-0.994666875152874,-0.998869400408575,0,0.908532129620301,0.998869400408575,1,0,0,32.17
0,0.0192806087698313,-1.00000000000000,-0.407055505811561,-0.0192806087698313,0,1,0,-1.69
0.103139747302467,-0.0434531823101383,0,-0.0942081983486265,0.0434531823101383,0,0,1,-1.42
-0.999865423042539,-0.998057639766967,0,0.986496335472129,0.998057639766967,1,0,0,30.67
0,-0.0277675650449068,-1.00000000000000,-0.162981573647658,0.0277675650449068,0,1,0,-0.25
0.0164053590013620,-0.0557665673523843,0,-0.0161860048002277,0.0557665673523843,0,0,1,7.72
-0.979364144219022,-0.950881962345364,0,0.971382354106374,0.950881962345364,1,0,0,28.62
0,-0.0853007130431345,-1.00000000000000,-0.127410837330209,0.0853007130431345,0,1,0,5.73
-0.202103619507773,-0.297568953421829,0,0.200456480717324,0.297568953421829,0,0,1,4.72
-0.999321983024376,-0.999343205783472,0,0.979502976875692,0.999343205783472,1,0,0,32.17
0,0.00791481032571212,-1.00000000000000,-0.198170582048019,-0.00791481032571212,0,1,0,0.48
0.0368181238553564,-0.0353625908542074,0,-0.0360879301485554,0.0353625908542074,0,0,1,2.03
-0.995379454966957,-0.982915844912475,0,0.976658084665012,0.982915844912475,1,0,0,30.16
0,-0.0243939460584239,-1.00000000000000,-0.193035743749306,0.0243939460584239,0,1,0,3.62
-0.0960194804697611,-0.182431842658276,0,0.0942135196966060,0.182431842658276,0,0,1,0.96
-0.999957216788462,-0.947625692832007,0,0.991807593716036,0.947625692832007,1,0,0,33.81
0,-0.224055950063036,-1.00000000000000,-0.127410837330209,0.224055950063036,0,1,0,-0.02
-0.00925011311679678,-0.227605969882181,0,0.00917472495616996,0.227605969882181,0,0,1,5.18
-0.999991942880066,-0.950616694625846,0,0.988247104970755,0.950616694625846,1,0,0,33.57
0,-0.177027098554305,-1.00000000000000,-0.152813355564627,0.177027098554305,0,1,0,-0.33
-0.00401424649846385,-0.254930002698931,0,0.00396709944414190,0.254930002698931,0,0,1,6.31
-0.996133609143173,-0.984493186916623,0,0.996016119620411,0.984493186916623,1,0,0,32.16
0,-0.174829794741412,-1.00000000000000,-0.0153582935749528,0.174829794741412,0,1,0,4.17
0.0878511965507433,0.0144120708236896,0,-0.0878408348933692,-0.0144120708236896,0,0,1,-0.78
-0.996133609143173,-0.983682033997548,0,0.996016119620411,0.983682033997548,1,0,0,30.5
0,-0.179475713178335,-1.00000000000000,-0.0153582935749528,0.179475713178335,0,1,0,5.39
0.0878511965507433,0.0125747512728511,0,-0.0878408348933692,-0.0125747512728511,0,0,1,2.86
-0.912976655836507,-0.990204873907053,0,0.892019801147766,0.990204873907053,1,0,0,30.65
0,-0.0364045599313424,-1.00000000000000,-0.213030386274976,0.0364045599313424,0,1,0,0.36
0.408011796272593,0.134792491285392,0,-0.398646119865519,-0.134792491285392,0,0,1,-1.18
-0.982903228611439,-0.984586315616732,0,0.965364494600358,0.984586315616732,1,0,0,32.5
0,-0.0464272157736901,-1.00000000000000,-0.188067034735354,0.0464272157736901,0,1,0,-1.51
0.184122902391879,-0.168624733463902,0,-0.180837449138295,0.168624733463902,0,0,1,5.63
-0.985615113141945,-0.983642690407989,0,0.968027988790834,0.983642690407989,1,0,0,33.36
0,-0.0718773759342352,-1.00000000000000,-0.188067034735354,0.0718773759342352,0,1,0,-1.4
0.169005469574779,-0.165168702954710,0,-0.165989768851649,0.165168702954710,0,0,1,4.46
-0.997719754796491,-0.981787693332884,0,0.997719754796491,0.981787693332884,1,0,0,23.91
0,-0.189890294786570,-1.00000000000000,6.12323399573677e-17,0.189890294786570,0,1,0,4.69
0.0674928950988966,-0.00588227557701722,0,-0.0674928950988966,0.00588227557701722,0,0,1,10.13
-0.997719754796491,-0.955718244463285,0,0.879869220942084,0.955718244463285,1,0,0,32.05
0,0.294183920279848,-1.00000000000000,-0.471473697179985,-0.294183920279848,0,1,0,-6.6
0.0674928950988966,-0.00764579942164711,0,-0.0595206426897951,0.00764579942164711,0,0,1,1.45
-0.989170106698426,-0.965584432785478,0,0.988120257939934,0.965584432785478,1,0,0,31.85
0,-0.144588634643296,-1.00000000000000,-0.0460603900408522,0.144588634643296,0,1,0,2.62
-0.146773635283127,-0.216196276319307,0,0.146617858114227,0.216196276319307,0,0,1,7.14
-0.999937615001086,-0.997413198604915,0,0.988193415169049,0.997413198604915,1,0,0,25.85
0,-0.0380325487285792,-1.00000000000000,-0.152813355564627,0.0380325487285792,0,1,0,3.27
0.0111698749294222,-0.0609953808572477,0,-0.0110386855018999,0.0609953808572477,0,0,1,7.86
-0.972206707841360,-0.974541264760140,0,0.972194254714239,0.974541264760140,1,0,0,33.15
0,-0.159085372785505,-1.00000000000000,0.00506143321981206,0.159085372785505,0,1,0,-3.17
0.234124149177877,-0.157991035965346,0,-0.234121150250007,0.157991035965346,0,0,1,6.0
-0.997719754796491,-0.975339666743421,0,0.997602078194914,0.975339666743421,1,0,0,31.95
0,-0.167523823224241,-1.00000000000000,-0.0153582935749528,0.167523823224241,0,1,0,0.67
0.0674928950988966,-0.143695174341957,0,-0.0674849346125099,0.143695174341957,0,0,1,7.44
-0.956049249417229,-0.996990859823121,0,0.934103688085259,0.996990859823121,1,0,0,32.0
0,0.0175595354535233,-1.00000000000000,-0.213030386274976,-0.0175595354535233,0,1,0,-2.91
0.293206126622130,-0.0755042259996740,0,-0.286475748413458,0.0755042259996740,0,0,1,4.16
-0.979364144219022,-0.957644458952008,0,0.957927134708833,0.957644458952008,1,0,0,29.13
0,-0.00864634770619804,-1.00000000000000,-0.208082406612249,0.00864634770619804,0,1,0,2.87
-0.202103619507773,-0.287823437040592,0,0.197679833688162,0.287823437040592,0,0,1,6.88
-0.996565502497761,-0.980791922456064,0,0.996552737355548,0.980791922456064,1,0,0,23.84
0,-0.194843774738234,-1.00000000000000,0.00506143321981206,0.194843774738234,0,1,0,9.33
0.0828082075122044,0.00911637486589087,0,-0.0828071468106823,-0.00911637486589087,0,0,1,3.89
-0.985615113141945,-0.984093909796202,0,0.968027988790834,0.984093909796202,1,0,0,33.37
0,-0.104020142675038,-1.00000000000000,-0.188067034735354,0.104020142675038,0,1,0,-1.14
0.169005469574779,-0.144010369834570,0,-0.165989768851649,0.144010369834570,0,0,1,3.08
-0.988094499846443,-0.995445923453781,0,0.959695717928343,0.995445923453781,1,0,0,28.32
0,0.0486299219485367,-1.00000000000000,-0.238024940184262,-0.0486299219485367,0,1,0,2.83
0.153848169872790,0.0819911225104814,0,-0.149426426177835,-0.0819911225104814,0,0,1,0.59
-0.999957216788462,-0.938266638054826,0,0.996609032646567,0.938266638054826,1,0,0,34.18
0,-0.286951269397374,-1.00000000000000,-0.0817645613444447,0.286951269397374,0,1,0,1.51
-0.00925011311679678,-0.193170093193875,0,0.00921914070964934,0.193170093193875,0,0,1,2.97
-0.994132099387155,-0.973672377496322,0,0.910080227066898,0.973672377496322,1,0,0,29.67
0,0.225586485411962,-1.00000000000000,-0.402427161348656,-0.225586485411962,0,1,0,-2.59
0.108172866136050,-0.0327542195776247,0,-0.0990270675660321,0.0327542195776247,0,0,1,2.52
-0.999769581002165,-0.997544032615546,0,0.989548167660583,0.997544032615546,1,0,0,26.4
0,-0.0482934995782021,-1.00000000000000,-0.142628933705512,0.0482934995782021,0,1,0,6.94
0.0214659009304303,-0.0507310643649938,0,-0.0212464385159613,0.0507310643649938,0,0,1,0.61
-0.988414551331422,-0.970589089058185,0,0.980983853309254,0.970589089058185,1,0,0,33.01
0,-0.102238870984798,-1.00000000000000,-0.122389022625539,0.102238870984798,0,1,0,0.14
-0.151778373677883,-0.217954200374659,0,0.150637334971425,0.217954200374659,0,0,1,6.8
-0.995868565078524,-0.977865048863375,0,0.992109221488366,0.977865048863375,1,0,0,33.3
0,-0.137674087555691,-1.00000000000000,-0.0868079998954362,0.137674087555691,0,1,0,1.21
-0.0908063934337353,-0.157562025333315,0,0.0904636047916683,0.157562025333315,0,0,1,4.82
-0.979364144219022,-0.954425763238340,0,0.966269176930783,0.954425763238340,1,0,0,28.72
0,-0.0453623077242646,-1.00000000000000,-0.162981573647658,0.0453623077242646,0,1,0,4.31
-0.202103619507773,-0.294980886677158,0,0.199401314852338,0.294980886677158,0,0,1,6.64
-0.998638653892066,-0.989949340558089,0,0.944004187451638,0.989949340558089,1,0,0,33.27
0,0.139925357931285,-1.00000000000000,-0.326228171555873,-0.139925357931285,0,1,0,-5.79
0.0521616617128152,-0.0205230927592861,0,-0.0493079522702466,0.0205230927592861,0,0,1,4.46
-0.998889874961970,-0.979457858036601,0,0.998836915625375,0.979457858036601,1,0,0,23.52
0,-0.199962810097356,-1.00000000000000,0.0102972606021891,0.199962810097356,0,1,0,9.05
0.0471064507096427,-0.0260226614380963,0,-0.0471039532107277,0.0260226614380963,0,0,1,5.36
-0.998638653892066,-0.992021125074238,0,0.996431548739021,0.992021125074238,1,0,0,31.12
0,-0.124407878264195,-1.00000000000000,-0.0664480485987361,0.124407878264195,0,1,0,4.46
0.0521616617128152,-0.0204148777180878,0,-0.0520463785001045,0.0204148777180878,0,0,1,1.71
-0.856176919486242,-0.985851297098042,0,0.829426993035174,0.985851297098042,1,0,0,30.68
0,0.0801074762590493,-1.00000000000000,-0.248013628005925,-0.0801074762590493,0,1,0,-3.77
0.516682767797658,0.147241340178345,0,-0.500539812150810,-0.147241340178345,0,0,1,-0.86
-0.998361849427182,-0.999884645500916,0,0.979584385430719,0.999884645500916,1,0,0,31.37
0,0.00269254183392936,-1.00000000000000,-0.193035743749306,-0.00269254183392936,0,1,0,-1.5
0.0572155364244382,-0.0149481072373904,0,-0.0561394108935351,0.0149481072373904,0,0,1,6.68
-0.994666875152874,-0.980143894747552,0,0.970712076006925,0.980143894747552,1,0,0,32.17
0,-0.0937259919922315,-1.00000000000000,-0.218143241396543,0.0937259919922315,0,1,0,-0.75
0.103139747302467,-0.174738043980618,0,-0.100655808214605,0.174738043980618,0,0,1,5.48
-0.998638653892066,-0.999637404714320,0,0.976779750391165,0.999637404714320,1,0,0,32.42
0,0.0180104544969134,-1.00000000000000,-0.208082406612249,-0.0180104544969134,0,1,0,-0.91
0.0521616617128152,-0.0200170583461379,0,-0.0510199106646424,0.0200170583461379,0,0,1,4.29
-0.972206707841360,-0.973961814773507,0,0.972206707841360,0.973961814773507,1,0,0,34.47
0,-0.168032507189448,-1.00000000000000,6.12323399573677e-17,0.168032507189448,0,1,0,-3.09
0.234124149177877,-0.152195466064943,0,-0.234124149177877,0.152195466064943,0,0,1,3.85
-0.965925826289068,-0.981136642943526,0,0.926578530637862,0.981136642943526,1,0,0,31.87
0,0.168878140937689,-1.00000000000000,-0.282508884415881,-0.168878140937689,0,1,0,-3.24
0.258819045102521,0.0940800796499352,0,-0.248275969008431,-0.0940800796499352,0,0,1,1.67
-0.848140571598751,-0.979534017840790,0,0.811124129323124,0.979534017840790,1,0,0,30.73
0,0.122244688597135,-1.00000000000000,-0.292204793604068,-0.122244688597135,0,1,0,-4.76
0.529771243847892,0.159904171310407,0,-0.506649785773770,-0.159904171310407,0,0,1,-1.34
-0.997365364087949,-0.999049574431897,0,0.969889293713621,0.999049574431897,1,0,0,23.67
0,0.0435870545954908,-1.00000000000000,-0.233105928507328,-0.0435870545954908,0,1,0,5.71
0.0725419224842708,0.000341319697664322,0,-0.0705434903760038,-0.000341319697664322,0,0,1,1.91
-0.997365364087949,-0.981804890226639,0,0.997365364087949,0.981804890226639,1,0,0,23.66
0,-0.189890294786570,-1.00000000000000,6.12323399573677e-17,0.189890294786570,0,1,0,10.57
0.0725419224842708,-0.000912947384316687,0,-0.0725419224842708,0.000912947384316687,0,0,1,-0.32
-0.999937615001086,-0.997592920121423,0,0.987407350923712,0.997592920121423,1,0,0,28.7
0,-0.0329874846169201,-1.00000000000000,-0.157813385185793,0.0329874846169201,0,1,0,0.82
0.0111698749294222,-0.0609933732651425,0,-0.0110299047148036,0.0609933732651425,0,0,1,8.25
-0.999981342241057,-0.982939266735303,0,0.998674096513418,0.982939266735303,1,0,0,33.4
0,-0.171862061782985,-1.00000000000000,-0.0511158613502364,0.171862061782985,0,1,0,2.24
0.00610861439067826,-0.0655273197190779,0,-0.00610062878162069,0.0655273197190779,0,0,1,1.74
-0.998177175099754,-0.978374205949570,0,0.997706280662285,0.978374205949570,1,0,0,21.96
0,-0.159728053904938,-1.00000000000000,-0.0307129642652527,0.159728053904938,0,1,0,4.8
-0.0603516951698551,-0.131418651371445,0,0.0603232239943401,0.131418651371445,0,0,1,12.65
-0.972206707841360,-0.984899887648359,0,0.963621455361196,0.984899887648359,1,0,0,34.02
0,-0.0583755505840139,-1.00000000000000,-0.132602381688062,0.0583755505840139,0,1,0,0.09
0.234124149177877,0.162986215381126,0,-0.232056672255342,-0.162986215381126,0,0,1,-6.44
-0.998638653892066,-0.998374693258153,0,0.989137066028108,0.998374693258153,1,0,0,31.83
0,-0.0533352082589991,-1.00000000000000,-0.137617420456926,0.0533352082589991,0,1,0,1.3
0.0521616617128152,-0.0200830132614227,0,-0.0516653674726886,0.0200830132614227,0,0,1,3.43
-0.999122830098858,-0.980340875094081,0,0.999110032199490,0.980340875094081,1,0,0,23.12
0,-0.194843774738234,-1.00000000000000,0.00506143321981206,0.194843774738234,0,1,0,9.89
0.0418756537291997,-0.0311074278192156,0,-0.0418751173382914,0.0311074278192156,0,0,1,4.42
-0.998638653892066,-0.995823505932121,0,0.992891321299867,0.995823505932121,1,0,0,31.58
0,-0.0886144975704160,-1.00000000000000,-0.107131754313874,0.0886144975704160,0,1,0,0.95
0.0521616617128152,-0.0219776216502450,0,-0.0518614626195226,0.0219776216502450,0,0,1,5.91
-0.976821953852065,-0.970702623873516,0,0.962942832650177,0.970702623873516,1,0,0,34.45
0,-0.231784797645343,-1.00000000000000,-0.167973243362908,0.231784797645343,0,1,0,0.09
0.214053429013960,0.0633421154176202,0,-0.211012062597850,-0.0633421154176202,0,0,1,-4.89
-0.999957216788462,-0.936662326762134,0,0.997023469346237,0.936662326762134,1,0,0,33.88
0,-0.314109682158669,-1.00000000000000,-0.0765450084257800,0.314109682158669,0,1,0,2.07
-0.00925011311679678,-0.154915438864964,0,0.00922297446002119,0.154915438864964,0,0,1,1.01
-0.912976655836507,-0.994210614943561,0,0.873130492580736,0.994210614943561,1,0,0,30.6
0,0.0126337113188552,-1.00000000000000,-0.292204793604068,-0.0126337113188552,0,1,0,-0.81
0.408011796272593,0.106703526051669,0,-0.390204435546965,-0.106703526051669,0,0,1,-2.29
-0.994132099387155,-0.996972333533559,0,0.960526787237258,0.996972333533559,1,0,0,24.14
0,0.0689613045527825,-1.00000000000000,-0.257807388214060,-0.0689613045527825,0,1,0,5.43
0.108172866136050,0.0359235945171021,0,-0.104516226404879,-0.0359235945171021,0,0,1,-0.51
-0.999957216788462,-0.979673854253041,0,0.963449174222729,0.979673854253041,1,0,0,32.2
0,-0.126952403430410,-1.00000000000000,-0.267742895148173,0.126952403430410,0,1,0,0.53
-0.00925011311679678,-0.155313317382102,0,0.00891239514473148,0.155313317382102,0,0,1,2.32
-0.996985422603909,-0.994546142547817,0,0.993221862944154,0.994546142547817,1,0,0,33.07
0,-0.104175246748819,-1.00000000000000,-0.0868079998954362,0.104175246748819,0,1,0,2.68
0.0775890914710661,0.00504859466384314,0,-0.0772961973443548,-0.00504859466384314,0,0,1,-0.4
-0.968539741803012,-0.996166487948969,0,0.961258458525553,0.996166487948969,1,0,0,32.92
0,0.00901360358921682,-1.00000000000000,-0.122389022625539,-0.00901360358921682,0,1,0,-2.09
0.248858933028644,0.0870119718070581,0,-0.246988062573566,-0.0870119718070581,0,0,1,2.1
-0.995193276491914,-0.999265786846124,0,0.971225799897201,0.999265786846124,1,0,0,32.1
0,0.0282782618195605,-1.00000000000000,-0.218143241396543,-0.0282782618195605,0,1,0,-2.57
0.0979302937057195,0.0258500898888215,0,-0.0955718151289962,-0.0258500898888215,0,0,1,5.53
-0.998889874961970,-0.999644682038685,0,0.983835348250796,0.999644682038685,1,0,0,26.88
0,-0.0129325465918352,-1.00000000000000,-0.172960609894204,0.0129325465918352,0,1,0,6.06
0.0471064507096427,-0.0233079151883478,0,-0.0463964972520567,0.0233079151883478,0,0,1,0.81
