34.02 -2.32 -5.81 68.26 13.48 46.0 24.32 -23.73 -28.71
32.63 2.44 1.18 84.96 1.76 29.0 12.01 -4.69 -38.67
30.35 5.18 2.73 84.96 0.88 20.8 12.01 3.81 -41.6
30.5 5.39 2.86 84.96 0.88 20.8 12.01 3.81 -42.19
30.67 3.92 3.78 84.96 1.46 20.8 12.01 8.79 -42.19
31.51 1.63 4.66 84.96 4.69 20.8 12.01 13.77 -41.89
31.58 0.95 5.91 87.01 6.15 20.8 12.01 14.06 -41.89
32.2 -1.69 5.58 87.01 11.13 20.8 12.01 12.89 -41.89
33.22 -5.88 4.62 87.01 18.75 20.8 12.01 7.62 -42.19
33.27 -6.61 4.57 87.01 20.8 20.8 11.72 7.03 -42.19
33.27 -5.79 4.46 87.01 19.04 20.8 11.72 7.03 -41.89
33.0 -4.17 4.57 87.01 16.7 20.8 11.72 7.03 -42.19
32.42 -0.91 4.29 87.01 12.01 20.8 11.72 5.86 -42.19
31.83 1.3 3.43 87.01 7.91 20.8 11.72 1.46 -42.19
31.12 4.46 1.71 87.01 3.81 20.8 11.72 -6.15 -42.19
30.15 6.84 1.37 87.01 0.29 20.8 11.72 -7.62 -42.19
30.15 6.34 1.51 86.13 0.0 20.8 11.72 -3.22 -42.19
30.32 5.68 3.52 86.13 -0.29 20.8 11.72 11.13 -42.19
29.32 4.86 5.6 86.13 -0.59 20.8 11.72 14.65 -47.46
28.07 4.55 7.55 86.13 -0.59 20.8 11.72 19.92 -59.18
23.91 4.69 10.13 86.13 0.0 20.8 11.72 23.14 -65.63
21.96 4.8 12.65 93.46 1.76 20.8 11.72 19.63 -64.45
22.85 6.28 10.11 91.99 1.46 20.8 11.72 4.98 -63.28
23.45 8.49 6.03 89.06 1.46 20.8 11.72 2.34 -62.99
23.1 9.22 5.74 87.89 -0.29 20.8 11.72 2.34 -63.28
23.06 8.89 5.98 87.89 -0.29 20.8 11.72 3.52 -63.28
23.12 9.89 4.42 87.6 -0.29 20.8 11.72 -1.46 -63.28
23.01 10.46 3.05 87.6 -0.29 20.8 11.72 -5.27 -63.28
23.5 9.29 4.97 87.3 -0.29 20.8 11.72 0.88 -62.11
23.52 9.05 5.36 87.3 -0.59 20.8 11.72 2.05 -62.11
23.52 9.58 3.74 86.13 -0.59 20.8 11.72 -0.29 -62.11
23.84 9.33 3.89 85.25 -0.29 20.8 11.72 1.46 -61.52
25.53 5.96 5.52 83.79 4.1 20.8 11.72 12.3 -61.23
27.2 4.4 3.8 83.79 9.08 20.8 11.43 -6.74 -61.23
25.98 7.68 1.05 83.79 5.27 20.8 11.72 -6.15 -61.23
24.9 9.48 -0.15 84.08 2.34 20.8 11.72 -10.55 -61.23
23.87 10.45 -0.3 85.84 0.29 20.8 11.72 -14.36 -61.23
23.66 10.57 -0.32 85.84 0.0 20.8 11.72 -14.06 -61.23
25.3 8.57 -0.05 89.36 4.69 20.8 11.72 -18.16 -61.23
26.4 6.94 0.61 88.77 8.2 20.8 11.72 -15.23 -61.23
26.88 6.06 0.81 87.3 9.96 20.8 11.43 -11.72 -61.23
27.6 4.34 0.64 84.96 12.3 20.8 11.72 -8.2 -61.23
28.32 2.83 0.59 81.15 13.77 20.8 11.72 -1.76 -61.23
28.88 1.26 -0.87 75.0 14.36 20.8 11.72 4.69 -61.23
29.26 0.7 -1.54 72.66 16.11 20.8 11.72 5.86 -61.52
28.57 -0.93 -4.28 67.97 21.68 20.8 11.72 4.69 -66.5
32.93 -4.01 3.77 81.74 15.82 20.8 11.72 17.29 -45.41
32.1 -2.57 5.53 84.38 12.6 20.8 11.72 18.16 -45.7
31.37 -1.5 6.68 86.72 11.13 20.8 11.72 16.41 -45.7
30.67 -0.25 7.72 89.06 9.38 20.8 11.72 14.06 -46.88
28.7 0.82 8.25 89.36 9.08 20.8 11.72 13.77 -55.37
25.85 3.27 7.86 89.36 8.79 20.8 11.72 8.79 -60.64
24.95 4.69 6.6 89.36 9.38 20.8 11.72 2.64 -64.45
24.21 5.34 4.23 88.48 11.13 20.8 11.72 -3.81 -71.48
23.67 5.71 1.91 85.84 13.48 20.8 11.72 -7.62 -72.95
24.14 5.43 -0.51 83.79 14.94 20.8 11.72 -11.13 -72.95
25.87 4.56 -3.59 79.98 15.53 20.8 11.72 -14.94 -68.26
30.82 2.95 -5.65 76.76 11.13 20.8 11.72 -11.72 -44.82
32.68 1.84 -6.05 76.76 8.79 20.8 11.72 -9.08 -36.62
34.02 0.09 -6.44 76.46 7.62 20.8 11.72 -5.86 -31.35
34.62 -0.12 -3.56 79.98 7.03 20.8 11.72 -3.81 -30.47
34.87 -0.12 -0.62 84.96 7.32 20.8 11.72 -4.39 -30.18
33.65 -0.38 1.71 87.89 8.2 20.8 11.72 -4.39 -34.57
32.72 0.89 1.97 88.48 8.79 20.8 11.72 -5.57 -40.43
32.17 0.48 2.03 87.89 11.43 20.8 11.72 -6.45 -42.77
32.15 -2.04 2.33 87.89 16.11 20.8 11.72 -6.45 -46.58
32.22 -4.86 2.62 87.89 23.14 20.8 11.72 -6.45 -49.51
32.05 -6.6 1.45 86.13 28.13 20.8 11.72 -6.45 -52.15
32.42 -8.07 0.76 85.55 30.18 20.8 11.43 -5.86 -50.98
33.03 -7.62 0.77 85.55 27.83 20.8 11.43 -5.57 -48.34
33.47 -3.87 0.35 85.55 20.21 20.8 11.43 -5.57 -42.19
33.78 -1.42 -0.17 85.55 13.77 20.8 11.72 -5.57 -38.09
33.07 2.68 -0.4 85.55 4.98 20.8 11.72 -5.86 -35.74
32.16 4.17 -0.78 84.96 0.88 20.8 11.72 -5.57 -34.57
32.28 4.19 -0.61 84.96 0.29 20.8 11.72 -4.98 -33.98
31.95 3.95 4.45 93.75 0.88 20.8 11.72 -6.74 -32.52
31.85 2.62 7.14 98.44 2.64 20.8 11.72 -6.74 -32.52
31.21 1.23 10.01 103.13 5.27 20.8 11.72 -7.03 -32.81
31.48 0.8 9.96 103.13 6.15 20.8 11.72 -7.03 -33.11
31.7 0.86 9.75 103.13 6.15 20.8 11.72 -8.79 -33.11
31.5 1.67 8.95 103.13 4.69 20.8 11.72 -12.89 -33.11
32.22 2.06 6.27 99.9 4.39 20.8 11.72 -14.36 -33.11
32.82 2.15 2.87 94.04 4.39 20.8 11.72 -14.65 -33.11
33.27 2.74 -0.64 88.77 4.1 20.8 11.72 -15.82 -33.4
33.25 2.64 -2.12 86.43 4.1 20.8 11.72 -16.41 -33.4
33.66 2.42 -0.56 86.13 4.39 23.44 11.72 -10.84 -33.4
33.35 2.03 1.9 86.13 2.93 31.64 11.72 -11.13 -33.4
33.1 1.2 3.4 86.43 2.34 38.38 11.72 -11.72 -33.4
33.12 0.7 4.27 85.55 2.64 44.53 11.43 -11.13 -33.98
32.93 -0.22 5.23 84.08 2.34 51.27 11.72 -10.84 -37.5
32.65 -0.97 4.98 82.03 3.81 54.79 11.43 -11.13 -38.96
32.68 -1.42 4.58 79.98 4.98 55.66 11.43 -11.43 -41.02
32.92 -2.09 2.1 75.59 7.03 55.66 11.43 -12.89 -42.77
32.83 -2.69 1.25 75.29 10.84 55.66 11.43 -17.58 -48.93
31.87 -3.24 1.67 75.0 16.41 55.37 11.43 -20.8 -53.91
30.93 -5.41 1.07 75.0 22.27 52.15 11.43 -21.97 -58.59
30.96 -4.99 0.31 75.29 25.78 48.93 12.3 -21.68 -59.77
30.65 -4.14 0.88 77.64 26.37 42.48 13.18 -20.21 -59.77
30.28 -3.58 1.77 81.45 25.78 39.26 13.18 -20.51 -59.47
29.67 -2.59 2.52 83.79 23.73 37.21 13.18 -20.21 -59.77
29.56 -0.69 1.63 83.79 20.51 35.16 13.77 -21.39 -59.77
29.45 0.93 1.6 84.96 17.87 35.16 13.18 -23.44 -58.3
29.85 2.58 1.82 86.43 14.36 35.16 13.48 -24.9 -52.73
31.25 3.95 0.31 86.43 7.03 31.64 13.18 -25.2 -41.6
32.48 3.17 -0.25 86.43 5.57 29.88 13.48 -24.9 -37.79
33.27 2.39 -0.59 86.43 5.57 29.0 13.48 -22.85 -33.98
33.4 0.34 -0.41 86.43 9.08 27.54 13.48 -21.09 -34.57
33.7 -1.31 -0.1 86.43 12.3 26.95 13.18 -19.04 -35.74
33.3 -3.08 0.07 86.43 16.7 26.07 13.48 -17.87 -39.84
32.05 -3.7 0.42 86.43 23.14 25.2 13.18 -14.65 -48.63
32.16 -3.56 0.4 86.43 22.85 23.44 13.77 -14.36 -48.93
31.87 -2.6 3.48 92.58 21.68 21.97 13.48 -14.36 -48.93
31.12 -1.97 5.57 96.68 20.21 21.97 13.48 -15.53 -48.93
30.67 -1.28 6.69 99.02 19.34 21.97 13.77 -15.82 -48.93
29.87 0.08 7.65 101.37 16.7 21.97 13.48 -16.11 -48.93
29.62 1.34 7.27 101.66 14.65 21.97 13.48 -18.16 -48.93
29.13 2.87 6.88 101.66 12.01 22.27 13.48 -20.21 -48.93
28.72 4.31 6.64 101.66 9.38 24.9 13.18 -23.44 -48.93
28.18 5.6 6.23 101.66 6.45 25.2 13.48 -26.07 -48.93
27.82 6.7 5.2 101.66 4.98 25.2 13.48 -28.71 -48.93
28.05 6.68 4.73 101.66 4.98 25.49 13.48 -30.47 -48.93
28.62 5.73 4.72 101.66 7.32 25.2 13.48 -31.05 -48.93
29.66 4.65 2.07 99.32 8.79 22.27 13.48 -31.35 -48.93
30.16 3.62 0.96 95.51 11.13 21.97 13.48 -27.83 -48.93
30.71 2.66 1.06 91.7 12.6 22.27 13.48 -20.51 -48.63
31.12 1.08 -0.24 84.96 14.65 22.27 13.48 -8.2 -48.63
31.42 0.08 1.24 82.32 14.65 22.27 13.48 0.0 -48.34
31.7 -0.6 0.38 79.1 14.36 22.27 13.48 4.98 -48.34
32.35 -1.06 -1.91 76.46 15.82 22.27 13.48 1.76 -46.88
32.37 1.97 -2.51 76.46 9.38 22.27 13.48 2.05 -36.33
34.72 -1.35 -4.82 76.46 7.91 22.27 13.18 1.46 -28.71
34.43 0.57 -2.24 80.57 4.98 22.27 13.48 -2.34 -28.71
33.81 1.7 -0.69 84.08 2.93 21.97 13.48 -4.98 -28.71
33.61 2.0 0.48 86.13 3.52 21.97 13.77 -4.98 -28.71
33.4 2.24 1.74 89.65 2.93 17.87 13.48 -3.81 -28.71
33.36 2.75 2.77 91.7 2.93 16.99 13.48 -2.05 -28.71
33.3 1.21 4.82 95.21 4.98 16.99 13.48 -2.34 -28.71
33.01 0.14 6.8 98.73 7.03 16.99 13.48 -4.1 -28.71
33.08 -0.78 7.31 99.9 8.5 16.99 13.48 -6.15 -28.42
33.78 -1.47 7.2 99.9 8.5 16.99 13.48 -7.03 -24.02
34.26 -2.7 7.13 99.9 9.08 16.99 13.48 -6.45 -23.44
34.65 -2.95 5.23 97.27 9.38 18.16 13.48 -6.45 -23.14
34.82 -3.02 4.96 95.21 9.08 21.97 13.48 -6.74 -24.02
34.56 -3.21 6.03 95.21 8.79 26.95 13.48 -7.03 -24.02
34.42 -3.09 6.87 95.21 7.62 31.35 13.48 -6.74 -24.02
33.72 -2.81 8.55 95.21 5.27 40.14 13.48 -6.74 -24.02
33.57 -2.03 8.84 93.75 2.34 46.0 13.77 -6.45 -24.02
33.02 -0.37 7.06 88.77 0.59 48.05 14.06 -4.69 -29.3
31.95 0.67 7.44 86.13 0.88 48.93 16.11 -4.1 -35.16
30.77 1.21 7.64 83.2 2.64 49.51 19.92 -5.27 -36.62
30.9 1.12 5.19 77.93 4.69 49.51 21.39 -5.57 -38.67
30.96 0.84 4.53 76.46 4.98 49.51 21.39 -7.03 -39.84
31.17 1.51 2.85 74.41 6.45 49.51 21.39 -9.38 -41.02
31.27 1.04 1.17 72.07 7.62 49.51 21.39 -10.84 -41.6
31.01 0.55 0.45 69.73 9.08 49.51 21.68 -11.43 -43.65
30.65 0.36 -1.18 65.92 12.3 49.51 21.68 -12.01 -48.34
30.91 -0.44 -1.29 65.92 13.48 49.51 21.39 -13.18 -48.93
30.96 -0.54 -1.96 65.92 15.23 49.51 21.39 -14.94 -48.63
30.6 -0.81 -2.29 65.92 16.99 49.22 24.02 -17.58 -47.17
31.2 -0.21 0.7 72.66 15.23 46.29 24.02 -17.58 -41.31
32.11 -0.8 1.74 75.88 13.77 45.41 24.02 -16.99 -38.09
32.31 -0.61 3.3 79.1 13.77 44.53 24.32 -16.41 -36.62
32.17 -0.75 5.48 84.08 12.6 42.48 24.02 -16.11 -30.47
32.7 -0.92 7.19 89.36 11.13 41.02 24.02 -15.82 -25.49
33.57 -0.33 6.31 90.23 8.79 38.09 24.02 -15.82 -21.39
33.81 -0.02 5.18 90.53 7.32 32.52 24.02 -16.11 -17.87
34.18 1.51 2.97 90.53 4.69 26.95 24.02 -16.11 -14.06
34.23 2.35 2.12 90.53 2.05 22.27 24.32 -16.11 -12.01
33.71 4.03 1.71 90.53 0.0 21.68 24.32 -18.46 -11.72
34.6 3.18 1.08 90.53 0.0 20.8 24.32 -24.32 -8.5
34.72 1.85 1.27 90.53 -0.29 20.8 24.32 -26.07 -4.69
34.42 2.58 1.36 90.53 -0.29 20.8 24.32 -25.78 -7.32
33.9 2.64 1.32 90.53 1.17 20.8 24.32 -25.78 -11.72
33.88 2.07 1.01 90.53 4.39 20.8 24.32 -25.49 -17.58
33.33 1.93 1.14 90.53 7.91 20.8 24.9 -23.73 -22.85
42.76 0.78 0.89 90.53 11.72 20.8 24.9 -19.63 -28.13
32.2 0.53 2.32 90.53 15.53 20.8 24.32 -16.7 -32.52
32.77 -0.47 2.17 90.53 18.16 20.8 24.32 -16.41 -33.4
32.5 -2.46 0.7 87.89 21.97 20.8 24.32 -16.11 -37.5
32.17 -1.69 -1.42 84.08 24.02 20.8 24.32 -14.94 -40.43
32.7 -2.82 -2.79 80.27 25.2 20.8 24.32 -12.89 -40.14
32.96 -3.4 -3.47 78.52 25.2 20.8 24.32 -8.2 -38.09
33.46 -2.02 -3.46 78.52 21.09 20.8 24.61 -6.15 -30.18
34.66 -2.31 -4.11 78.52 16.7 20.8 24.32 -5.27 -23.14
34.77 -1.94 -4.68 78.52 14.36 20.8 24.61 -5.86 -21.39
34.65 -0.6 -5.92 77.64 11.72 19.04 24.61 -4.98 -19.92
34.45 0.09 -4.89 77.64 9.67 20.51 24.61 -2.34 -19.63
34.67 0.73 -3.04 76.46 7.03 30.18 24.61 -2.64 -19.34
34.15 1.03 -1.86 76.46 4.1 33.98 24.32 -2.64 -19.63
34.05 1.19 0.78 76.46 1.17 45.12 24.32 -2.64 -19.63
34.25 0.77 1.86 76.46 -0.29 51.56 24.32 -2.34 -19.63
34.82 0.04 1.37 76.46 -0.29 53.91 24.61 -2.34 -16.11
43.1 -1.56 0.58 76.46 0.0 57.42 24.61 -2.34 -12.01
35.27 -2.14 2.13 76.46 0.0 61.23 24.32 -1.46 -14.36
34.47 -3.09 3.85 76.46 0.0 65.92 24.32 -0.88 -20.8
33.15 -3.17 6.0 76.46 -0.29 67.97 24.32 -1.17 -26.37
32.4 -3.09 5.93 74.12 -0.59 69.14 24.61 -1.17 -33.98
31.8 -2.11 3.19 66.8 -0.59 69.14 24.32 -4.39 -41.89
30.2 -1.4 4.32 65.04 1.17 69.14 24.32 -8.5 -45.7
30.55 -1.46 3.32 65.04 4.69 68.55 24.32 -14.06 -45.41
31.11 -2.35 1.19 63.28 8.5 68.55 24.32 -17.58 -45.7
31.33 -3.04 -0.09 61.23 11.43 68.55 24.02 -19.04 -46.58
30.68 -3.77 -0.86 58.89 14.36 68.55 24.32 -20.21 -50.39
30.73 -4.76 -1.34 58.01 16.99 68.55 24.32 -20.51 -51.56
30.65 -5.4 -0.01 60.35 18.75 68.26 24.32 -22.27 -51.86
30.62 -5.21 1.68 63.57 18.75 68.26 24.61 -22.56 -51.27
31.2 -5.07 2.71 66.21 17.87 68.26 24.32 -23.44 -48.05
31.33 -3.9 3.37 70.61 15.23 65.63 24.32 -24.9 -44.53
32.0 -2.91 4.16 72.95 12.3 63.57 24.02 -24.02 -40.43
32.02 -1.83 4.55 75.59 11.43 61.23 24.02 -24.02 -38.38
32.5 -1.51 5.63 79.39 10.84 57.42 24.32 -24.32 -33.4
33.36 -1.4 4.46 80.27 10.84 53.03 24.32 -24.61 -29.59
33.43 -1.56 3.54 80.27 11.13 49.51 24.32 -24.02 -28.71
33.37 -1.14 3.08 80.27 10.84 47.75 24.61 -24.32 -28.71
33.55 -0.53 2.76 80.27 11.13 47.17 24.32 -24.02 -28.71
33.81 -0.74 -0.02 76.76 11.43 46.29 24.9 -24.61 -28.71
33.8 -1.05 -0.28 76.17 11.72 46.29 24.32 -24.02 -28.71
33.91 -1.32 -2.75 72.95 12.6 46.0 24.32 -23.73 -28.71
