32.2095 -20.5196 10.0623 89.94 33.69 13.48 -4.10 4.39 -68.55 
32.5470 -18.0640 10.2711 95.80 32.52 13.18 -4.10 -3.22 -67.38 
32.2345 -16.5389 11.1858 97.27 30.76 13.48 -4.10 -3.22 -67.97 
32.1095 -13.4367 11.7257 98.73 26.95 13.48 -3.81 -3.22 -67.97 
32.0970 -11.4815 11.6515 98.73 24.61 13.48 -4.10 -3.81 -67.97 
32.0220 -10.3391 11.5989 98.73 23.44 13.48 -4.10 -3.81 -67.97 
32.0720 -9.1995 11.2127 98.73 21.97 13.18 -4.10 -5.27 -67.38 
31.8471 -7.9910 11.2577 98.73 20.51 13.48 -4.10 -4.10 -68.26 
31.7346 -7.3398 11.3386 98.73 19.63 13.48 -4.10 -3.81 -67.97 
31.6221 -6.6362 11.3588 98.73 18.46 13.48 -3.81 -3.81 -67.38 
31.5096 -5.7606 11.2000 98.73 16.99 13.48 -4.10 -4.10 -67.38 
31.2971 -4.6395 10.9620 98.73 15.82 13.48 -4.10 -4.10 -67.09 
31.0971 -3.4341 10.7894 98.73 14.36 13.48 -3.81 -4.39 -67.38 
30.8347 -2.3615 10.7806 98.44 12.30 13.48 -3.81 -4.10 -67.38 
30.5722 -1.4825 10.7744 98.73 11.43 13.48 -3.81 -3.81 -67.97 
30.2347 -0.2875 10.6954 98.73 9.08 13.48 -3.81 -3.81 -67.09 
29.8598 0.9280 10.5571 98.73 7.62 13.48 -4.10 -3.22 -67.38 
29.5098 2.1058 10.3219 98.73 5.86 13.48 -4.10 -4.10 -67.97 
29.0474 3.4508 10.0203 98.73 4.10 13.48 -3.81 -4.10 -68.85 
28.5224 4.8929 9.9246 98.44 2.05 13.48 -3.81 -3.81 -67.38 
28.0475 5.4919 11.0008 98.44 0.88 13.48 -4.10 -0.59 -67.97 
27.7600 5.9002 11.4392 98.73 0.29 13.48 -4.10 0.59 -67.38 
27.3975 5.9548 12.8992 98.73 -0.59 13.48 -4.10 3.81 -67.97 
27.1351 6.2570 13.2196 98.73 -1.46 13.48 -4.10 4.39 -67.97 
26.7851 6.8260 13.4586 98.73 -2.34 13.48 -4.10 5.57 -67.97 
26.4476 6.4584 15.2268 98.73 -2.93 13.18 -4.10 10.55 -67.97 
26.4476 4.6708 17.5241 98.73 -1.76 13.48 -3.81 15.82 -67.38 
27.8100 -0.8272 19.0945 98.73 5.27 13.48 -4.10 18.46 -67.38 
28.5224 -3.5886 18.9614 98.44 9.67 13.48 -3.81 17.87 -67.97 
28.7224 -4.4571 18.9971 98.44 10.84 13.48 -3.81 17.87 -67.97 
29.6723 -7.0671 18.1949 98.44 15.53 13.48 -4.10 13.48 -67.97 
30.3347 -8.1648 16.8571 98.44 17.87 13.48 -3.81 10.25 -67.97 
30.5972 -8.3498 16.3052 98.44 18.46 13.18 -4.10 8.79 -67.09 
30.6722 -8.6758 16.1699 98.73 18.75 13.48 -4.10 8.50 -67.97 
31.2221 -9.8093 16.8910 98.73 19.04 13.48 -4.10 9.67 -64.45 
31.9346 -12.3762 17.8881 98.73 19.04 13.48 -4.10 11.72 -60.94 
32.6720 -14.9165 18.9763 98.73 18.75 13.48 -3.81 14.94 -56.84 
32.6720 -15.6275 19.3331 98.73 18.46 13.48 -4.10 15.82 -55.66 
32.7720 -16.1597 19.5062 98.73 19.04 13.18 -4.10 15.53 -55.37 
33.3094 -17.1894 19.6347 98.73 19.04 13.48 -4.10 15.82 -52.44 
33.5969 -18.0290 19.1880 98.73 19.34 13.48 -3.81 14.65 -52.15 
33.7094 -18.5100 18.5511 98.73 20.21 13.48 -4.10 12.60 -52.15 
34.3843 -20.7142 18.3717 99.02 21.09 13.48 -3.81 11.13 -48.93 
34.7468 -21.1738 17.1871 99.02 21.97 13.48 -3.81 7.32 -48.05 
34.3968 -22.8090 18.4689 100.49 23.44 13.48 -4.10 6.45 -48.05 
34.0093 -24.1397 19.2050 102.54 25.20 13.48 -4.10 4.69 -48.34 
33.4844 -25.1814 21.2300 104.88 26.07 13.48 -3.81 2.05 -48.05 
32.8220 -25.1589 23.9000 109.28 26.07 13.48 -4.10 -1.46 -48.34 
32.6220 -23.9438 24.3907 110.45 24.61 13.48 -4.10 -2.93 -48.34 
32.1970 -23.9691 26.4843 111.62 24.02 13.48 -4.10 0.59 -48.34 
32.5720 -23.4050 25.0927 111.62 24.32 13.48 -3.81 0.00 -48.63 
32.9220 -23.9700 24.3737 111.33 25.20 13.48 -4.10 -1.17 -48.93 
33.1969 -22.5135 22.4200 109.57 24.61 13.48 -3.81 -2.05 -48.93 
34.0093 -21.8379 19.9771 107.23 24.61 13.48 -3.81 -2.93 -48.93 
34.1968 -21.5895 19.2448 106.64 24.61 13.48 -4.10 -2.34 -48.93 
34.6968 -21.6493 16.9939 104.59 24.61 13.48 -3.81 -2.93 -49.22 
35.0467 -21.9974 16.2292 103.12 25.20 13.48 -3.81 -2.05 -48.93 
35.1967 -21.9169 14.3227 100.78 25.49 13.48 -4.10 -1.17 -48.93 
35.1592 -22.1743 14.4813 100.20 25.78 13.48 -3.81 0.00 -49.22 
35.4842 -21.7404 12.8255 98.73 25.20 13.48 -3.81 0.29 -48.93 
35.5967 -21.6810 12.0365 97.56 25.20 13.18 -3.81 0.00 -48.93 
35.8841 -21.5541 10.7596 96.09 25.20 13.48 -4.10 -0.29 -48.93 
36.0841 -21.8255 9.4769 94.34 25.49 13.48 -4.10 -0.29 -48.93 
36.2091 -21.5305 8.5303 92.87 25.20 13.18 -3.81 0.29 -48.93 
36.2466 -20.0650 8.2135 92.58 23.44 13.18 -4.10 0.29 -48.93 
36.3216 -18.9311 8.2718 92.58 22.56 13.18 -4.10 0.00 -48.93 
36.3091 -18.2580 8.1880 92.58 21.68 13.48 -3.81 0.00 -48.93 
36.3466 -17.5494 8.3941 92.58 20.51 13.48 -3.81 0.59 -48.93 
36.3216 -16.8110 8.4511 92.58 19.92 13.18 -3.81 0.29 -48.93 
36.2716 -16.4649 8.5119 92.58 19.63 13.48 -4.10 0.29 -49.22 
36.2716 -15.9901 8.4339 92.58 19.34 13.48 -4.10 0.29 -48.93 
36.3716 -15.0207 7.6554 92.58 18.46 13.48 -4.10 -0.88 -48.93 
36.6841 -14.4777 6.1179 90.23 16.99 13.48 -4.10 0.29 -48.93 
36.6466 -14.0750 6.0460 89.06 16.11 13.48 -3.81 2.64 -48.63 
36.7715 -13.4504 5.0622 87.89 15.23 13.48 -3.81 2.64 -48.63 
37.0590 -13.0107 1.8645 84.08 14.65 13.48 -4.39 1.46 -48.63 
37.0465 -12.9203 -0.8569 81.45 14.65 13.48 -3.52 2.64 -48.63 
36.9965 -12.8687 -2.2214 79.10 14.65 12.89 -3.81 3.22 -48.63 
36.9965 -13.2207 -1.3631 79.10 14.65 13.18 -3.81 5.57 -48.63 
36.9465 -13.1089 -0.9891 79.10 14.36 13.18 -4.10 7.03 -48.63 
36.9340 -12.9348 -0.4783 79.10 13.48 12.89 -3.81 9.08 -48.63 
36.9215 -13.0614 0.2371 79.10 13.48 13.18 -4.10 10.84 -48.63 
36.9090 -13.4925 1.0863 78.81 13.48 12.89 -4.10 14.06 -48.34 
36.8715 -14.2180 2.2885 79.10 13.48 13.18 -3.81 17.58 -48.63 
36.9465 -14.3379 1.9942 78.81 13.18 13.18 -4.10 17.87 -48.63 
36.8965 -14.0318 0.7895 77.05 12.89 13.18 -4.10 17.58 -48.63 
36.8840 -13.1821 0.8108 77.05 12.01 13.18 -4.10 18.16 -48.34 
36.7965 -12.0858 0.8458 77.05 10.84 13.18 -4.10 17.87 -48.34 
36.7340 -11.0199 0.8752 77.05 9.38 13.18 -4.10 17.87 -48.34 
36.5966 -9.7276 0.8469 77.05 7.91 13.18 -4.10 17.29 -48.63 
36.5216 -8.8372 0.9412 77.05 7.32 13.18 -4.10 17.58 -48.34 
36.4216 -8.0893 1.2416 77.05 5.57 13.18 -4.10 18.46 -48.34 
36.3466 -7.7793 1.5984 77.05 4.98 13.18 -4.10 19.34 -48.34 
36.2716 -7.4713 2.0207 77.05 4.10 13.18 -4.10 20.51 -48.63 
36.2341 -7.5260 2.4329 77.05 3.81 13.18 -4.10 22.27 -48.63 
36.1716 -7.0194 2.5112 76.76 2.93 13.18 -4.10 22.56 -48.34 
35.7966 -4.4131 -3.6631 72.95 2.05 13.18 -4.10 14.06 -48.63 
35.3967 -2.9323 -4.0010 71.48 0.29 13.18 -4.10 14.06 -48.63 
35.1717 -2.1011 -3.8534 71.48 -1.17 13.18 -3.81 14.36 -48.63 
35.0592 -1.4770 -2.2723 72.95 -2.05 13.48 -3.81 15.23 -48.34 
34.9717 -0.8725 -1.2544 74.12 -2.64 13.18 -4.10 15.23 -48.34 
34.9092 -0.5381 -0.5181 74.71 -3.52 13.18 -4.10 15.53 -48.63 
34.7718 -0.1997 0.6770 75.88 -3.81 13.18 -3.81 15.53 -48.34 
34.6843 0.0002 1.2061 76.76 -3.81 13.48 -4.10 15.53 -48.63 
34.4968 0.3328 2.5703 78.52 -4.10 13.18 -4.10 15.82 -48.34 
34.2968 0.9108 3.7236 79.98 -4.98 13.18 -4.10 15.23 -48.34 
33.9343 1.6047 4.1780 80.57 -5.86 13.48 -4.10 14.94 -48.34 
33.6719 2.4054 5.1104 82.32 -7.32 13.48 -3.81 14.94 -48.63 
33.3719 3.2505 4.9296 82.32 -7.91 13.48 -3.81 14.36 -48.34 
33.0844 4.2603 4.7520 82.32 -9.08 13.18 -3.81 13.77 -48.34 
32.5720 5.4024 4.5235 82.32 -10.25 13.48 -3.81 13.18 -48.63 
32.2345 6.5355 4.3546 82.32 -11.72 13.18 -3.81 12.60 -48.34 
31.8721 7.4089 3.7263 82.32 -12.60 13.18 -3.81 11.13 -48.34 
31.7221 8.0204 3.5007 82.32 -13.18 13.18 -3.81 10.84 -48.34 
31.5971 8.4602 3.1027 82.32 -13.18 13.18 -3.81 10.25 -48.34 
31.3971 8.8779 2.7713 82.32 -13.77 13.18 -3.81 9.38 -48.34 
31.3971 9.0540 2.5975 82.32 -13.77 13.18 -3.81 9.08 -48.34 
31.5471 8.9383 0.7851 80.27 -13.48 13.48 -3.81 7.32 -48.93 
31.8221 8.3668 0.2173 79.39 -12.60 13.48 -3.81 7.03 -48.34 
32.1970 7.3931 -0.7373 78.22 -11.72 13.18 -3.81 7.62 -48.34 
32.4095 6.8936 -0.5356 78.22 -11.13 13.48 -4.10 8.20 -48.34 
32.6345 6.4537 -0.6992 78.22 -10.25 13.18 -3.81 8.50 -48.34 
32.9594 5.5375 -1.1293 77.05 -9.38 13.48 -4.10 8.50 -48.34 
33.5344 3.7556 -0.1860 77.05 -7.03 13.18 -4.10 11.72 -48.34 
34.0968 2.1006 0.2167 77.05 -5.27 13.18 -4.10 12.89 -48.34 
34.8217 -0.2011 1.1221 77.64 -2.34 13.48 -4.10 13.77 -48.34 
35.2342 -2.5735 2.6885 78.22 -0.29 13.18 -3.81 18.16 -48.34 
35.2592 -3.1671 3.0102 78.22 0.59 12.89 -4.10 18.16 -48.93 
34.4968 -2.7217 3.5139 78.22 1.46 13.48 -3.81 17.58 -53.32 
33.6094 -2.1499 5.2316 79.98 2.64 13.48 -4.10 16.99 -55.66 
33.2094 -3.0312 9.9232 84.96 2.64 13.18 -3.81 19.63 -55.66 
32.5470 -3.4414 12.9665 89.36 2.64 13.18 -4.10 22.27 -55.66 
31.9721 -3.3220 15.2947 91.99 2.64 13.48 -4.10 21.97 -55.66 
31.0597 -2.5259 15.4861 92.29 2.93 13.18 -3.81 21.97 -59.47 
30.5847 -2.3387 15.4784 92.29 3.52 13.18 -3.81 21.09 -62.40 
31.8096 -3.2350 12.1114 88.48 5.27 13.48 -4.10 19.63 -62.40 
31.9346 -3.3047 11.1944 87.30 5.57 13.77 -3.52 18.75 -62.40 
32.8220 -2.2244 6.3113 82.03 4.98 13.18 -3.81 15.53 -62.40 
33.2719 -4.7590 5.5349 80.27 8.50 13.18 -4.10 16.41 -62.40 
33.5469 -5.5789 5.1035 80.27 9.96 12.89 -4.69 15.53 -62.40 
34.0343 -6.7608 1.8067 76.46 11.72 13.48 -4.10 14.06 -62.40 
34.3468 -8.4900 -0.6572 74.12 14.36 13.48 -4.10 13.48 -62.11 
34.3843 -9.3792 -0.5548 74.12 15.23 13.18 -4.10 13.77 -62.40 
34.5468 -11.1587 -0.3008 74.12 18.46 13.48 -3.52 14.36 -62.40 
34.6093 -13.0040 0.5711 74.12 19.34 13.18 -3.52 16.99 -62.40 
34.6843 -15.7634 0.8862 74.12 22.85 13.48 -4.10 16.99 -62.40 
34.6718 -17.0804 0.4353 74.12 24.61 13.18 -3.81 15.53 -62.11 
34.6218 -19.7766 3.0474 77.93 28.71 13.18 -4.10 14.36 -62.40 
33.6594 -23.8267 7.7459 83.20 33.11 13.48 -3.81 14.65 -62.40 
33.8219 -20.9542 8.3827 84.38 29.88 13.18 -4.10 14.65 -62.40 
33.8219 -18.5755 8.6646 84.38 27.54 13.18 -3.81 14.65 -62.40 
33.6594 -17.9504 9.8323 86.72 26.95 13.48 -3.81 12.89 -62.40 
33.6219 -17.6910 9.8191 87.30 26.95 13.48 -3.81 12.60 -62.40 
33.0219 -17.3307 12.1562 87.60 25.49 13.18 -4.10 17.87 -62.40 
32.7220 -16.2330 13.3473 87.30 22.85 13.18 -3.81 21.39 -62.70 
32.1845 -15.6186 15.3933 89.06 21.09 13.18 -4.10 24.02 -62.70 
31.7471 -14.3098 16.4570 90.23 19.34 13.18 -3.81 24.90 -62.11 
31.4846 -11.8844 16.0516 90.23 17.87 13.18 -0.88 24.32 -62.40 
31.3346 -9.9699 15.6281 90.23 16.70 13.18 -0.29 24.02 -62.40 
31.3096 -6.0090 13.9324 90.23 12.89 13.18 0.00 19.04 -62.40 
31.2971 -4.7989 13.1850 90.23 11.72 13.18 0.00 18.16 -62.40 
31.3096 -3.1407 11.8128 89.06 9.67 13.18 0.00 17.29 -62.99 
31.2346 -2.1966 11.0336 87.89 8.50 13.18 -0.59 16.99 -62.40 
31.3846 -0.9976 8.7047 84.38 7.03 13.18 0.00 16.41 -62.70 
31.4971 0.0257 6.3197 81.45 4.98 13.18 0.00 16.99 -62.99 
31.5471 0.1369 5.2948 78.52 4.10 13.18 0.00 18.16 -62.11 
31.6471 -0.0988 5.1801 77.93 4.10 13.18 0.00 19.63 -62.40 
31.6346 -0.2126 5.5236 77.93 4.10 13.18 0.00 19.63 -62.40 
31.5096 -0.3180 6.4913 79.10 4.10 13.48 0.00 19.04 -62.40 
31.1971 -0.6395 9.0763 82.91 5.27 13.18 0.00 18.75 -62.11 
29.4723 4.3230 9.1997 82.91 -2.34 13.18 0.00 19.63 -62.11 
28.4099 7.6239 7.5751 82.32 -7.32 13.18 -0.29 18.16 -62.40 
28.1975 9.0047 5.2891 78.81 -8.79 13.18 0.00 17.29 -62.40 
28.1225 9.4494 4.4812 77.05 -9.38 13.48 -0.29 17.58 -62.40 
28.8474 7.3081 6.1173 76.76 -9.08 13.48 0.00 22.56 -62.11 
31.7846 0.8100 8.9806 78.22 -4.69 13.48 0.00 32.52 -57.13 
32.1845 -1.3290 10.9900 80.57 -2.93 13.18 -0.29 33.98 -55.66 
32.4970 -4.9432 14.9599 85.55 0.59 13.18 0.00 38.38 -53.61 
33.0719 -6.5401 15.1367 85.84 1.17 13.48 0.00 38.96 -51.86 
33.7719 -7.9830 15.0248 85.84 2.34 13.48 0.00 40.43 -50.39 
34.0843 -10.1876 15.0766 85.84 4.69 13.18 0.00 41.02 -49.80 
34.7218 -14.1707 14.7072 85.84 8.20 13.18 0.00 42.48 -47.75 
35.1217 -17.0913 13.5656 84.38 11.72 13.18 0.00 42.77 -48.05 
35.2342 -19.2171 12.5642 82.91 13.18 13.18 0.00 44.24 -47.75 
35.4217 -20.7202 11.3071 81.45 15.23 13.48 0.00 44.82 -47.75 
35.7467 -22.1000 9.1573 79.10 16.41 13.18 -0.29 44.82 -47.75 
36.1466 -21.7152 6.2684 75.59 16.70 13.18 -0.29 42.48 -47.75 
36.5466 -20.1557 1.1669 70.90 15.82 13.48 0.29 41.02 -48.05 
36.5841 -18.7072 -3.2887 65.92 14.36 12.89 -0.29 39.26 -47.75 
36.3091 -23.5496 -5.5038 60.06 14.65 12.60 0.29 51.27 -48.05 
36.0966 -26.4273 -0.0903 65.04 16.41 13.18 0.00 54.79 -47.75 
35.9841 -23.6952 5.0217 72.07 16.11 13.18 0.29 49.22 -48.05 
36.3841 -20.6680 3.7250 72.07 15.53 13.77 -0.59 42.19 -47.75 
37.3090 -21.2695 1.9541 72.36 14.65 15.53 0.59 38.96 -42.19 
37.4465 -19.3507 1.6919 73.24 13.18 15.23 -0.59 34.86 -41.89 
37.4465 -16.7729 1.0174 73.24 11.72 15.53 -0.59 32.52 -41.89 
37.3840 -14.8090 1.1457 73.54 10.25 15.53 0.29 29.59 -41.89 
37.3590 -12.5558 0.7637 73.54 8.20 15.53 0.00 27.83 -41.89 
37.1590 -10.4516 0.4751 73.54 6.15 15.23 0.00 26.07 -41.89 
37.0340 -9.0180 0.2362 73.54 4.98 15.53 0.00 25.49 -41.89 
36.9465 -7.9779 0.2672 73.54 3.52 15.53 0.00 24.90 -41.89 
36.6716 -6.4797 0.2618 73.54 1.46 15.23 0.00 25.20 -41.89 
36.5466 -5.2593 0.3660 73.54 0.29 15.23 -0.88 24.90 -41.89 
36.3466 -4.3187 0.4753 73.54 -1.17 15.53 0.00 25.20 -41.89 
36.1091 -3.1830 0.7924 73.54 -2.93 15.53 0.00 26.37 -41.89 
35.7217 -1.7213 0.7911 73.54 -4.39 15.53 -0.29 26.66 -41.89 
35.4467 -0.3759 0.5076 73.54 -6.15 15.53 0.00 25.78 -41.89 
34.9467 1.1420 0.0044 73.54 -7.62 15.82 0.00 23.73 -41.89 
34.6343 2.3611 -0.1332 73.54 -8.79 15.53 0.00 22.27 -41.89 
34.4718 2.8660 -0.5540 73.54 -8.79 15.53 -0.59 19.63 -41.89 
33.6844 4.9466 -1.0356 73.54 -10.84 15.23 -0.29 18.16 -41.89 
32.9095 7.1148 -1.3802 73.54 -13.18 15.53 -0.29 17.29 -41.89 
32.4220 8.4109 -1.3465 73.54 -14.36 15.53 0.29 16.70 -41.89 
31.9346 9.6064 -1.0148 73.54 -16.41 15.53 0.29 16.99 -41.89 
31.2721 11.1290 -0.7243 73.54 -18.16 15.53 -0.29 17.87 -41.89 
31.0222 11.4888 0.4821 74.41 -19.04 14.94 0.00 18.75 -41.89 
31.0347 11.0442 2.7267 77.05 -19.34 15.82 -0.29 20.51 -41.89 
31.2221 10.5097 3.9741 78.52 -19.04 15.53 -0.29 21.68 -41.60 
31.5096 8.8387 7.2393 82.62 -17.58 15.53 0.00 24.02 -41.89 
31.3971 8.1302 9.8060 86.13 -16.70 15.53 0.00 24.02 -41.89 
31.0722 8.1252 11.0649 87.89 -16.70 15.53 -0.59 24.32 -41.60 
30.9847 7.1646 13.3935 91.11 -15.53 15.53 0.00 25.78 -41.89 
31.1596 6.0642 14.4880 92.29 -14.06 15.23 -0.29 26.37 -41.89 
31.2221 5.2751 15.0930 92.29 -13.77 15.53 -0.29 30.18 -41.89 
18.0610 -8.6239 3.6975 102.25 -8.50 15.53 9.38 31.93 -41.89 
17.8736 -7.5126 3.5333 102.25 -9.67 15.53 12.30 26.66 -39.84 
26.6726 11.1251 20.1243 102.25 -10.25 15.53 12.01 22.27 -39.84 
26.6101 11.1047 20.1432 101.95 -10.84 15.53 12.30 24.02 -40.43 
26.4726 11.7473 19.4758 101.37 -11.13 15.23 12.60 21.97 -40.43 
26.2477 12.7919 18.3648 100.49 -12.60 15.53 12.01 19.92 -40.43 
28.0350 12.9310 13.3248 92.58 -12.89 15.53 12.30 19.92 -39.84 
29.2348 11.0895 11.9203 90.23 -11.72 15.82 12.30 21.39 -39.55 
30.2597 8.1280 12.7395 89.65 -9.38 15.82 11.72 25.78 -39.26 
30.6222 6.8595 12.8223 89.36 -8.50 15.53 12.89 28.42 -38.67 
30.8722 6.5139 13.1770 89.36 -8.79 15.53 12.30 30.76 -38.67 
32.9719 -4.8444 18.4240 93.75 4.10 15.53 12.30 37.21 -38.38 
32.9469 -5.6473 19.4513 95.21 5.27 15.82 12.30 36.91 -38.38 
33.3219 -7.0330 19.1524 95.51 7.91 15.53 12.60 34.57 -38.09 
33.2594 -7.9692 19.6561 95.80 9.08 15.23 12.30 34.86 -38.09 
33.3094 -9.4955 20.0587 95.80 10.25 15.53 11.72 35.16 -38.09 
33.4969 -11.0425 20.3385 95.80 12.30 15.82 12.01 35.45 -38.09 
33.4719 -12.2481 20.4305 95.80 13.48 15.53 12.30 35.45 -38.09 
33.6469 -14.4165 20.7260 95.80 16.11 15.23 11.72 35.16 -38.09 
33.6844 -22.6991 21.5438 95.80 24.32 15.53 12.60 34.86 -38.09 
34.0718 -22.2599 20.6071 95.80 24.32 15.82 12.01 34.28 -37.79 
34.6093 -21.0635 17.8082 92.87 24.02 14.94 12.01 32.81 -38.09 
35.2217 -20.6323 15.5628 90.23 23.44 15.82 12.30 32.81 -38.09 
35.4342 -20.1638 14.4763 89.06 23.14 15.82 12.30 33.40 -38.09 
35.7092 -19.6578 13.1914 87.60 23.14 15.53 12.30 32.81 -38.09 
35.8591 -19.2061 12.4716 86.43 22.56 15.53 12.60 33.11 -38.09 
36.3591 -17.8317 9.6893 83.79 21.09 15.53 12.30 32.52 -38.09 
36.5216 -17.2516 8.5477 82.32 20.51 15.23 12.30 32.81 -38.09 
36.7840 -17.6358 7.4953 80.27 20.51 15.82 13.18 33.40 -38.09 
36.5716 -19.9414 8.1642 79.98 21.68 15.23 12.30 38.67 -38.09 
36.5716 -22.2415 8.2803 79.98 24.02 15.23 12.60 39.26 -38.09 
36.4216 -25.1248 7.1231 78.81 26.37 15.53 12.01 39.26 -38.09 
36.4466 -25.5377 6.8267 78.81 26.95 15.23 12.30 38.67 -38.09 
36.3966 -26.1995 6.8320 78.81 28.12 15.23 12.60 37.21 -38.09 
36.3966 -24.9981 6.5933 78.81 27.83 15.82 12.01 33.69 -38.09 
36.7965 -23.6807 5.2434 78.81 27.25 15.82 12.30 29.88 -38.09 
36.7715 -23.1117 3.8986 78.22 27.83 16.11 12.01 26.95 -37.79 
36.9340 -23.0769 2.6898 77.64 28.71 15.82 12.01 22.85 -38.09 
36.9965 -22.3617 0.7440 76.17 28.71 15.53 12.30 20.51 -37.79 
37.1215 -21.7235 -1.0664 75.00 28.12 15.53 12.30 16.99 -38.09 
37.0340 -20.1401 -4.7875 74.12 28.12 15.53 12.60 8.50 -38.09 
37.0090 -20.7073 -5.3684 63.28 21.97 46.29 12.30 -0.59 -38.09 
36.7590 -22.0993 -2.3967 63.28 19.63 57.71 12.30 -0.88 -38.09 
36.4341 -20.7195 -1.2799 63.28 18.75 58.89 12.30 -1.17 -41.02 
36.3966 -19.3521 -0.3983 63.28 16.99 59.77 12.30 -1.17 -41.31 
36.2966 -17.5993 0.2635 63.28 13.77 61.82 12.60 -1.17 -41.31 
36.3466 -15.8068 2.5161 64.16 9.67 66.80 12.30 -1.76 -41.02 
36.2216 -14.4926 3.1081 64.16 6.15 73.24 13.18 -7.62 -41.31 
35.0717 -13.3029 6.8799 64.16 4.98 79.69 18.75 -12.89 -41.02 
33.8219 -12.8198 10.4970 64.16 4.98 81.15 25.49 -13.48 -40.14 
35.2967 -11.7705 8.9615 65.62 2.93 81.15 27.54 -17.87 -29.59 
35.2842 -11.9366 10.4455 66.80 2.64 82.03 33.98 -19.92 -22.85 
33.5969 -11.2448 13.9829 66.80 2.64 82.32 41.02 -20.80 -22.85 
37.8839 -17.4500 6.8937 67.09 0.29 87.60 45.70 -19.63 8.79 
37.8339 -17.9188 6.0781 67.09 0.88 86.72 47.17 -19.34 11.13 
37.5590 -17.1787 6.5109 67.09 1.46 84.96 47.17 -19.34 9.08 
36.8965 -16.8082 7.5658 66.80 2.05 84.96 47.17 -20.51 2.93 
35.8841 -13.1803 11.1915 66.80 1.46 82.91 47.17 -22.85 -5.27 
36.8465 -12.8785 5.2749 60.64 1.46 81.15 47.17 -23.44 -3.81 
36.7215 -12.3731 4.9961 60.06 0.59 81.45 47.17 -23.44 -3.81 
36.7840 -12.3260 4.9257 60.06 0.59 81.15 47.17 -23.44 -3.81 
36.8715 -11.9980 3.7318 58.89 0.00 81.15 47.17 -23.44 -3.81 
37.1215 -11.8846 3.1550 58.01 -0.29 81.15 47.17 -23.44 -3.81 
36.9340 -11.2521 0.6323 55.37 -1.46 81.15 47.17 -23.14 -3.81 
37.0590 -11.3202 -0.1705 54.79 -1.46 81.45 47.75 -23.14 -3.81 
36.9715 -11.1749 -1.5836 53.03 -1.76 81.15 47.75 -23.44 -3.81 
36.9715 -11.1771 -1.6555 53.03 -1.76 81.15 47.17 -23.14 -3.81 
36.9090 -11.2087 -3.3031 50.98 -1.76 81.15 47.17 -23.44 -3.81 
36.8715 -11.5805 -3.5984 50.68 -1.46 81.15 47.75 -23.44 -3.81 
36.9215 -12.3502 -3.4228 50.98 0.29 81.15 47.75 -23.44 -3.81 
37.0215 -12.0629 -2.7798 50.98 -0.29 81.15 47.75 -23.44 -3.81 
36.1216 -8.8056 5.7585 60.94 -1.17 76.17 46.88 -23.14 -3.81 
35.0467 -3.1940 7.6200 63.87 -5.86 70.90 47.17 -23.14 -3.81 
33.2469 3.0017 7.4747 63.87 -12.89 68.26 47.75 -23.44 -3.81 
30.9722 8.9841 6.9204 63.87 -18.16 63.28 47.17 -23.44 -3.81 
31.4346 8.1808 6.9462 63.87 -16.99 63.28 47.17 -23.44 -3.81 
33.1969 4.3906 5.2941 62.11 -12.01 64.16 47.75 -23.14 -3.81 
33.5469 3.7493 4.1923 61.23 -11.13 64.16 47.17 -23.44 -3.81 
33.9218 2.8446 3.8683 60.94 -9.67 64.45 47.75 -23.44 -3.81 
34.6093 0.8354 2.0505 59.18 -6.74 64.75 47.17 -23.14 -3.81 
35.5967 -2.6910 2.7236 59.18 -4.69 69.14 47.17 -23.44 -3.52 
36.1966 -5.5690 3.1978 59.18 -3.22 73.54 47.17 -23.14 -3.81 
36.6965 -9.8729 3.4791 59.18 0.00 76.46 47.17 -23.14 -3.81 
36.9590 -13.8565 3.5686 59.18 3.81 78.52 47.75 -23.44 -3.81 
37.0840 -17.9890 3.4404 59.18 9.96 79.39 47.17 -23.44 -3.81 
36.9715 -22.5354 3.2251 59.18 15.53 79.39 47.17 -23.44 -3.81 
36.6341 -26.5314 3.3155 59.18 19.34 79.39 47.17 -23.14 -3.81 
36.8715 -25.2128 -0.7470 59.18 27.83 63.57 47.17 -24.32 -3.81 
37.1965 -21.0781 -4.0415 59.18 27.83 53.91 46.88 -23.73 -3.81 
39.7962 -13.2205 -0.1053 82.62 5.27 29.59 16.11 -0.88 -3.81 
39.8212 -12.7933 1.3673 84.96 5.27 26.66 16.70 -0.88 -3.81 
39.8337 -12.8663 2.2111 85.55 5.27 26.37 16.41 -0.88 -3.81 
39.6212 -14.3793 6.0371 89.94 7.32 27.25 16.11 -0.88 -3.81 
39.1338 -14.4200 8.8998 93.16 7.32 26.66 16.11 -0.88 -3.81 
39.0838 -12.8691 9.1015 93.46 5.27 27.25 16.41 -0.59 -3.81 
38.4589 -11.2591 12.0448 97.27 3.52 26.37 15.82 -0.88 -3.81 
38.3714 -9.2373 11.9132 97.27 1.17 26.66 15.82 -0.88 -3.81 
38.1089 -7.0692 11.7548 97.27 -1.17 26.37 16.11 -0.88 -3.81 
37.6964 -4.8647 11.5772 97.27 -3.81 26.66 15.82 -0.88 -3.81 
37.2465 -2.6632 11.4020 97.27 -6.45 26.66 16.11 -0.59 -3.81 
36.7340 -0.3972 11.1555 97.27 -9.38 26.66 16.41 -0.88 -3.81 
36.0716 1.7862 10.8947 97.27 -11.72 26.66 16.41 -0.88 -3.81 
35.4967 3.8160 10.4636 97.27 -13.77 26.66 16.11 -0.88 -4.10 
35.0967 5.3420 10.0109 97.27 -15.53 26.95 15.82 -0.59 -3.81 
34.4218 6.9787 9.7873 97.27 -17.58 26.66 16.41 -0.59 -3.81 
33.9593 8.0940 9.6627 97.27 -18.75 26.66 16.11 -0.88 -3.81 
33.8968 8.3332 9.7179 97.27 -19.04 26.95 15.82 -0.59 -3.81 
34.7593 6.0741 10.2836 97.27 -16.70 26.66 15.82 -0.88 -3.81 
34.5968 4.7804 11.7288 99.02 -14.94 26.95 16.11 -0.88 -3.81 
34.6218 3.7064 15.1878 102.83 -13.48 26.95 16.11 -0.88 -3.81 
34.5718 2.8695 16.0985 103.71 -12.60 26.66 16.11 -0.88 -3.81 
33.3719 2.7717 20.7738 109.28 -12.30 29.59 16.11 -0.88 -3.81 
33.2719 1.0463 23.0577 111.62 -10.25 30.18 16.11 -0.88 -3.81 
34.8842 -2.2307 20.6311 109.28 -7.03 29.88 16.11 -0.88 -3.81 
35.4342 -4.2811 20.6022 108.98 -4.39 30.18 16.11 -0.88 -3.81 
36.1216 -6.7819 19.8455 107.81 -2.05 30.18 16.11 -0.59 -3.81 
36.4216 -7.8569 19.5802 106.93 -0.59 30.18 15.82 -0.88 -3.81 
36.6341 -10.4478 19.8836 106.93 2.34 30.18 15.82 -0.59 -3.81 
36.8965 -12.1560 20.0273 106.93 3.81 29.88 16.11 -0.59 -3.81 
37.0590 -14.3578 20.0998 106.64 6.15 30.18 16.11 -0.59 -3.81 
37.0465 -16.6540 20.2085 106.64 8.50 29.88 16.11 -0.88 -3.81 
37.0340 -18.9896 20.5105 106.64 10.84 30.18 16.11 -0.59 -3.81 
36.9465 -20.5483 20.5632 106.64 12.30 29.88 16.11 -0.88 -3.81 
39.3088 -24.0628 7.0056 90.82 15.53 29.88 16.41 -0.88 -3.81 
39.3963 -24.5230 7.0135 90.82 16.11 29.88 16.11 -0.59 -3.81 
39.3463 -24.9854 7.0965 90.82 16.11 29.88 16.11 -0.59 -3.81 
39.3713 -24.9995 6.6133 90.53 16.41 29.88 16.41 -0.59 -3.81 
39.3213 -25.4625 6.0485 90.23 16.70 30.47 15.82 -0.59 -3.81 
39.1963 -25.9823 6.7765 90.23 16.99 30.76 16.11 -0.29 -3.81 
38.7213 -26.7055 9.5933 93.16 17.87 30.76 16.11 -0.59 -3.81 
39.1838 -27.4585 3.4306 87.30 18.16 31.05 16.41 -0.59 -3.81 
39.5087 -24.0324 3.2320 87.01 15.82 30.76 16.11 -0.59 -3.81 
39.9462 -20.4620 -0.4156 82.91 11.72 30.76 14.94 -0.59 -3.81 
39.9337 -16.8952 -0.2983 82.91 8.50 30.76 15.23 -0.59 -3.81 
39.8712 -15.1614 -0.2414 82.91 6.45 31.05 16.11 -0.59 -3.81 
39.7087 -13.1037 -0.1674 82.91 4.10 30.76 15.82 -0.59 -3.81 
39.6337 -11.2974 0.1121 82.91 2.64 30.76 16.11 -0.59 -3.81 
39.5962 -9.7834 0.1448 82.91 0.88 30.76 16.11 -0.59 -3.81 
39.3213 -8.2249 0.2084 83.20 -1.17 30.76 16.11 -0.59 -3.81 
39.1338 -6.2761 0.1869 82.91 -3.22 30.76 16.11 -0.59 -3.81 
38.6963 -4.0305 0.3476 82.91 -5.86 30.76 16.11 -0.59 -3.81 
38.0214 -1.6882 1.6042 83.79 -8.50 30.76 16.11 -0.59 -3.81 
37.8464 -1.2373 4.3079 87.30 -9.08 30.76 16.11 -0.59 -3.81 
37.2840 -0.9797 8.2676 92.29 -9.08 30.76 16.11 -0.88 -3.81 
37.2715 -1.0497 8.8903 93.16 -9.08 30.76 16.11 -0.59 -3.81 
36.8465 -1.0923 11.3174 97.27 -8.79 30.76 16.11 -0.59 -3.81 
35.9966 -1.7303 15.6644 102.25 -7.91 30.76 16.11 -0.59 -3.81 
36.3841 -3.3770 16.8777 103.12 -5.86 30.76 16.11 -0.88 -3.81 
37.5715 -15.0800 17.8548 103.42 7.62 30.47 16.11 -0.88 -3.81 
39.3713 -22.2512 10.0125 94.34 14.65 30.47 16.11 -1.17 -3.81 
39.4088 -19.4734 4.2442 86.43 15.82 30.47 22.27 -2.64 -3.81 
38.9463 -16.5793 1.6143 81.45 17.87 30.47 29.59 -8.20 -4.10 
38.2089 -12.1372 1.1050 78.52 18.46 30.47 37.50 -16.41 -3.81 
36.2466 -6.5171 -0.1543 74.12 21.68 30.47 49.80 -24.90 -4.10 
25.2478 1.3558 5.8652 36.04 0.88 72.07 67.09 -25.49 -37.50 
22.6855 1.9422 11.2418 40.14 -3.52 75.00 72.66 -29.59 -37.79 
22.6106 2.4836 11.0581 39.26 -5.86 75.00 72.66 -30.76 -37.79 
22.0481 5.4472 8.2415 34.86 -7.62 72.07 72.66 -37.21 -37.50 
20.8482 8.4682 8.0469 35.45 -9.96 69.73 72.66 -39.84 -37.50 
20.4483 9.1902 8.2776 35.45 -11.72 68.85 72.66 -40.72 -37.50 
20.2483 9.2575 8.6968 35.45 -13.48 68.85 72.66 -41.31 -37.50 
21.1732 8.9269 7.1999 35.45 -9.08 68.85 72.66 -39.84 -37.79 
21.4982 7.9555 7.1518 35.45 -7.32 68.85 72.66 -36.04 -37.50 
23.9729 1.2577 7.6826 35.45 2.05 70.90 72.66 -22.56 -37.50 
24.2979 0.5790 7.3881 34.86 4.69 71.19 72.66 -21.09 -37.50 
24.4729 -0.2805 7.7054 35.45 6.45 71.19 72.66 -19.34 -37.50 
25.5727 -4.5442 8.1372 35.74 14.36 73.24 72.66 -12.01 -37.50 
25.8727 -5.8743 8.1462 35.74 17.29 73.54 72.66 -10.25 -37.50 
26.0727 -7.2222 8.0496 35.74 21.09 73.54 72.66 -7.91 -37.50 
26.2977 -8.7948 8.0537 35.74 24.61 73.54 72.66 -5.57 -37.79 
26.5476 -10.1400 8.1075 35.74 28.71 73.83 72.66 -3.52 -37.50 
26.6726 -11.8191 8.1575 35.74 31.64 73.83 72.66 -1.46 -37.50 
26.8101 -15.6142 8.1714 34.57 39.55 75.88 72.66 1.46 -37.50 
26.6976 -15.0147 8.1935 34.57 38.09 75.88 72.66 1.46 -37.79 
26.6476 -12.8928 7.8280 34.57 33.98 75.88 72.66 -2.34 -37.50 
26.5851 -10.6372 7.4331 34.57 28.71 75.88 72.66 -7.03 -37.50 
26.4226 -8.5822 7.1514 34.57 24.32 75.88 72.66 -11.13 -37.50 
26.3352 -7.5708 7.0397 34.57 21.97 75.88 72.66 -13.18 -37.50 
26.1352 -6.4951 7.1564 34.57 20.21 75.88 72.66 -14.94 -37.50 
25.9852 -5.7587 7.1383 34.86 18.75 75.88 72.66 -17.29 -37.50 
25.7852 -4.6943 7.3429 35.74 16.99 75.88 72.66 -19.63 -37.50 
25.3228 -2.6873 7.3757 35.74 12.30 75.29 72.66 -23.14 -37.50 
25.1978 -1.9014 7.2713 35.74 10.25 75.29 72.66 -24.90 -37.79 
25.0728 -1.5703 7.3018 35.74 9.38 75.29 72.66 -25.78 -37.50 
24.6853 -0.3878 7.5599 35.74 5.57 75.29 72.66 -27.83 -37.79 
24.5229 0.1830 7.4975 35.74 4.98 75.29 72.66 -29.88 -37.50 
24.4604 1.8358 6.0543 35.74 7.32 72.66 72.66 -31.93 -37.79 
25.3478 0.3831 4.1943 35.74 16.11 71.48 72.66 -29.59 -37.50 
25.6227 0.2644 1.3897 35.74 24.02 67.09 72.66 -28.12 -37.79 
26.0977 -1.0709 0.4050 35.74 28.71 67.09 72.66 -27.83 -37.79 
26.3227 -1.9589 -0.4194 35.74 31.64 66.50 72.66 -27.83 -37.79 
26.0602 -0.8981 -1.0471 35.74 31.05 64.16 72.66 -27.83 -37.50 
25.8977 0.7313 -1.1716 35.74 29.59 62.70 72.66 -28.12 -37.79 
25.1478 1.5680 0.0088 38.38 26.95 61.82 72.66 -27.54 -37.50 
24.5728 3.0297 0.1117 39.55 25.78 60.06 72.66 -27.83 -37.50 
24.1979 4.2750 -0.4469 39.55 24.61 57.71 72.66 -28.12 -37.50 
24.0229 5.3074 -0.6245 39.55 24.02 56.25 72.66 -28.12 -37.79 
24.5728 4.7569 -0.8707 39.55 24.32 57.13 72.66 -29.59 -37.50 
25.3728 2.1435 -0.7324 39.55 27.83 60.64 72.95 -30.47 -37.50 
25.9352 0.3190 -0.7614 39.55 30.76 61.23 72.66 -29.88 -37.50 
26.3977 -1.2122 -0.2841 40.14 32.81 63.28 72.95 -30.47 -37.50 
26.6726 -2.2014 0.1168 39.55 33.69 64.16 72.66 -29.59 -37.50 
26.9476 -3.1166 0.8207 39.55 33.98 67.09 72.66 -32.81 -37.50 
28.2475 -5.4440 -1.7305 39.55 37.79 69.43 72.66 -42.48 -37.50 
27.7350 -6.6862 0.8510 39.55 41.02 66.80 72.66 -24.90 -37.50 
29.2848 -9.8092 -1.8012 37.21 43.95 59.18 72.66 -4.10 -30.47 
30.3972 -14.6525 -2.9086 36.04 50.10 52.73 72.66 18.46 -29.30 
19.0859 3.8375 3.4374 24.32 8.50 56.25 72.36 -6.74 -51.86 
19.0484 3.5493 6.2202 28.71 7.32 57.42 72.66 -5.27 -52.15 
17.6986 3.8380 6.6682 28.71 7.32 56.84 72.95 -6.74 -56.54 
17.6236 5.4342 4.5940 28.71 8.79 52.73 72.66 -5.27 -55.66 
18.1485 5.4553 2.3306 27.25 14.36 47.75 72.66 -0.88 -55.66 
18.2735 5.3767 1.8226 27.25 15.82 47.17 72.66 0.29 -55.66 
17.1486 7.7604 1.6548 27.25 12.01 42.19 72.36 0.00 -55.66 
16.9737 7.7324 1.8158 27.25 11.13 41.89 72.36 0.59 -56.25 
18.2735 6.2382 1.3755 27.25 15.82 42.19 72.66 4.98 -55.66 
19.2734 4.9387 0.8671 27.25 19.63 42.19 72.36 6.45 -56.25 
21.2232 -0.0816 0.1510 27.25 32.52 41.60 72.66 15.23 -59.47 
13.7365 -4.9149 6.1170 38.67 69.43 53.61 72.66 12.89 -85.25 
12.8741 -2.9897 4.9350 43.65 70.90 53.61 72.66 5.27 -85.84 
12.5116 -1.7128 4.2549 43.65 64.75 53.32 72.66 2.64 -85.84 
11.6492 -0.4051 4.5064 43.65 54.20 53.61 72.66 0.59 -85.84 
11.6867 -0.0148 4.8484 41.89 47.46 54.20 72.66 -0.59 -84.96 
11.1868 0.8477 4.1332 36.04 39.84 59.47 72.66 -7.91 -85.55 
11.2243 2.5663 3.2449 29.88 32.52 62.11 72.36 -13.77 -84.96 
10.5243 2.6694 3.6150 29.00 27.83 62.70 72.36 -14.36 -84.96 
10.5743 2.6998 3.9359 22.27 13.48 69.14 72.66 -21.39 -82.91 
13.0866 2.8951 4.1620 22.27 11.72 69.73 72.66 -22.27 -77.34 
13.8490 2.7108 4.4629 22.27 9.96 71.48 72.66 -23.14 -74.71 
14.2240 2.4986 4.6165 22.27 9.38 71.78 72.66 -22.85 -74.12 
14.8239 2.4315 4.7724 22.27 8.50 71.78 72.66 -23.14 -71.78 
15.5738 2.3830 4.8520 22.27 7.32 72.07 72.66 -23.14 -69.73 
15.8113 2.2999 4.1936 22.27 10.25 71.78 72.36 -22.27 -70.02 
15.5988 3.7989 2.1159 22.27 17.87 65.33 72.66 -19.92 -70.02 
19.4484 0.5177 2.2357 27.54 29.30 62.70 72.66 -9.96 -60.94 
21.1607 -1.1552 3.0933 32.23 34.28 60.94 72.66 -4.98 -56.54 
22.3356 -4.1967 5.9044 37.21 40.14 60.06 72.36 1.17 -54.49 
23.2855 -4.8507 5.4919 37.79 40.43 59.47 72.66 2.05 -50.98 
27.5850 -7.5589 1.7701 37.79 41.02 59.47 72.66 -1.76 -36.91 
27.8725 -9.1785 2.6193 37.79 42.19 61.23 72.66 0.29 -36.62 
27.8225 -9.9197 3.2278 37.79 43.07 61.23 72.66 2.93 -36.62 
27.6600 -9.0045 3.8643 37.79 39.26 61.52 72.66 2.93 -36.33 
27.5350 -7.6604 4.0859 37.79 34.28 61.52 72.66 2.05 -36.04 
27.1101 -5.4971 4.0267 37.79 30.47 61.52 72.66 -0.59 -36.04 
25.9477 -2.8189 4.4718 37.79 24.61 61.52 72.66 -4.10 -37.21 
23.1480 -0.5767 6.4012 37.79 20.51 61.52 72.66 -6.15 -44.53 
21.1107 1.2318 7.1935 37.79 16.70 61.52 72.66 -9.08 -48.34 
18.6735 3.3276 7.8531 37.79 12.60 61.52 72.66 -12.01 -54.20 
17.8861 4.0388 6.9443 34.86 12.01 61.52 72.66 -14.06 -55.66 
17.5236 4.8138 6.2931 34.28 12.01 61.52 72.66 -16.41 -56.25 
16.5487 5.2676 5.8611 33.69 12.30 61.52 72.66 -17.87 -59.18 
15.9238 5.2388 5.7592 33.69 13.18 61.52 72.66 -18.16 -60.94 
16.3487 4.8501 5.4723 33.69 15.23 61.52 72.66 -17.29 -60.94 
17.1236 4.1801 5.0014 32.81 16.70 61.52 72.66 -15.82 -60.64 
18.0860 3.1759 4.5778 31.64 18.75 62.70 72.66 -14.65 -59.77 
19.1734 1.6084 3.8674 29.59 22.27 63.87 72.66 -13.48 -59.47 
21.2732 -0.0321 1.9336 27.25 24.32 65.62 72.66 -13.48 -55.66 
21.9731 -1.9605 1.5059 25.49 27.25 68.85 72.66 -13.18 -55.37 
39.1213 -26.7406 -6.5468 68.26 18.75 56.25 21.09 -21.09 -8.20 
39.0213 -23.2608 -6.1216 68.85 15.53 58.89 20.21 -21.39 -8.20 
39.3963 -17.3365 -1.3323 73.24 7.91 61.23 19.92 -23.14 -8.20 
39.2213 -13.4158 2.1776 77.05 4.39 61.23 19.63 -31.93 -8.20 
39.9087 -12.9868 -1.8314 83.20 -2.34 61.23 3.22 -40.72 -8.20 
39.8587 -11.1206 1.2362 86.13 -3.52 61.82 3.52 -39.84 -8.20 
39.7837 -11.3337 1.1645 86.13 -2.93 61.82 3.52 -45.12 -8.20 
39.8712 -10.6697 -0.0633 86.43 -3.22 61.82 3.52 -63.87 -8.20 
39.8337 -11.0767 -1.0685 86.43 -2.93 61.82 3.52 -67.68 -8.20 
39.8087 -9.4796 -0.9534 86.43 -4.39 61.82 3.52 -67.38 -8.50 
39.7212 -9.3025 -1.3186 86.13 -4.39 61.82 3.52 -66.80 -8.20 
39.7462 -9.2505 -2.1691 83.20 -4.98 61.82 3.52 -37.50 -8.20 
39.7337 -10.2919 -2.8895 80.27 -5.86 61.82 3.52 -14.06 -8.20 
37.0965 -11.4129 4.7850 77.64 -20.51 48.93 5.57 77.34 -42.19 
38.3714 -7.4369 -0.0844 75.29 -20.51 48.93 5.86 78.52 -27.54 
38.2964 -7.8783 -0.9591 74.12 -20.21 48.93 6.15 77.34 -27.25 
38.2964 -7.1961 -0.2152 73.54 -19.04 48.93 5.86 67.68 -27.54 
37.5840 -4.9188 -0.2134 71.19 -19.34 48.93 8.79 63.57 -27.54 
37.0840 -2.9093 1.8387 71.19 -20.21 48.93 12.30 62.99 -27.54 
36.5216 -1.0536 2.5186 71.19 -21.97 48.93 14.06 62.99 -27.54 
36.1466 -0.1466 3.6247 71.19 -21.97 48.93 16.11 62.99 -27.54 
35.8216 0.2710 4.1053 71.19 -21.97 48.93 17.58 62.99 -27.54 
35.0467 1.6619 6.0021 71.19 -21.97 48.93 21.68 62.70 -27.54 
34.5968 2.4878 5.8015 70.31 -21.97 48.93 23.14 60.35 -27.54 
31.0846 7.9265 5.2346 61.23 -20.51 45.41 33.69 42.48 -27.54 
29.6098 9.1590 5.3958 58.59 -19.04 46.00 38.09 33.11 -27.54 
29.7973 2.6446 7.9623 51.56 -13.48 61.23 49.51 15.53 -27.25 
28.8224 -7.2556 12.8188 52.73 11.72 69.14 63.28 -0.29 -27.54 
29.3098 -7.9538 11.4395 52.73 17.87 69.14 63.28 -7.03 -27.83 
29.5098 -7.6743 10.9825 52.73 19.04 69.14 62.99 -10.84 -27.54 
30.1597 -12.6670 10.8792 52.73 27.83 72.66 63.87 -16.11 -27.54 
30.2972 -14.5102 10.6851 52.73 31.35 74.41 63.28 -21.39 -27.54 
30.6097 -15.2168 9.8746 52.73 34.57 74.41 62.99 -26.07 -27.25 
30.8097 -15.1209 9.4227 52.73 34.86 74.41 62.99 -28.42 -27.54 
31.0722 -14.9800 8.3730 52.73 36.33 74.71 63.28 -33.40 -27.54 
31.4721 -13.8298 6.3491 52.73 36.91 72.36 62.99 -38.67 -27.25 
31.6346 -11.1691 3.7342 52.73 37.21 65.92 63.28 -36.33 -27.25 
31.3971 -7.9584 0.0951 52.73 36.91 58.89 63.28 -35.16 -27.54 
31.0347 -5.7869 -1.4775 52.73 35.74 55.08 62.99 -34.86 -27.54 
30.6722 -3.6363 -2.6110 53.03 33.98 50.98 62.99 -34.28 -27.54 
30.0598 -1.8276 -1.4948 55.66 32.81 47.75 63.87 -30.47 -27.25 
29.4223 0.7167 -2.1766 55.66 29.88 45.41 62.99 -30.76 -27.54 
28.6349 2.8143 -0.8269 57.42 26.37 45.41 63.28 -30.47 -27.25 
27.7350 4.6462 1.5983 60.06 22.27 45.12 62.70 -30.76 -27.54 
26.7976 6.6696 2.4001 60.64 18.46 45.70 63.28 -30.47 -27.54 
26.0227 7.9268 4.6492 63.57 16.11 45.41 62.99 -31.05 -27.54 
25.8227 7.8686 6.3801 64.45 14.65 47.75 62.99 -31.64 -27.54 
26.0477 8.0252 5.8870 64.45 13.48 49.51 62.99 -38.09 -27.25 
25.4478 8.3603 7.3919 64.45 12.01 49.80 62.99 -30.76 -27.25 
25.4727 7.6459 8.5111 64.45 12.01 50.39 63.28 -28.12 -27.54 
25.4478 7.1050 9.5369 64.45 11.43 51.86 63.28 -27.25 -27.25 
25.5352 4.4945 13.1571 64.45 9.67 58.89 63.28 -25.78 -27.25 
28.6974 -1.9080 8.7320 51.56 11.72 64.75 63.28 -11.72 -27.54 
29.0974 -2.6488 7.7457 49.80 12.60 64.45 62.99 -10.25 -27.54 
29.3473 -3.3883 7.5625 49.80 14.36 64.45 63.28 -9.38 -27.25 
30.3722 -5.1788 3.4657 44.24 18.75 64.45 63.28 -9.67 -27.54 
30.5722 -6.0383 3.1093 44.24 20.51 64.45 63.28 -9.96 -27.25 
31.0846 -8.6439 2.4619 43.95 26.37 64.45 63.28 -9.38 -27.54 
31.2346 -9.8139 2.1942 43.95 28.71 64.45 63.28 -9.67 -27.54 
31.4721 -12.6100 2.1120 43.95 33.69 64.45 63.28 -8.20 -27.25 
31.5846 -14.6944 2.1714 43.95 37.50 64.45 62.99 -5.57 -27.25 
31.6471 -15.4526 1.5298 43.95 39.55 64.16 63.28 -8.50 -27.25 
31.7971 -14.1965 -1.1752 43.95 41.02 63.87 63.28 -22.56 -27.25 
31.7721 -14.1711 -3.2522 40.14 39.26 63.87 62.99 -16.70 -27.25 
31.7221 -14.4221 -3.2547 39.55 39.84 63.87 63.28 -17.29 -27.25 
31.8221 -13.4447 -3.3482 38.09 36.62 64.16 63.28 -13.77 -27.54 
31.6721 -12.9441 -3.1495 38.09 34.86 64.16 63.28 -10.84 -27.25 
32.3845 -14.6003 -1.1254 45.70 33.11 59.18 63.28 4.69 -14.36 
34.2218 -14.8651 -0.0965 53.03 35.45 48.93 63.28 17.29 -11.72 
34.3968 -13.3835 1.2551 61.52 38.96 36.62 63.87 29.00 -11.72 
34.0093 -12.6666 2.4914 62.70 38.96 35.74 62.99 29.30 -12.89 
33.9093 -12.6658 4.0503 64.45 38.96 35.74 63.28 31.05 -14.36 
33.9093 -12.3879 3.9240 64.16 38.96 35.45 63.28 31.93 -14.06 
33.8094 -10.4367 2.9905 64.16 36.62 33.69 62.99 31.93 -14.06 
33.5969 -9.0208 3.0857 64.45 34.86 34.28 63.28 32.52 -14.06 
33.6469 -7.9289 2.9049 64.45 33.40 33.69 63.28 32.52 -14.36 
33.2469 -5.7298 0.6083 64.45 32.52 26.66 63.28 38.67 -16.11 
33.1469 -4.5431 -1.1594 64.45 31.35 23.44 63.28 44.53 -15.82 
33.1969 -4.0014 -1.7248 65.04 30.76 20.51 62.99 51.27 -15.82 
33.2344 -3.1885 -1.0326 68.55 29.88 17.29 63.28 55.37 -16.11 
33.1844 -2.8024 -0.5197 71.78 29.88 12.89 63.28 60.64 -15.82 
33.1469 -1.9309 -0.0705 74.41 29.00 10.25 62.40 64.45 -16.11 
33.1094 -1.5526 0.7380 76.17 27.83 8.50 63.28 67.97 -16.11 
33.3469 -2.0611 2.5431 81.74 29.00 4.10 62.99 74.12 -16.11 
33.2219 -2.5291 3.8940 82.62 29.59 3.22 62.99 73.54 -19.34 
33.1719 -1.9749 2.9255 82.62 29.30 1.17 63.28 73.24 -19.04 
33.1219 -2.1494 3.4148 83.20 29.59 1.46 62.70 71.48 -19.04 
32.9969 -4.4555 7.9556 92.29 33.40 -1.76 62.99 69.73 -19.04 
33.1844 -3.8735 6.8734 101.66 33.11 -15.53 63.28 70.02 -19.04 
32.6345 -3.9621 9.5391 105.76 33.11 -15.23 62.99 70.02 -19.04 
32.4970 -3.9465 10.7187 106.93 33.40 -15.53 63.28 69.43 -19.04 
32.5720 -3.1704 10.3634 106.93 32.52 -15.53 62.99 68.26 -19.04 
32.5095 -3.1512 9.3944 106.64 32.52 -15.53 62.99 68.26 -18.75 
32.0096 -1.2397 9.1932 106.64 29.88 -15.53 63.28 68.55 -19.04 
30.8847 2.4025 8.5784 106.64 24.61 -15.53 63.28 68.26 -19.04 
30.2722 4.6189 8.1773 106.64 21.97 -15.53 63.28 68.26 -19.04 
29.8223 5.9647 7.8626 106.64 20.21 -15.53 63.28 68.26 -19.04 
29.3973 7.1154 7.6127 106.64 18.75 -15.53 63.28 68.26 -19.04 
28.9724 8.2864 7.2663 106.64 16.99 -15.53 63.28 68.26 -19.04 
28.6224 10.3960 1.1310 98.73 14.36 -16.41 62.99 66.50 -19.04 
28.3224 11.4880 -1.3728 95.51 13.18 -16.41 63.28 61.82 -19.04 
30.3972 8.0790 -2.6365 87.60 15.82 -2.34 63.28 56.84 -6.45 
30.2597 8.1583 0.6160 83.79 15.82 8.20 62.99 46.58 -6.45 
30.3597 7.2173 2.6029 79.10 15.23 17.29 62.99 38.67 -6.45 
30.6847 5.0493 6.5092 78.81 15.82 24.61 63.28 38.67 -6.45 
30.8597 3.0143 10.1419 78.81 16.11 30.47 62.99 38.38 -6.15 
31.3721 2.8106 10.3501 81.15 16.11 30.47 62.99 37.21 -0.88 
30.8472 0.8698 15.5343 86.72 16.70 35.45 63.28 37.21 1.46 
32.8220 -4.2521 14.1109 83.79 23.44 37.79 63.28 28.12 1.17 
33.0594 -5.9343 14.0970 83.79 25.20 38.09 63.28 28.71 1.17 
33.3719 -8.1503 14.1276 83.79 28.71 37.79 63.28 28.71 1.17 
33.7219 -10.4846 14.1841 83.79 31.05 37.79 63.28 28.71 1.17 
34.0218 -13.1935 13.9200 83.79 34.86 38.09 63.87 28.42 1.17 
34.5218 -14.1539 11.8564 80.57 36.04 37.79 63.28 28.42 1.17 
34.6843 -15.6596 11.8080 80.27 37.79 38.09 63.28 28.12 1.17 
34.4343 -18.3432 12.2897 80.27 40.72 39.26 63.87 28.12 1.17 
34.3468 -22.4190 13.0760 77.64 42.77 43.95 63.28 28.42 1.17 
33.7719 -24.6396 13.9215 75.88 43.65 49.22 62.70 27.83 1.17 
33.2094 -24.5228 16.0478 75.88 41.31 53.03 62.99 25.78 1.17 
33.0344 -21.2003 16.8691 76.17 36.62 54.79 63.28 18.46 1.17 
32.7595 -16.8238 17.3152 76.17 31.05 55.37 63.28 16.70 1.17 
28.9224 5.3607 15.3560 72.07 -4.98 57.71 62.99 16.70 1.17 
27.8100 9.8844 13.4943 67.38 -12.89 57.71 62.99 11.13 1.17 
29.5223 9.6243 6.4616 58.30 -11.72 56.25 62.99 10.84 1.17 
31.6221 5.2641 -2.9014 47.46 -4.10 56.25 62.99 10.84 1.17 
33.6844 -1.4539 -1.8070 47.46 0.88 62.99 62.99 10.84 1.17 
33.3469 -1.2781 11.5979 67.38 -7.91 73.54 62.99 9.96 15.82 
34.2593 -10.7576 11.7637 62.40 5.27 75.29 63.28 -13.18 3.81 
34.9467 -11.2600 8.6498 59.18 5.27 75.29 62.99 -16.41 4.39 
35.3842 -12.2888 6.2173 55.96 7.32 75.29 63.28 -21.09 4.10 
35.6467 -13.1509 3.7074 53.03 7.91 75.29 62.99 -23.73 4.10 
35.6967 -13.5749 1.8488 50.98 8.79 75.00 63.28 -23.73 4.10 
35.6467 -14.2748 -0.0291 48.34 9.96 75.29 62.99 -23.73 3.22 
35.3717 -14.0439 -1.5716 45.70 11.13 75.00 63.28 -24.02 0.00 
35.0217 -14.4556 -4.2407 41.02 12.60 75.29 62.99 -23.73 -2.64 
33.2969 -16.1021 -3.7296 35.74 24.02 74.41 63.28 -20.80 -15.53 
33.2469 -15.3291 -1.3999 38.67 24.02 74.41 63.28 -21.09 -15.82 
32.0720 -12.3681 3.3939 42.77 22.85 74.41 63.28 -20.80 -21.68 
30.8097 -8.7502 5.7380 44.24 17.87 74.12 63.28 -21.68 -26.37 
30.1472 -6.8717 7.4903 47.46 13.77 74.41 63.28 -24.02 -26.37 
28.0850 -0.6740 11.1640 52.73 2.93 74.41 62.99 -33.69 -26.37 
26.0477 2.6566 8.9859 48.63 1.46 73.24 62.70 -35.74 -35.16 
25.9102 2.9219 7.0120 45.12 2.93 73.24 63.28 -36.33 -37.79 
25.4353 3.1620 6.0466 43.95 4.98 73.54 62.99 -37.21 -40.72 
25.2853 2.6263 5.8221 43.95 7.32 73.54 63.87 -36.04 -42.48 
26.1102 0.7440 4.9310 41.89 11.13 73.54 62.99 -33.11 -42.19 
26.7101 -1.5970 4.7297 41.31 15.82 73.54 63.87 -27.83 -42.19 
27.2226 -3.9784 4.9039 41.31 20.80 73.54 62.99 -24.32 -42.19 
26.6976 -5.2607 5.0513 41.02 25.78 73.24 63.28 -22.27 -45.12 
27.0976 -7.0630 4.8949 40.72 28.71 73.24 62.70 -19.63 -45.12 
27.4475 -8.4540 2.0727 34.28 30.76 73.54 63.28 -16.99 -45.12 
27.7225 -10.6945 1.7229 31.93 30.76 75.29 62.99 -13.77 -45.12 
27.8350 -11.6103 0.5189 28.71 29.59 77.05 62.99 -13.48 -45.12 
28.3474 -13.7610 -2.5743 21.09 24.61 82.32 63.28 -13.48 -44.82 
28.6474 -3.6848 1.3682 31.93 6.15 84.08 63.28 -39.84 -38.38 
28.1225 -3.1320 4.3888 36.91 5.27 84.08 62.99 -40.14 -38.67 
27.4475 -1.5123 6.0715 39.26 2.34 84.08 62.99 -43.95 -39.55 
26.5226 1.2822 5.4353 39.26 0.29 84.08 62.99 -49.51 -41.89 
26.4476 2.2097 4.7405 39.26 -0.59 84.08 63.28 -53.91 -41.89 
25.5227 4.7265 3.6045 39.26 -2.05 84.08 63.28 -58.89 -44.82 
25.4353 5.6226 1.1890 38.38 -0.59 81.74 63.28 -58.89 -45.12 
24.1229 6.9368 2.5698 38.38 -0.59 76.76 63.28 -53.32 -44.53 
34.8217 -10.4135 0.5369 48.05 12.89 67.38 62.99 9.96 -3.81 
34.7593 -10.6800 0.0083 46.29 12.89 67.38 63.28 19.63 -4.69 
34.6093 -10.9156 -0.6377 45.70 13.18 67.38 63.28 19.92 -4.69 
34.4968 -12.0294 0.4138 45.70 13.48 67.38 62.99 33.69 -7.91 
34.4593 -12.2187 0.6133 45.70 13.48 67.38 63.28 36.33 -9.08 
33.3594 -15.7995 4.2329 45.41 14.94 67.38 63.28 44.24 -19.04 
33.5469 -17.1959 3.8848 45.41 16.11 67.38 62.99 47.75 -19.04 
33.6719 -18.6867 3.6598 45.41 17.29 67.38 63.28 51.56 -18.75 
33.7594 -19.7214 3.5046 45.41 19.34 67.38 62.99 52.73 -19.04 
33.9718 -21.2499 2.5734 43.95 20.21 67.38 62.99 55.37 -19.04 
33.7594 -20.5127 1.9952 43.65 19.63 67.38 62.99 54.79 -19.04 
33.7344 -18.5287 2.1897 43.65 16.41 67.38 62.99 53.91 -19.04 
33.7469 -16.3654 2.5068 43.65 13.18 67.38 62.99 51.27 -19.04 
33.6344 -14.8896 2.7419 43.65 11.43 67.38 63.28 50.39 -19.04 
33.5469 -13.4782 3.0307 43.65 8.79 67.38 63.28 48.93 -19.04 
33.4344 -11.8271 3.1896 43.65 5.57 67.38 62.70 47.46 -19.04 
33.3219 -10.6956 3.3369 43.65 3.81 67.38 63.28 47.75 -19.04 
33.1719 -9.3135 3.5476 43.65 0.59 67.38 63.28 47.46 -19.04 
32.8970 -7.9262 3.6979 43.65 -1.76 67.38 62.99 46.00 -19.04 
32.7470 -6.7453 3.7148 43.07 -3.81 67.38 63.28 43.65 -19.04 
32.3970 -4.9297 3.6261 41.31 -4.39 67.38 63.28 26.07 -19.04 
31.3221 -2.3841 0.3213 36.91 0.29 67.09 63.28 0.88 -19.04 
32.1095 -6.1075 -2.3012 36.62 15.23 64.16 63.28 -7.91 -19.04 
32.7845 -14.2473 3.7631 63.87 47.46 45.12 62.99 -17.58 -19.63 
27.9975 -5.4670 7.1012 77.05 50.10 33.98 63.28 -16.41 -39.55 
26.5476 -2.8547 7.4966 84.96 50.10 25.49 62.99 -13.18 -42.48 
27.1476 -2.6836 6.5435 84.96 49.51 24.32 63.28 -14.65 -41.02 
28.8349 -6.4413 13.1754 84.96 43.65 40.14 63.87 -28.71 -29.30 
29.5098 -5.9931 15.0070 75.88 31.35 60.06 62.99 -51.27 -25.20 
30.0223 -6.2972 15.9138 72.66 23.73 68.85 63.28 -65.62 -24.02 
28.4099 -6.8573 21.4694 82.62 23.14 70.61 63.28 -75.00 -24.02 
29.8098 -6.6099 21.3395 81.74 16.99 75.29 63.28 -91.41 -24.02 
30.6097 -7.0337 18.7136 76.76 16.70 77.05 62.99 -90.82 -24.02 
31.0722 -7.9757 17.5977 75.59 18.16 77.05 62.99 -88.77 -24.02 
30.8597 -8.8170 18.3158 75.59 19.92 77.05 60.64 -75.29 -24.02 
31.2846 -10.4068 17.7227 75.29 20.51 77.05 58.01 -69.14 -24.32 
31.2471 -10.9492 17.3614 73.24 21.68 77.05 57.71 -62.11 -24.02 
31.7471 -10.9696 15.3274 70.61 21.68 76.46 57.42 -57.71 -24.32 
32.5095 -11.3524 11.9226 64.45 21.68 76.76 57.42 -54.20 -24.02 
33.4219 -12.6292 6.9225 54.79 20.21 78.52 57.42 -44.24 -24.02 
34.1093 -14.3100 -0.5923 47.46 22.27 79.39 57.42 -47.17 -24.32 
39.6337 -16.4112 -0.7117 86.43 1.17 36.33 -10.25 -16.70 -24.02 
39.3963 -13.6401 3.2250 90.82 -1.76 36.33 -10.25 -13.18 -24.32 
39.2463 -10.8680 3.9338 91.99 -4.10 36.33 -10.25 -15.53 -24.02 
38.6838 -9.0611 7.9919 96.39 -5.86 36.33 -10.25 -14.36 -23.73 
38.5339 -8.3384 8.2676 96.39 -6.45 36.33 -10.25 -14.06 -24.02 
38.3714 -6.8051 8.1001 96.39 -7.91 36.33 -10.25 -14.36 -24.02 
38.4339 -6.8945 8.0333 96.39 -7.91 36.33 -10.25 -14.36 -24.32 
38.2839 -6.8595 8.5978 96.68 -7.62 36.33 -9.96 -14.36 -24.02 
36.3591 -5.8133 16.7849 108.11 -7.62 36.33 -9.67 -20.51 -24.02 
36.5716 -7.3096 17.4854 108.98 -6.74 36.33 -9.67 -20.51 -24.02 
36.8840 -7.8137 17.0326 108.98 -5.86 36.33 -9.67 -20.51 -24.02 
37.5590 -8.3246 15.4376 106.35 -5.86 36.33 -9.67 -17.29 -23.73 
38.3839 -7.7793 9.1938 98.73 -6.15 36.33 -9.67 -15.53 -24.02 
38.4214 -8.0903 9.4189 98.73 -6.15 36.33 -9.67 -13.77 -24.61 
38.3089 -7.9132 9.8391 98.73 -6.45 36.33 -9.67 -12.30 -24.32 
37.9089 -6.4121 10.0580 98.73 -8.50 36.33 -9.67 -10.25 -24.02 
37.5090 -3.8891 9.9809 98.73 -11.43 36.33 -9.67 -9.67 -24.02 
37.1215 -2.0096 9.7073 98.73 -13.77 36.33 -9.67 -9.67 -24.02 
36.7965 -0.2582 9.4514 98.73 -15.53 36.33 -9.67 -9.67 -24.02 
36.6716 -0.3201 9.9812 98.73 -15.53 36.33 -9.67 -5.86 -24.02 
36.3216 0.9137 10.1294 98.73 -17.29 36.33 -9.67 -4.39 -23.73 
36.0841 1.5873 10.0922 98.73 -17.87 36.33 -9.67 -3.81 -24.02 
35.8466 2.3828 9.9891 98.73 -19.04 36.33 -9.67 -3.81 -24.02 
35.5967 3.3624 9.9518 98.73 -20.51 36.33 -9.67 -3.52 -24.02 
35.3217 4.1944 9.8464 98.73 -21.39 36.33 -9.67 -4.10 -24.02 
35.1467 5.0856 8.9137 98.73 -21.68 36.33 -9.67 -8.20 -24.02 
34.9217 6.7323 6.5121 96.68 -23.14 36.33 -9.67 -14.65 -24.32 
35.2217 5.3509 7.2360 96.68 -21.68 36.33 -9.67 -13.48 -24.02 
35.6967 4.2213 7.9887 96.68 -19.63 36.33 -8.79 -13.18 -23.73 
36.6965 0.5653 9.2321 97.56 -15.53 36.33 -8.79 -13.18 -24.02 
37.4090 -2.1105 9.1878 97.56 -12.30 36.33 -8.79 -13.48 -23.73 
37.9589 -4.3158 8.4105 97.56 -9.67 36.33 -8.79 -15.82 -24.02 
38.2214 -5.8894 8.2988 97.56 -7.62 36.33 -8.79 -16.11 -24.02 
38.5339 -7.5881 7.8268 96.97 -6.45 36.33 -8.79 -15.53 -24.02 
38.8213 -9.4853 7.9314 96.97 -3.81 36.33 -8.79 -15.82 -23.73 
38.9463 -11.3826 8.0275 96.97 -2.05 36.33 -8.79 -15.53 -24.32 
39.0713 -13.1684 7.6756 96.39 0.29 36.33 -8.79 -15.53 -24.02 
39.6212 -12.9240 -0.9226 87.01 0.00 36.33 -8.79 -15.53 -24.02 
39.5587 -11.9856 -2.8226 84.08 -1.76 36.33 -8.79 -14.06 -23.73 
38.6838 -7.2514 -5.0723 79.98 -7.32 36.33 -8.79 -10.25 -23.73 
38.4089 -4.2726 -4.7707 79.98 -11.72 36.33 -8.79 -8.20 -24.02 
37.3465 -0.2606 -4.6937 79.98 -14.94 36.33 -8.79 -8.50 -24.02 
36.6716 2.2596 -4.2650 79.98 -18.16 38.38 -8.79 -8.50 -24.02 
35.7217 5.3101 -3.2408 79.98 -21.68 47.46 -8.50 -9.96 -24.02 
34.7718 7.9289 -2.6152 80.27 -24.90 52.15 -8.20 -11.43 -24.02 
34.2843 8.8100 1.3625 85.55 -26.07 53.91 -8.20 -11.43 -24.02 
34.5343 8.2070 4.1458 89.06 -26.07 60.06 -8.50 -12.60 -24.02 
34.7968 6.2007 8.1703 94.04 -23.44 64.45 -8.20 -13.77 -24.02 
36.2466 2.7922 9.0407 94.34 -20.21 68.55 -8.79 -14.65 -24.02 
37.1340 -1.4556 9.5680 94.34 -14.94 71.19 -8.20 -15.53 -24.02 
37.9964 -6.2857 9.8540 94.34 -9.67 71.19 -8.20 -14.94 -24.02 
38.4464 -10.8308 10.0395 94.34 -4.10 71.48 -8.20 -14.94 -24.02 
38.8463 -14.7047 9.7045 94.34 0.59 71.48 -8.50 -15.82 -23.73 
38.6963 -21.6894 9.7625 94.34 7.32 70.90 -8.20 -15.82 -24.02 
38.2589 -28.3369 9.4391 94.34 13.77 69.43 -8.50 -15.53 -24.02 
37.4840 -27.2514 6.4915 79.10 24.02 48.93 14.65 0.29 -24.02 
37.3715 -21.5574 8.4801 79.10 26.95 39.55 26.07 1.46 -24.32 
35.1467 -16.1941 12.6842 82.32 28.71 39.55 32.52 -2.64 -24.32 
35.0092 -14.8043 12.3892 82.32 28.12 40.14 33.11 -7.03 -24.32 
34.4343 -13.0022 16.0108 87.60 26.07 43.36 33.11 -15.82 -24.02 
32.3095 -14.1559 22.2403 93.16 25.78 46.29 33.69 -15.23 -24.02 
34.3843 -0.1726 1.1185 67.09 7.32 48.34 33.11 -20.21 -24.32 
33.8219 1.2795 -3.3582 61.82 5.27 48.34 33.11 -21.39 -24.02 
31.7846 3.2962 -2.2787 58.01 8.50 48.34 45.12 -23.14 -24.32 
30.5347 3.1664 1.3268 58.59 12.89 48.34 52.15 -24.61 -24.32 
28.0225 -1.5052 13.4226 70.90 26.07 55.08 64.16 -26.66 -24.02 
27.8975 4.9156 1.4209 54.79 17.87 49.80 65.04 -27.83 -24.02 
26.3852 7.7130 -0.5042 50.98 15.53 39.26 65.04 -1.46 -24.32 
28.1725 2.2416 6.0441 58.89 19.63 36.33 65.04 26.37 -24.02 
25.4852 4.9336 12.5368 70.31 16.41 36.33 65.04 19.04 -24.02 
22.6481 9.9698 13.7634 69.73 7.03 43.07 65.04 -2.05 -24.02 
23.6979 11.0997 7.0390 61.23 5.27 42.48 65.04 -11.43 -24.02 
32.7470 -0.9438 -3.3082 46.29 11.43 54.79 65.04 -10.55 -3.52 
32.5470 -2.8137 0.2735 46.58 11.43 59.18 65.04 -13.48 -6.74 
32.1345 -4.3241 4.2921 48.34 11.43 64.75 65.04 -16.41 -10.84 
32.2470 -7.0824 7.3083 50.39 10.25 70.61 64.45 -19.63 -10.84 
31.8721 -9.4303 10.9972 54.79 12.30 73.54 64.75 -20.51 -10.84 
31.5471 -11.4191 13.2372 57.13 14.36 75.00 65.04 -21.09 -10.84 
31.8471 -12.8829 13.0130 57.13 16.70 75.29 65.04 -21.39 -11.13 
33.3094 -14.8292 7.5729 51.27 20.51 74.41 65.04 -20.51 -10.84 
34.0093 -14.8921 2.3184 44.24 21.97 72.66 65.04 -18.46 -10.84 
33.7844 -15.1558 -2.0381 40.14 22.27 72.66 65.04 -18.16 -10.84 
34.5968 -21.7608 -2.3953 42.77 27.83 73.24 65.04 -15.23 -3.22 
34.2218 -24.4009 3.8906 48.63 32.23 73.24 65.04 -14.65 -3.81 
33.3219 -23.1407 6.4752 50.39 33.69 73.24 65.04 -15.82 -9.08 
32.0096 -16.8024 8.5081 51.27 30.47 73.24 65.04 -20.51 -17.29 
31.9971 -14.9266 8.5283 51.27 29.00 73.24 65.04 -22.56 -16.99 
29.9848 -8.7378 8.8219 51.27 26.37 73.24 65.04 -32.23 -27.25 
29.7598 -5.1789 7.8256 51.27 20.21 72.66 65.04 -38.96 -26.95 
29.0724 -2.3289 7.9506 51.27 13.18 72.66 65.04 -42.48 -27.54 
27.6225 1.6437 9.0580 51.27 3.81 72.66 65.04 -42.77 -27.25 
26.5976 4.8275 7.9105 46.88 -5.27 72.66 65.04 -43.95 -27.25 
26.0227 5.9409 8.0760 46.00 -9.08 72.66 65.04 -44.24 -27.25 
25.8977 6.5587 8.1090 45.70 -9.96 72.66 65.04 -44.53 -27.54 
27.1976 5.2441 4.7667 41.02 -6.45 72.66 65.04 -44.53 -27.25 
28.8724 0.5562 3.4418 40.72 4.10 72.66 65.04 -35.74 -27.25 
29.9348 -4.0113 3.0694 40.72 12.60 72.66 65.04 -28.71 -27.25 
30.2972 -6.0700 3.1312 41.02 16.41 72.66 65.04 -24.90 -27.25 
30.5847 -8.4953 3.4207 40.72 20.21 72.66 65.04 -20.21 -27.54 
30.7597 -11.3770 3.7774 41.02 25.20 72.66 65.04 -14.06 -27.54 
30.8972 -13.8368 4.1515 40.72 28.71 73.24 65.04 -10.84 -27.54 
30.8472 -17.6439 4.7734 40.72 34.57 73.54 65.04 -5.27 -26.95 
30.8472 -21.0031 5.1222 40.72 38.96 73.54 65.04 -2.05 -27.25 
30.6847 -21.1116 5.1222 40.72 40.14 73.54 65.04 -4.10 -27.25 
30.7222 -18.6771 4.7063 41.02 38.09 73.54 65.04 -8.20 -26.95 
30.8847 -13.0394 4.1019 41.02 27.54 73.54 65.04 -16.99 -27.25 
30.7347 -9.2111 3.8018 41.02 20.51 73.54 65.04 -20.51 -27.25 
30.7222 -8.1322 3.4153 41.02 19.63 73.24 65.04 -23.73 -27.25 
30.4597 -4.9873 2.1810 41.02 14.94 72.66 65.04 -33.11 -27.25 
30.3097 -3.0984 2.2725 41.02 9.67 72.66 64.45 -32.81 -26.95 
31.7721 -3.6947 -0.1307 41.02 4.69 74.71 57.42 -30.76 -27.25 
34.5968 -10.1232 -3.9049 40.72 3.81 83.20 48.05 -30.76 -27.25 
38.9213 -19.9710 7.1104 87.30 16.41 34.57 33.11 -5.27 12.01 
37.9714 -14.6022 9.5245 87.60 15.82 34.57 41.60 -8.20 11.72 
36.9715 -11.7934 11.2059 87.60 17.87 34.57 49.22 -8.20 12.01 
37.3090 -12.5838 9.5570 84.96 20.80 34.57 52.15 -7.03 12.30 
37.8214 -14.3425 4.3244 78.81 23.44 34.57 52.15 -2.05 12.30 
37.8214 -15.3780 4.1705 78.81 24.32 34.57 52.15 0.00 12.01 
37.6589 -15.7729 4.4644 78.81 25.20 35.16 52.15 -2.05 12.01 
37.3215 -14.0214 4.6266 78.22 24.61 35.16 52.15 -0.88 7.03 
37.1715 -11.3282 1.5965 72.95 25.20 35.16 52.15 -1.17 1.46 
36.5966 -9.3222 -0.5441 68.55 22.85 35.16 52.15 0.00 0.59 
35.4467 -6.5317 5.8814 75.29 22.27 35.16 52.44 0.00 -4.39 
34.9592 -4.2876 5.8722 75.59 19.92 35.16 52.44 -1.76 -4.69 
34.8717 -3.8133 5.9350 75.59 18.75 35.16 52.44 -2.34 -5.27 
34.5343 -4.5417 9.5052 79.39 19.34 37.50 52.44 -2.64 -4.69 
33.5219 -5.8172 14.8121 83.20 19.34 41.31 52.44 -2.05 -4.98 
33.2094 -6.3576 16.2119 83.20 18.16 45.41 52.44 -2.64 -4.69 
32.5970 -7.4405 18.5055 84.38 17.87 48.34 52.44 -2.34 -4.98 
31.9596 -6.1066 19.5901 85.84 16.11 48.93 52.44 -2.93 -4.98 
29.0599 2.5161 12.4005 75.29 17.29 42.19 66.50 -1.46 -8.20 
29.1474 5.3813 5.1899 67.97 17.87 36.04 68.85 -1.76 -8.20 
29.3473 5.2530 4.6644 67.97 17.87 35.16 68.55 -2.93 -7.62 
29.6723 2.6936 9.3355 70.61 18.46 39.55 68.55 -3.22 -6.74 
28.3224 -0.3117 17.1397 79.39 21.68 44.53 68.85 -2.93 -6.74 
29.7348 -5.1997 17.6373 82.03 30.76 43.36 68.55 -3.52 -6.74 
30.1722 -5.7892 16.6055 81.15 31.64 43.07 68.85 -3.81 -7.03 
30.0848 -5.3554 16.4902 81.15 31.05 43.07 68.85 -3.81 -6.74 
30.0598 -5.2355 16.5339 80.57 30.76 43.07 68.85 -3.81 -6.74 
30.0598 -5.2355 16.5339 81.15 30.76 43.07 68.85 -3.81 -6.74 
30.3222 -6.1190 16.5041 80.57 31.64 43.07 68.85 -3.81 -6.74 
30.5722 -7.4999 16.4324 80.57 33.98 43.07 68.85 -3.81 -6.74 
30.5472 -7.8538 16.4407 80.57 34.57 43.07 68.85 -3.81 -6.74 
30.3722 -6.8384 16.4383 80.57 33.11 43.07 68.85 -3.81 -6.74 
29.8973 -4.7382 16.5624 80.57 29.88 43.07 68.85 -3.81 -7.03 
28.4599 -0.1225 13.8720 74.12 23.73 45.41 68.85 -6.74 -13.48 
28.4974 4.6267 6.5604 62.70 15.82 45.12 68.85 -15.82 -13.48 
28.9099 4.4699 4.3158 59.77 15.82 45.12 69.14 -16.41 -13.48 
29.4973 2.8986 4.5575 59.18 17.87 47.17 68.85 -16.11 -13.77 
29.7973 1.8455 4.9222 59.18 18.75 47.46 68.55 -15.53 -13.48 
30.5597 0.0868 4.6900 59.18 20.80 47.75 68.85 -15.53 -13.48 
31.2471 -1.7211 3.3683 58.01 24.32 48.05 68.85 -15.53 -13.48 
31.6471 -3.1720 2.6391 57.42 26.37 48.05 68.55 -14.65 -13.18 
32.0220 -4.3255 1.0597 55.37 29.00 48.05 68.55 -14.36 -13.48 
32.3220 -5.8552 0.7531 55.37 31.05 48.05 68.55 -14.65 -13.48 
32.6095 -7.6226 0.4931 55.37 33.98 48.05 68.55 -14.36 -13.48 
32.9220 -9.5355 0.2132 55.37 37.21 48.05 68.85 -14.36 -13.48 
33.0969 -11.6734 0.0626 55.37 40.72 48.05 68.55 -13.48 -13.48 
33.2219 -13.5335 -0.0824 55.37 43.07 48.05 68.85 -13.18 -13.18 
33.3219 -15.3890 -0.2333 55.37 46.00 48.05 68.55 -13.18 -13.48 
33.2469 -16.9872 -0.2881 55.37 48.34 48.34 68.55 -12.60 -13.48 
33.2469 -19.0145 -0.2491 55.37 50.98 48.05 68.85 -12.01 -13.48 
33.0844 -21.1304 -0.3332 55.37 53.61 48.05 68.85 -12.01 -13.48 
32.9719 -23.1845 0.4647 55.37 55.66 49.51 68.85 -12.89 -12.89 
31.6471 -22.3581 11.3261 64.16 52.73 55.08 68.55 -13.18 -13.48 
32.5470 -18.6026 7.8950 64.16 50.39 49.51 68.85 -13.18 -13.48 
32.4970 -16.9566 7.4166 64.16 48.93 48.34 68.85 -13.48 -13.48 
31.9971 -15.7399 9.6663 67.09 47.46 48.93 68.85 -14.94 -13.48 
31.3846 -14.9489 12.8175 71.78 46.29 48.34 68.55 -16.99 -13.77 
30.7597 -16.2422 15.8930 75.59 47.46 48.34 68.85 -16.99 -13.18 
30.3722 -17.6275 17.2048 77.05 49.51 48.93 68.85 -17.87 -13.48 
30.5847 -20.4512 19.8801 79.39 50.39 48.34 68.85 -17.58 -8.79 
31.4471 -23.5342 19.4830 79.39 49.80 48.34 68.55 -16.70 -4.69 
32.3470 -21.8773 14.6912 75.29 48.63 48.34 68.85 -16.99 -4.69 
33.1844 -21.2515 10.8390 70.31 48.63 48.34 68.55 -17.87 -4.69 
33.6094 -20.1124 8.0749 67.09 47.17 48.34 68.55 -17.87 -4.39 
34.7968 -17.1300 1.1724 58.59 42.19 47.75 68.55 -19.34 -4.39 
24.1729 11.5596 15.6980 55.96 -26.95 65.62 68.85 -36.91 -4.39 
25.3478 11.5057 12.1670 53.03 -23.14 63.57 68.85 -36.91 -4.69 
26.5851 12.0918 3.2659 42.77 -16.70 57.71 68.85 -38.38 -4.69 
27.5725 9.9900 3.6054 42.77 -16.11 61.23 68.85 -41.31 -4.69 
27.8225 6.7438 9.6041 50.68 -16.99 66.80 68.85 -38.09 -4.39 
28.5224 7.3426 7.8397 48.63 -17.29 66.50 68.85 -38.09 -4.39 
29.2348 6.3415 4.2462 43.36 -14.65 66.50 68.85 -38.38 -4.39 
29.7473 5.3650 3.3723 43.07 -13.18 66.50 68.85 -38.38 -4.39 
30.4222 4.0398 0.9542 40.72 -9.67 66.50 68.55 -38.38 -4.39 
30.5722 3.5636 -1.8871 36.91 -8.20 66.50 68.85 -38.38 -4.69 
29.1224 7.1417 0.2460 38.38 -12.30 63.28 68.55 -38.09 -4.39 
28.7349 7.4542 2.3017 41.02 -12.89 62.70 68.85 -38.09 -4.39 
28.2350 7.2253 7.7587 50.68 -12.01 62.70 68.55 -38.67 -4.39 
28.0725 6.7427 9.2460 53.03 -11.43 62.99 68.85 -38.38 -4.39 
27.9350 6.1317 11.4366 56.25 -10.25 63.57 68.85 -38.67 -4.39 
27.7600 4.7308 14.2438 61.23 -7.62 64.16 68.85 -38.67 -4.39 
27.9850 4.5012 13.8551 61.52 -7.03 64.16 68.85 -38.67 -4.39 
30.5972 3.5621 -0.9277 40.14 -5.86 64.16 68.85 -38.38 -4.39 
30.7722 3.2391 -1.2536 40.14 -4.69 64.16 68.85 -38.38 -4.39 
33.1719 -8.8547 7.5692 55.66 18.75 64.16 68.85 -17.58 -4.39 
33.8469 -10.1811 3.1184 50.68 20.51 64.16 68.85 -15.82 -4.39 
33.9468 -12.5572 3.0165 50.68 25.20 64.16 68.85 -9.67 -4.39 
33.9468 -11.8066 2.1882 50.68 25.20 62.70 68.85 -8.79 -4.39 
34.0343 -12.1302 1.9143 50.68 26.07 62.11 68.85 -12.01 -4.39 
34.1343 -12.8324 -1.1417 46.58 26.66 62.11 68.85 -11.72 -4.39 
34.0968 -13.4793 -3.1081 44.24 27.83 62.11 68.85 -11.43 -4.39 
34.1468 -14.2366 -3.1603 44.24 29.30 62.11 68.85 -11.72 -4.39 
34.1718 -14.7690 -3.1956 44.24 29.88 62.11 68.85 -11.43 -4.39 
34.1218 -15.1147 -3.2023 44.24 30.47 62.11 68.85 -11.43 -4.39 
34.2718 -16.7332 -3.3368 44.24 32.81 62.11 68.85 -10.55 -4.39 
34.1968 -18.1118 -3.4086 44.24 34.86 62.11 68.85 -9.38 -4.39 
34.1968 -19.7594 -3.5265 44.24 36.91 62.11 68.85 -9.38 -4.39 
34.1843 -21.2930 -3.5707 44.24 39.26 62.11 68.85 -9.38 -4.69 
34.0218 -23.2136 -3.4020 44.24 41.31 62.70 68.85 -9.38 -4.39 
34.0093 -24.1321 -3.3315 44.24 42.77 62.70 68.85 -9.96 -4.39 
34.0093 -24.6157 -3.3737 44.24 43.65 62.70 68.85 -9.96 -4.39 
34.0968 -21.5568 -3.3552 44.24 40.14 62.70 68.85 -12.89 -4.39 
34.0968 -16.2969 -2.9898 44.24 32.52 62.70 68.85 -18.16 -4.39 
33.8968 -11.4436 -0.6529 46.29 25.78 62.70 68.85 -21.68 -4.39 
33.6469 -8.5079 -0.3323 46.29 19.92 62.70 68.85 -26.07 -4.39 
33.0219 -5.2424 0.0960 46.29 14.36 62.11 68.85 -27.83 -4.39 
32.1220 -1.2681 -0.1123 46.29 8.79 59.47 68.55 -27.83 -4.39 
31.1846 1.9010 0.2002 46.29 4.39 58.89 68.85 -28.42 -4.39 
30.1098 5.0504 0.2319 46.29 -0.59 56.84 68.85 -29.00 -4.39 
29.1474 7.4641 0.3968 46.29 -3.52 55.08 68.85 -29.30 -4.39 
28.2600 9.3691 1.4669 46.29 -7.62 55.08 68.85 -30.76 -4.39 
27.3600 11.0475 2.8678 46.29 -11.13 55.08 68.85 -31.64 -4.39 
26.4601 10.9220 7.6058 50.68 -14.94 58.01 68.55 -30.47 -4.39 
26.0477 10.0406 12.4681 56.25 -17.29 61.82 68.85 -30.76 -4.39 
26.5476 8.4161 13.1181 56.54 -16.99 64.45 68.85 -30.76 -4.39 
26.2602 6.4100 16.5239 61.23 -16.70 67.97 68.85 -30.76 -4.39 
30.2097 -5.5566 17.6965 64.16 -1.17 76.46 68.85 -29.88 -4.39 
30.6972 -9.6242 18.1722 64.16 3.52 79.69 68.55 -29.88 -4.39 
30.8972 -14.1607 18.8782 64.16 7.32 82.32 68.85 -29.88 -4.69 
30.7097 -18.9970 19.9877 64.16 10.84 86.43 68.85 -30.18 -4.39 
32.5845 -23.3842 13.5572 55.96 18.46 86.72 68.55 -29.88 -4.39 
33.5844 -19.1065 7.7191 50.10 18.46 81.15 68.85 -30.18 -4.39 
34.4343 -15.7810 3.4658 46.58 17.87 75.88 68.85 -30.18 -4.39 
34.2468 -13.1417 -0.3088 43.36 17.87 71.48 68.85 -30.47 -4.39 
33.9468 -10.4158 -2.0719 42.77 16.99 68.26 68.85 -30.47 -4.39 
33.4094 -6.5952 -2.2128 42.77 13.18 65.92 68.55 -31.93 -4.69 
32.5345 -2.4287 -2.7697 42.77 9.67 62.11 68.85 -31.93 -4.39 
31.4721 1.8395 -2.8432 42.77 5.27 58.30 68.85 -31.93 -4.69 
26.4351 10.8788 8.7916 55.66 -9.96 55.08 68.85 -33.40 -5.27 
29.8973 0.2718 12.0432 55.96 -2.64 68.85 68.85 -33.40 -8.20 
32.1470 -10.9318 12.1372 55.96 12.89 75.88 68.85 -33.40 -8.20 
32.1970 -13.1669 12.2972 55.96 15.53 77.05 68.85 -33.40 -8.50 
32.3095 -15.9874 12.3276 55.96 20.51 77.64 68.85 -33.40 -8.20 
32.4095 -18.0081 12.3289 55.96 23.73 77.64 68.85 -32.52 -8.20 
33.0344 -20.5096 8.2376 50.98 28.71 77.64 68.55 -31.05 -8.20 
33.0344 -20.2514 7.8996 50.68 28.71 77.34 68.55 -29.88 -8.20 
33.5969 -18.5464 4.1964 47.46 28.12 75.00 68.85 -29.88 -8.50 
33.7719 -15.1033 0.5619 44.53 26.37 70.02 68.85 -30.18 -8.20 
33.4844 -10.0831 -1.7574 44.24 23.44 64.75 68.85 -31.64 -8.20 
33.0094 -6.9129 -1.6799 44.24 18.46 63.57 68.85 -33.11 -8.20 
32.4595 -3.6704 -1.5418 44.24 14.65 62.70 68.85 -33.40 -8.20 
31.7221 -0.5945 -1.3247 44.24 9.96 60.64 68.85 -33.40 -8.20 
30.2597 3.6521 -1.6891 44.24 5.27 56.84 68.55 -33.40 -8.20 
27.3101 10.5228 -1.5312 44.24 -2.93 50.98 68.85 -33.40 -8.20 
26.4476 11.9600 1.6937 48.34 -6.45 50.98 68.85 -33.40 -8.20 
26.3852 10.8819 6.3225 53.03 -7.32 53.91 68.85 -33.40 -8.20 
26.8226 8.8160 9.8811 56.25 -7.03 58.01 68.55 -33.40 -8.20 
27.2351 6.9805 11.0691 58.30 -5.86 61.23 68.55 -33.11 -8.20 
30.9597 -9.5863 16.0256 61.82 10.84 75.00 68.85 -31.64 -8.20 
32.8470 -12.4372 8.8855 52.73 16.70 75.00 68.85 -32.23 -8.20 
33.2719 -12.4833 6.4092 50.10 16.99 75.00 68.85 -32.23 -8.20 
33.5969 -10.8251 2.5569 46.29 16.99 72.07 68.85 -32.23 -8.20 
33.3219 -9.2118 1.0993 44.53 15.82 70.02 68.85 -32.23 -8.20 
33.0094 -6.8563 0.9985 44.53 13.18 68.55 68.85 -32.52 -8.20 
32.4470 -4.1159 1.0582 44.53 9.67 67.09 68.85 -33.11 -8.20 
31.6846 -1.1542 0.9660 44.53 5.27 64.45 68.85 -33.40 -8.50 
30.7472 2.2889 0.5091 44.53 2.64 61.82 68.85 -33.69 -8.20 
29.5848 5.3072 0.0085 44.53 0.29 58.30 68.85 -33.98 -8.20 
28.3349 8.4805 -0.1351 44.53 -2.93 55.66 68.85 -34.28 -8.20 
27.5100 10.4009 -0.3019 46.00 -2.93 50.98 68.85 -33.98 -8.20 
29.8723 5.1864 -0.2700 46.58 4.39 55.08 68.85 -33.98 -8.20 
32.3095 -2.3418 2.1066 48.34 11.72 61.23 68.85 -33.98 -8.20 
33.8094 -10.8425 2.9854 48.93 22.85 66.50 68.85 -34.57 -8.20 
34.0843 -18.6129 2.0891 48.93 36.62 66.50 68.85 -34.86 -8.20 
38.3839 -12.7382 9.6173 86.13 8.20 55.96 24.02 -46.29 -8.20 
37.7964 -6.9566 9.0498 86.13 1.46 55.66 24.02 -50.68 -7.91 
36.5091 -0.5766 8.6705 86.13 -5.86 54.79 24.02 -50.68 -8.20 
34.4718 5.4556 8.0749 86.13 -13.48 53.03 24.02 -50.68 -8.20 
32.2970 11.5287 7.3654 86.13 -19.34 51.27 24.02 -50.68 -8.20 
33.4594 10.9702 -0.2464 79.10 -17.29 41.89 24.02 -50.39 -8.20 
35.6342 4.9611 -2.1299 76.17 -9.38 41.60 24.02 -48.93 -7.91 
37.3215 -0.5833 -0.9772 76.17 -3.81 45.41 24.32 -46.88 -7.91 
38.6088 -7.0536 -0.1890 76.17 3.81 48.93 24.61 -43.36 -8.20 
38.9713 -10.2832 -0.3011 76.17 7.62 48.93 24.32 -46.00 -8.20 
39.1838 -14.1852 -0.4238 76.17 11.72 48.93 24.61 -42.19 -8.20 
39.0713 -14.4335 0.5792 76.17 12.01 48.93 24.61 -32.23 -8.20 
39.0963 -14.0215 1.3452 76.17 11.72 48.93 24.61 -28.71 -8.20 
38.6463 -10.1316 2.0476 76.17 7.32 48.93 24.90 -25.49 -8.20 
37.8839 -5.8886 2.9444 76.17 2.93 48.93 26.95 -21.39 -8.20 
36.5216 -0.9138 4.1447 76.17 -2.05 48.93 29.00 -21.09 -8.20 
35.4467 2.5725 4.2512 76.17 -6.15 48.93 29.30 -18.46 -8.20 
34.3468 4.8723 4.7274 75.59 -8.20 48.93 32.23 -17.87 -8.20 
33.9343 5.2081 2.3701 68.55 -4.98 48.93 39.84 -20.21 -8.20 
33.1219 3.9090 0.2594 61.23 1.46 48.93 49.51 -20.21 -8.20 
33.2969 2.3355 -1.5053 58.01 5.27 48.93 52.15 -19.92 -8.20 
32.7970 2.1450 -2.1871 55.66 7.62 48.93 55.37 -19.92 -8.20 
31.8721 3.9345 0.0674 55.96 4.69 49.51 56.54 -26.07 -8.20 
31.4721 4.4082 3.5866 59.18 1.17 53.61 56.54 -26.66 -8.20 
30.5722 4.7624 8.4316 64.16 -0.59 55.08 56.54 -23.73 -8.20 
28.7974 7.6528 0.0409 50.68 0.59 55.96 56.54 -30.18 -20.80 
25.6852 12.0174 1.3392 53.61 -3.52 49.51 56.54 -32.23 -20.80 
27.5350 9.8653 5.2381 55.96 -3.52 56.25 56.54 -32.81 -20.51 
28.7849 6.6710 6.3204 55.96 -1.76 59.77 56.84 -32.81 -20.51 
29.4098 3.5785 8.8184 58.59 0.59 63.87 56.54 -32.52 -20.51 
29.5723 0.1681 14.0422 65.62 5.27 65.92 56.54 -31.93 -20.80 
30.9722 -4.6080 13.3206 65.62 14.36 66.21 56.54 -31.93 -20.80 
31.5721 -7.0886 13.0841 65.62 19.34 66.21 56.54 -31.93 -20.80 
32.0970 -10.1591 12.9001 65.62 24.02 66.21 56.54 -31.93 -20.51 
32.5595 -14.9358 12.8461 65.62 32.52 66.21 56.54 -31.93 -20.51 
32.3845 -21.5828 13.2988 65.62 41.02 66.21 56.54 -31.64 -20.51 
34.0468 -16.1128 -0.1820 51.86 33.69 66.21 56.54 -38.96 -20.51 
33.9718 -12.5206 -0.5704 51.27 28.71 66.21 56.54 -40.14 -20.51 
33.5719 -7.5742 -0.6154 51.56 19.92 66.21 56.54 -46.00 -20.51 
33.0344 -4.1294 -0.0750 51.27 14.36 66.21 56.54 -46.00 -20.51 
32.3220 -1.5232 0.4450 51.27 9.96 66.21 56.54 -46.58 -20.51 
31.3971 1.9598 1.0811 51.27 4.10 66.21 56.54 -47.75 -20.51 
30.6347 4.1116 1.5325 51.27 0.88 65.92 56.54 -48.63 -20.51 
29.5973 7.0724 1.0172 50.98 -3.52 64.16 56.54 -49.80 -20.51 
28.9974 8.7064 0.4074 49.80 -6.15 63.57 56.54 -50.10 -20.51 
28.5724 9.6886 0.9432 49.80 -8.20 63.87 56.54 -50.39 -20.51 
28.0600 10.5592 1.4771 49.80 -9.67 63.87 56.54 -50.10 -20.51 
27.6975 11.3538 2.0735 49.80 -11.72 63.87 56.54 -50.39 -20.51 
27.0601 11.9951 3.5705 50.98 -13.18 63.87 56.84 -50.39 -20.51 
26.3352 12.1641 6.9419 54.79 -14.36 63.87 56.54 -50.39 -20.51 
26.7226 9.5340 12.3669 62.70 -13.18 69.14 56.84 -50.39 -20.51 
28.5224 7.0966 9.5801 59.77 -10.25 70.61 56.54 -50.39 -20.51 
29.3848 5.4284 10.3585 60.94 -6.15 69.73 56.54 -50.39 -20.51 
30.4722 4.4746 5.0206 54.20 -3.22 68.85 56.54 -50.39 -20.51 
30.8222 3.2337 5.1286 54.20 -1.17 68.85 56.54 -50.68 -20.51 
30.4722 1.7334 10.1270 62.11 0.88 70.02 56.54 -50.68 -20.51 
29.7973 -0.1284 15.0810 69.14 3.52 71.48 56.54 -50.39 -20.51 
29.7223 0.9145 14.3118 67.97 1.46 71.48 56.54 -50.39 -20.51 
30.5722 2.1750 9.0921 60.94 0.29 70.02 56.54 -50.39 -20.51 
30.8472 3.0129 5.6836 56.54 0.29 67.97 56.54 -50.39 -20.51 
30.8722 4.0773 1.2735 52.44 1.46 64.75 56.54 -50.39 -20.51 
30.7722 4.5190 0.1613 51.56 2.05 63.28 56.54 -50.39 -20.51 
30.4097 5.4869 -1.2896 51.27 2.64 60.94 56.54 -50.39 -20.21 
30.1348 5.9905 -0.5562 51.27 1.46 60.64 56.54 -50.39 -20.51 
29.7598 6.7871 0.3944 51.56 0.29 60.64 56.54 -48.93 -20.51 
29.4598 7.0806 3.0681 54.79 -0.59 60.64 56.54 -46.00 -20.51 
29.0974 6.7873 4.6675 56.25 0.29 60.64 56.54 -43.95 -20.80 
29.5223 4.7997 6.3501 56.54 1.46 60.64 56.54 -30.76 -20.80 
30.0348 2.3836 7.0172 56.54 4.69 60.06 56.54 -21.09 -20.80 
26.3477 5.4980 2.2329 48.63 9.38 57.42 56.54 -24.02 -38.38 
25.1603 5.8359 1.5075 47.46 12.01 57.42 56.54 -25.20 -43.65 
25.3478 6.3825 0.2005 47.46 12.30 57.71 56.54 -30.76 -43.07 
25.7977 4.4502 3.0409 47.75 11.43 62.70 56.54 -30.47 -43.07 
25.5727 3.8826 6.2293 51.27 9.67 65.33 56.54 -30.76 -43.07 
24.1979 2.1624 14.2545 63.57 10.25 68.85 56.54 -30.47 -43.07 
25.9227 3.0130 7.3298 53.32 10.25 68.85 56.54 -35.16 -43.36 
26.5726 3.0971 3.7578 49.22 11.43 68.55 56.54 -36.91 -43.36 
26.4726 4.2712 -0.3825 44.24 12.01 65.92 56.84 -37.50 -43.36 
26.4726 4.1309 -0.4775 43.65 12.30 65.33 56.54 -37.50 -43.36 
26.5726 2.7709 4.0380 50.10 13.48 65.92 56.54 -34.57 -43.07 
26.0352 1.8821 8.8008 55.96 13.48 67.97 56.54 -34.28 -43.07 
25.7477 1.6996 9.7518 58.30 13.48 68.55 56.54 -34.28 -43.36 
25.3478 0.1119 13.9801 65.62 17.29 70.02 56.54 -36.04 -43.36 
25.8727 -1.5565 14.0813 65.62 20.51 70.02 56.54 -34.57 -43.36 
27.3101 -2.9066 11.1993 61.23 23.44 70.02 56.54 -34.57 -43.07 
28.3474 -3.2909 8.5913 57.42 21.97 70.02 56.54 -34.86 -41.02 
29.5098 -3.6337 5.5576 53.61 21.09 70.02 56.54 -35.74 -38.09 
29.7598 -3.2556 4.0582 51.27 19.92 70.02 56.54 -36.33 -37.50 
31.1971 -4.1470 0.8411 47.75 18.46 70.02 56.54 -38.38 -31.35 
31.4596 -3.6241 0.5142 47.46 15.82 70.02 56.54 -39.84 -29.59 
32.0845 -4.1107 0.2201 47.75 14.36 70.02 56.54 -41.89 -26.37 
31.7221 -4.1124 5.6960 54.20 14.36 70.02 56.54 -40.72 -26.37 
31.6346 -3.2755 6.3277 55.96 12.60 70.02 56.54 -42.77 -26.37 
32.4470 -2.7689 4.7600 55.66 10.25 70.02 53.03 -44.24 -26.37 
33.5344 -2.3284 3.8181 58.89 6.45 69.73 43.65 -44.53 -26.37 
34.6218 -2.2231 4.8472 65.92 2.93 69.73 35.16 -44.24 -26.37 
34.3718 -2.3814 7.1876 70.61 2.64 70.02 34.57 -43.95 -26.37 
33.8718 -3.0963 11.7922 75.29 2.93 71.48 34.57 -43.65 -26.37 
33.7719 -2.8286 11.8304 75.29 2.64 71.78 34.57 -44.24 -26.37 
33.2094 -2.9550 13.8898 77.05 2.64 71.78 34.57 -41.60 -26.37 
32.7970 -1.4203 13.4994 77.05 0.88 70.90 34.57 -40.14 -26.37 
32.4845 1.2529 11.2175 75.00 -1.17 68.85 34.57 -39.84 -26.37 
32.6470 4.4021 3.8098 66.21 -3.22 63.87 34.86 -38.96 -26.07 
32.8220 4.4293 -0.1759 61.82 -2.64 62.99 34.86 -40.14 -26.37 
33.4219 2.8906 -1.0346 60.94 0.29 62.99 34.86 -41.31 -26.37 
34.5343 -0.7736 -1.6149 60.94 5.27 62.99 34.57 -42.19 -26.37 
35.0717 -2.5282 -2.2209 60.94 7.91 63.28 34.57 -44.24 -26.37 
35.5967 -5.8934 -1.3856 60.94 10.84 65.33 34.57 -44.53 -26.37 
35.9216 -8.7054 1.2257 62.40 12.60 69.43 34.86 -44.82 -26.37 
35.6842 -10.4880 7.1658 67.97 12.89 73.54 34.86 -44.82 -26.37 
35.5592 -12.6895 9.2767 70.61 15.53 74.71 34.86 -44.82 -26.37 
35.5967 -19.7930 10.8652 72.95 24.02 74.41 34.86 -45.12 -26.37 
35.3092 -21.4868 10.8185 72.66 26.66 74.41 34.57 -45.12 -26.37 
36.0341 -21.8100 6.2658 68.55 29.00 70.90 34.86 -45.12 -26.37 
36.3966 -18.6996 1.1550 64.75 26.95 67.97 34.86 -45.41 -26.37 
36.4466 -14.9073 0.1843 64.45 23.44 65.62 34.57 -45.12 -26.37 
36.1216 -10.4470 -0.4182 64.45 18.46 63.28 34.86 -45.41 -26.37 
35.4967 -5.5815 -0.4169 64.45 12.60 62.11 34.86 -45.12 -26.37 
34.5718 -1.2803 -0.3297 64.45 7.32 61.23 34.86 -46.29 -26.37 
33.2594 3.2497 -0.2567 64.45 1.46 60.06 34.86 -46.29 -26.37 
31.8721 6.6069 1.0499 64.45 -3.22 60.06 35.74 -46.29 -26.37 
30.3222 8.0868 4.2495 64.45 -3.81 60.94 41.02 -46.29 -26.37 
29.8348 7.5390 8.6241 68.26 -5.86 63.28 41.02 -46.29 -26.37 
29.5723 6.0121 12.7321 74.12 -4.69 66.50 41.02 -46.29 -26.37 
31.6471 0.3317 -2.5447 55.08 17.87 55.96 54.49 -44.53 -26.37 
32.4220 -2.4781 -3.1084 52.73 19.34 61.23 54.49 -50.10 -26.37 
33.0094 -4.7901 1.0892 54.79 18.46 66.21 54.49 -50.10 -26.37 
33.7969 -5.4311 0.0820 55.66 17.29 65.92 48.93 -50.10 -26.37 
36.2466 -7.2043 0.5216 65.04 12.60 65.33 33.11 -50.10 -26.37 
37.3215 -7.4962 1.2099 73.24 7.91 65.33 21.97 -50.10 -26.37 
37.3965 -9.3097 4.2238 76.17 9.08 68.85 21.39 -50.10 -26.37 
37.6714 -14.5918 8.0316 81.74 12.60 72.07 18.16 -50.39 -26.37 
37.7589 -19.1642 8.0200 82.03 18.16 72.07 18.16 -52.15 -26.37 
37.5715 -24.4058 7.6304 82.03 24.02 72.07 18.16 -53.03 -26.37 
38.2464 -25.5219 4.9229 79.69 24.32 72.07 18.16 -53.32 -26.37 
37.6839 -10.5647 -4.5156 65.92 7.32 72.07 18.16 -39.84 -26.37 
37.2465 -6.7624 -3.1833 65.92 2.34 72.07 18.16 -39.84 -26.37 
36.7215 -3.6615 -2.4272 65.92 -1.46 73.24 18.16 -39.84 -26.37 
35.7716 -0.1407 -1.0834 66.80 -6.45 73.54 18.16 -39.84 -26.07 
34.7218 3.0004 3.4467 72.07 -10.84 73.54 18.16 -40.14 -26.37 
33.6719 6.0388 3.6909 72.36 -13.77 73.54 18.16 -41.60 -26.37 
31.5846 8.4231 11.2363 83.20 -16.70 73.54 18.16 -41.60 -26.07 
32.4345 6.1893 13.3908 85.55 -13.48 73.54 18.16 -41.89 -26.37 
32.7595 3.3477 14.6399 85.55 -9.67 75.29 21.39 -42.19 -26.37 
33.7719 -5.0068 18.1116 85.55 2.34 77.34 25.78 -43.36 -26.37 
34.3718 -9.5219 17.6666 85.55 7.32 77.34 25.78 -43.95 -26.37 
35.3217 -12.9579 15.7323 82.91 11.72 77.34 25.78 -44.24 -26.37 
36.4841 -15.5359 10.8625 77.93 14.94 77.34 25.78 -45.12 -26.37 
37.3465 -15.6991 3.3846 70.31 16.11 75.00 25.78 -45.12 -26.37 
37.2965 -13.1728 -2.6643 63.57 14.36 72.66 25.78 -45.12 -26.37 
35.3967 -5.0139 -3.7685 60.06 7.62 70.02 30.18 -45.12 -30.76 
34.0468 -1.9195 -0.0468 60.06 5.27 70.02 34.57 -44.53 -30.76 
31.6221 1.3340 4.3229 60.06 2.93 70.61 43.65 -44.53 -30.76 
29.7723 3.8158 5.8276 60.06 2.93 66.80 48.93 -44.53 -31.35 
29.6098 5.7412 -0.1632 56.54 6.15 59.77 48.93 -44.82 -31.35 
29.6223 5.8683 -1.8104 55.66 7.91 57.42 48.93 -44.53 -31.35 
28.2600 6.6982 0.5283 55.66 8.79 57.42 54.49 -44.82 -31.93 
27.9225 5.8998 5.7392 60.94 8.79 59.47 54.49 -44.82 -31.93 
27.4600 4.4713 11.1500 67.38 8.50 63.57 54.49 -44.53 -31.93 
26.3852 3.2039 16.1622 74.12 9.08 66.80 54.49 -44.82 -32.23 
27.4225 6.7424 6.7009 64.45 8.79 59.18 54.49 -44.82 -33.11 
27.3101 8.6236 1.2315 60.35 9.08 54.20 54.49 -44.82 -33.11 
27.0976 9.2668 -1.2775 58.30 9.96 51.56 54.49 -44.82 -33.11 
29.0599 5.1232 1.0182 58.01 12.60 58.01 54.49 -46.58 -33.11 
29.8973 1.5776 4.0097 58.30 14.65 62.70 54.49 -46.88 -33.11 
30.5722 -1.4062 6.3411 60.64 17.87 65.92 54.49 -46.88 -33.11 
31.3346 -4.6109 6.7180 60.64 22.27 67.38 54.49 -46.88 -33.11 
31.7846 -8.2186 7.5766 60.64 26.66 70.02 54.49 -46.88 -33.11 
32.0970 -10.9348 7.8060 60.64 30.18 71.48 54.49 -47.17 -33.11 
32.1220 -14.3100 8.8379 60.64 33.69 74.41 54.49 -47.46 -33.11 
32.5845 -17.1570 6.8517 58.59 37.79 74.71 54.49 -47.75 -33.11 
32.8345 -19.3720 3.1626 53.61 40.43 75.88 54.49 -50.10 -33.11 
32.9844 -19.0245 0.5234 50.98 40.14 75.88 54.49 -49.80 -33.11 
32.8720 -17.2791 -1.6239 48.34 37.50 75.29 54.49 -48.93 -33.11 
32.8470 -13.9125 -1.9641 47.46 32.23 74.71 54.49 -47.46 -33.11 
32.5470 -10.4801 -1.4319 47.46 26.37 74.71 54.49 -47.46 -32.52 
32.2720 -7.5439 -0.9100 47.46 21.68 74.71 54.49 -47.46 -32.52 
31.6721 -4.2690 -0.3557 47.46 15.23 74.41 54.49 -47.75 -32.23 
30.9222 -0.7382 0.4093 47.46 8.79 74.12 54.49 -47.75 -31.93 
29.8973 2.6498 0.6636 47.46 4.10 72.07 54.49 -48.05 -31.64 
28.6974 5.9572 0.4496 47.46 -0.59 68.85 54.49 -48.63 -31.35 
26.1227 10.7774 4.3991 53.32 -6.15 64.75 54.49 -48.63 -31.35 
26.8101 4.6538 13.3326 64.75 -1.46 72.66 54.49 -48.63 -31.35 
23.6479 8.6540 18.0980 75.00 -2.93 69.14 54.49 -48.05 -31.64 
23.9729 9.4564 16.9940 74.71 -1.46 65.92 54.49 -48.05 -31.64 
25.1978 9.2228 13.9131 73.54 2.64 62.11 54.49 -48.05 -31.93 
26.6476 6.8551 11.4514 70.90 5.86 62.11 54.49 -48.05 -31.93 
27.5475 5.6531 9.9898 70.31 9.96 60.06 54.49 -48.05 -31.93 
28.9599 3.5969 7.4098 67.38 13.48 59.47 54.49 -48.05 -31.93 
29.8223 1.7385 6.7363 66.80 16.99 59.47 54.49 -48.05 -31.64 
31.1596 -0.9734 3.0381 62.70 21.09 59.47 54.49 -48.93 -31.93 
31.7471 -2.9452 -1.6564 56.25 24.61 59.47 54.49 -47.46 -31.64 
28.0225 1.5871 -0.3151 38.09 9.08 71.78 67.38 -45.12 -30.47 
26.9851 2.2189 0.6130 33.98 7.03 73.24 71.19 -45.12 -30.47 
25.8602 2.8748 4.3042 36.91 5.27 73.24 74.41 -45.12 -30.47 
24.0729 5.3189 8.2412 40.43 -2.64 73.24 74.41 -46.58 -30.47 
24.3979 4.2399 9.6877 50.10 7.91 70.90 74.41 -48.05 -30.47 
23.2605 6.4255 11.2634 65.62 19.04 60.06 74.41 -50.39 -30.76 
23.4480 6.9709 9.0981 75.29 26.95 50.39 74.41 -51.56 -33.69 
22.5606 5.1249 13.6732 80.27 28.71 53.91 74.41 -49.22 -33.98 
35.3342 -5.9836 18.6730 111.33 3.52 51.56 1.46 -48.93 -31.64 
36.5966 -9.8687 15.8504 108.40 3.52 51.27 -2.93 -45.12 -29.59 
36.5716 -9.6593 16.3404 109.86 2.93 51.86 -5.57 -47.75 -29.59 
36.2841 -11.5453 19.0500 118.65 0.29 50.10 -14.06 -48.93 -29.59 
36.2716 -11.4331 18.5165 117.77 0.29 50.10 -14.06 -48.93 -29.59 
36.2466 -11.4936 18.4361 118.07 0.29 50.10 -14.06 -49.22 -29.59 
36.2341 -11.3424 18.4966 117.77 0.29 50.10 -14.06 -49.22 -29.59 
36.1091 -10.6953 18.4112 117.77 0.29 50.10 -14.06 -48.93 -29.59 
36.1966 -9.6782 18.0260 117.77 -1.46 50.10 -14.06 -48.93 -29.59 
36.1216 -8.1196 17.6381 117.77 -2.93 50.10 -14.06 -50.68 -29.59 
35.9716 -6.2939 17.1585 117.77 -4.69 50.10 -14.06 -51.56 -29.59 
35.9716 -5.6781 17.5662 116.60 -5.86 50.10 -14.06 -47.46 -29.59 
36.0091 -4.6687 15.7199 115.14 -6.74 50.39 -14.06 -47.46 -29.59 
35.6842 -2.7065 15.7143 115.14 -8.79 50.98 -14.06 -46.58 -29.59 
35.4342 -2.0712 15.7584 115.14 -9.67 50.98 -14.06 -46.29 -29.59 
35.2717 -0.9233 15.5534 115.14 -10.84 50.98 -14.06 -46.29 -29.59 
34.9092 0.4127 15.3545 115.14 -12.60 51.27 -14.06 -46.29 -29.59 
35.0842 0.0109 15.5497 115.14 -12.30 51.56 -14.06 -44.53 -29.59 
34.7968 0.1477 16.6611 115.14 -12.60 51.56 -14.06 -39.84 -29.59 
34.6218 0.4829 16.3247 115.14 -12.89 51.56 -14.06 -41.60 -29.59 
34.9217 -0.0535 16.5062 114.84 -12.30 51.56 -14.06 -39.55 -29.59 
35.1967 -1.1216 16.1414 112.50 -11.13 51.56 -14.06 -35.45 -29.59 
35.2467 -1.8669 16.9228 112.50 -10.84 51.56 -14.06 -31.93 -29.59 
36.6716 -2.6191 14.5573 109.57 -10.84 51.56 -14.06 -32.23 -26.95 
37.7089 -5.2457 13.0157 108.69 -10.84 51.56 -14.06 -35.16 -20.80 
37.9464 -6.9633 12.3732 108.69 -11.13 51.56 -14.06 -34.86 -16.99 
37.9964 -6.5285 11.8704 108.69 -11.43 51.56 -14.06 -36.91 -16.99 
38.2714 -8.1530 11.8022 108.69 -9.38 51.56 -14.06 -38.09 -16.99 
39.4088 -9.5203 4.3103 101.66 -7.91 51.56 -14.06 -40.72 -16.99 
39.1088 -7.3016 2.5544 97.56 -10.84 51.56 -14.06 -38.96 -17.29 
38.8088 -4.7687 2.7413 97.56 -13.18 51.56 -14.06 -38.09 -16.99 
38.6088 -3.8496 3.3401 97.56 -14.36 51.56 -14.06 -35.74 -16.99 
38.2839 -2.2789 5.5777 97.56 -14.36 51.56 -8.50 -34.28 -16.99 
37.5965 -1.0741 7.1780 97.56 -14.65 51.56 -7.62 -33.69 -16.99 
36.6466 -0.6693 12.1024 103.71 -14.94 51.56 -7.62 -31.35 -17.29 
36.6591 -1.9864 13.7079 105.18 -13.48 51.56 -6.45 -31.05 -16.99 
35.7467 -1.7880 16.8995 106.35 -12.01 51.56 -3.22 -28.42 -16.99 
35.3217 0.4539 16.3747 106.35 -14.36 51.56 -3.22 -25.78 -16.99 
35.2842 1.7767 15.6068 106.35 -16.41 51.56 -3.22 -27.25 -15.82 
36.1091 0.5018 14.2990 106.35 -17.29 51.56 -3.22 -28.42 -10.84 
37.6589 0.3898 8.6488 100.49 -17.29 51.56 -3.22 -35.45 -11.13 
37.0465 1.9955 5.5682 96.39 -19.04 51.56 -3.22 -36.04 -10.84 
36.9590 3.4319 2.0743 91.99 -20.51 51.56 -3.22 -36.62 -11.13 
36.0841 5.6645 0.2739 89.94 -23.14 51.56 -3.22 -36.04 -11.13 
35.3467 7.6102 0.5092 89.94 -24.02 51.56 -3.22 -35.74 -13.77 
34.7593 9.0570 0.7799 89.65 -24.32 51.56 -3.22 -35.74 -15.53 
34.6968 9.0910 2.5959 89.65 -24.90 51.56 1.17 -38.09 -12.01 
36.3966 9.5571 4.9505 91.99 -24.32 51.56 2.93 -39.84 -11.43 
33.6719 10.7254 6.4045 93.75 -26.07 51.56 2.93 -41.60 -11.13 
33.3969 11.5265 6.2104 93.75 -26.95 51.56 2.93 -42.48 -11.13 
33.6969 11.3069 6.2817 93.75 -27.83 51.56 2.93 -41.31 -8.50 
32.8345 11.8431 7.7094 93.75 -27.54 51.56 6.74 -40.14 -8.50 
33.0469 11.5479 8.7037 93.75 -26.37 51.56 7.91 -38.09 -8.20 
33.2594 10.4313 9.6423 94.04 -24.32 51.56 9.08 -36.91 -8.50 
33.4344 9.3092 11.3963 96.39 -23.14 51.56 9.08 -35.74 -8.20 
33.7969 8.0784 11.7720 96.68 -21.68 51.56 9.08 -35.16 -8.50 
32.9969 7.2903 15.7038 101.95 -20.80 51.56 9.08 -33.11 -8.50 
33.1094 7.1992 16.3839 102.54 -20.51 51.56 9.08 -32.52 -8.50 
33.1344 7.2015 16.2647 102.54 -20.51 51.56 9.08 -32.81 -8.50 
33.3344 7.3550 15.8266 102.54 -20.51 51.56 9.08 -32.81 -8.50 
33.8219 7.1605 13.6721 100.20 -20.51 51.56 9.08 -33.40 -8.50 
34.3718 6.4140 12.3318 98.73 -19.63 51.56 9.08 -33.11 -8.50 
34.8467 5.9579 10.3620 96.09 -19.04 51.56 9.08 -33.69 -8.50 
35.3592 6.2801 6.9850 91.70 -19.34 51.56 9.08 -34.57 -8.50 
34.9842 7.0659 5.8067 89.65 -20.51 51.56 9.08 -35.74 -8.50 
34.0968 9.5720 5.5397 89.65 -23.14 51.56 9.08 -37.50 -8.50 
33.3969 11.3999 5.3469 89.65 -25.49 51.56 9.08 -38.09 -8.50 
32.8345 12.8455 5.2212 89.65 -27.25 51.56 9.08 -38.09 -8.50 
32.2845 13.7587 5.2199 89.65 -28.12 51.56 9.08 -38.09 -8.50 
32.1220 14.4465 5.1584 89.65 -28.71 51.56 9.08 -38.09 -8.50 
31.8846 14.6535 5.2180 89.65 -29.30 51.56 9.08 -38.09 -8.50 
31.9846 14.7638 5.2176 89.65 -29.59 51.56 9.08 -38.09 -8.50 
32.2470 14.1219 5.2189 89.65 -28.71 51.56 9.08 -38.09 -8.50 
32.5095 13.4107 5.5219 89.65 -27.83 51.56 9.08 -38.09 -8.50 
32.8845 12.6739 5.8304 89.65 -26.95 51.56 9.08 -38.09 -8.50 
32.6970 12.2340 7.9427 92.58 -26.66 51.56 9.08 -36.04 -8.50 
32.5470 12.4406 9.0782 93.75 -26.66 51.56 9.08 -36.04 -8.50 
32.0595 12.3480 10.8059 96.68 -26.95 51.56 9.08 -34.28 -8.50 
31.4971 12.5558 14.5331 101.95 -26.95 51.56 9.08 -31.35 -8.50 
32.0220 12.4887 15.6383 102.54 -26.95 51.56 9.08 -30.76 -8.50 
30.7222 12.3373 16.1958 103.42 -26.66 51.56 9.08 -29.00 -8.50 
30.3972 13.0296 16.7148 103.71 -26.07 51.56 9.08 -29.88 -10.55 
31.2221 12.3027 16.6394 103.71 -24.90 51.56 9.08 -29.88 -10.55 
34.5968 4.4658 12.9563 98.44 -14.65 51.56 9.08 -32.23 -13.48 
37.1840 -3.7833 12.1717 96.68 -6.74 51.56 9.08 -32.52 -13.48 
