nan
0.21542788
0.0995696
0.06915312
0.05799099
0.0551703
0.053280223
0.05193147
0.050794683
0.049772076
0.04890721
0.048179682
0.047544833
0.046961445
0.046418756
0.045849185
0.045282092
0.04456306
0.04380551
0.04316763
0.04246907
0.041742653
0.041006498
0.04020219
0.03936342
0.038462173
0.03748528
0.036584355
0.035705205
0.03486211
0.034062043
0.03328098
0.032574993
0.03197374
0.031411562
0.030952051
0.030545104
0.030205086
0.029932993
0.029697046
0.02950751
0.029301925
0.02913595
0.028979035
0.028849484
0.02873246
0.028630136
0.028543923
0.028451664
0.028385539
